time/s      E/V        I/A
0.00000E+00 -1.50000E-01 5.79175E-07  -1.49413E-01
6.71141E-02 -1.48000E-01 5.89772E-07  -1.47586E-01
1.34228E-01 -1.46000E-01 5.96683E-07  -1.45455E-01
2.01342E-01 -1.44000E-01 6.02520E-07  -1.43628E-01
2.68456E-01 -1.42000E-01 6.09891E-07  -1.41649E-01
3.35570E-01 -1.40000E-01 6.16035E-07  -1.39518E-01
4.02685E-01 -1.38000E-01 6.21103E-07  -1.37539E-01
4.69799E-01 -1.36000E-01 6.27707E-07  -1.35561E-01
5.36913E-01 -1.34000E-01 6.33389E-07  -1.33582E-01
6.04027E-01 -1.32000E-01 6.37843E-07  -1.31603E-01
6.71141E-01 -1.30000E-01 6.44754E-07  -1.29624E-01
7.38255E-01 -1.28000E-01 6.50283E-07  -1.27493E-01
8.05369E-01 -1.26000E-01 6.55198E-07  -1.25514E-01
8.72483E-01 -1.24000E-01 6.61187E-07  -1.23687E-01
9.39597E-01 -1.22000E-01 6.66409E-07  -1.21556E-01
1.00671E+00 -1.20000E-01 6.70402E-07  -1.19577E-01
1.07383E+00 -1.18000E-01 6.76699E-07  -1.17598E-01
1.14094E+00 -1.16000E-01 6.81921E-07  -1.15620E-01
1.20805E+00 -1.14000E-01 6.85760E-07  -1.13488E-01
1.27517E+00 -1.12000E-01 6.89907E-07  -1.11510E-01
1.34228E+00 -1.10000E-01 6.97586E-07  -1.09531E-01
1.40940E+00 -1.08000E-01 7.02500E-07  -1.07552E-01
1.47651E+00 -1.06000E-01 7.07108E-07  -1.05421E-01
1.54362E+00 -1.04000E-01 7.11562E-07  -1.03594E-01
1.61074E+00 -1.02000E-01 7.18473E-07  -1.01615E-01
1.67785E+00 -1.00000E-01 7.22773E-07  -9.96364E-02
1.74497E+00 -9.80000E-02 7.28148E-07  -9.75053E-02
1.81208E+00 -9.60000E-02 7.32295E-07  -9.55264E-02
1.87919E+00 -9.40000E-02 7.38745E-07  -9.35475E-02
1.94631E+00 -9.20000E-02 7.43660E-07  -9.15687E-02
2.01342E+00 -9.00000E-02 7.47807E-07  -8.95898E-02
2.08054E+00 -8.80000E-02 7.53796E-07  -8.74587E-02
2.14765E+00 -8.60000E-02 7.58557E-07  -8.56321E-02
2.21477E+00 -8.40000E-02 7.62857E-07  -8.36532E-02
2.28188E+00 -8.20000E-02 7.68847E-07  -8.16743E-02
2.34899E+00 -8.00000E-02 7.73301E-07  -7.95432E-02
2.41611E+00 -7.80000E-02 7.77294E-07  -7.75643E-02
2.48322E+00 -7.60000E-02 7.82823E-07  -7.55855E-02
2.55034E+00 -7.40000E-02 7.87430E-07  -7.36066E-02
2.61745E+00 -7.20000E-02 7.91116E-07  -7.14755E-02
2.68456E+00 -7.00000E-02 7.96952E-07  -6.94966E-02
2.75168E+00 -6.80000E-02 8.01560E-07  -6.75178E-02
2.81879E+00 -6.60000E-02 8.05399E-07  -6.55389E-02
2.88591E+00 -6.40000E-02 8.10775E-07  -6.35600E-02
2.95302E+00 -6.20000E-02 8.15382E-07  -6.15811E-02
3.02013E+00 -6.00000E-02 8.19375E-07  -5.96023E-02
3.08725E+00 -5.80000E-02 8.24597E-07  -5.74712E-02
3.15436E+00 -5.60000E-02 8.29051E-07  -5.54923E-02
3.22148E+00 -5.40000E-02 8.33044E-07  -5.35134E-02
3.28859E+00 -5.20000E-02 8.38112E-07  -5.15346E-02
3.35570E+00 -5.00000E-02 8.42566E-07  -4.95557E-02
3.42282E+00 -4.80000E-02 8.46712E-07  -4.75768E-02
3.48993E+00 -4.60000E-02 8.51627E-07  -4.55979E-02
3.55705E+00 -4.40000E-02 8.55927E-07  -4.36191E-02
3.62416E+00 -4.20000E-02 8.60074E-07  -4.16402E-02
3.69128E+00 -4.00000E-02 8.64988E-07  -3.95091E-02
3.75839E+00 -3.80000E-02 8.69135E-07  -3.75302E-02
3.82550E+00 -3.60000E-02 8.73742E-07  -3.55514E-02
3.89262E+00 -3.40000E-02 8.78503E-07  -3.34203E-02
3.95973E+00 -3.20000E-02 8.82650E-07  -3.14414E-02
4.02685E+00 -3.00000E-02 8.86950E-07  -2.94625E-02
4.09396E+00 -2.80000E-02 8.91558E-07  -2.74836E-02
4.16107E+00 -2.60000E-02 8.95704E-07  -2.55048E-02
4.22819E+00 -2.40000E-02 9.00005E-07  -2.35259E-02
4.29530E+00 -2.20000E-02 9.04919E-07  -2.15470E-02
4.36242E+00 -2.00000E-02 9.08452E-07  -1.94159E-02
4.42953E+00 -1.80000E-02 9.12905E-07  -1.75893E-02
4.49664E+00 -1.60000E-02 9.17974E-07  -1.57626E-02
4.56376E+00 -1.40000E-02 9.21506E-07  -1.37838E-02
4.63087E+00 -1.20000E-02 9.25806E-07  -1.18049E-02
4.69799E+00 -1.00000E-02 9.30721E-07  -9.67379E-03
4.76510E+00 -8.00000E-03 9.34560E-07  -7.69492E-03
4.83221E+00 -6.00000E-03 9.38707E-07  -5.86827E-03
4.89933E+00 -4.00000E-03 9.43468E-07  -3.73718E-03
4.96644E+00 -2.00000E-03 9.47307E-07  -1.75830E-03
5.03356E+00 3.11708E-18  9.51454E-07  2.20568E-04 
5.10067E+00 2.00000E-03  9.56215E-07  2.35166E-03 
5.16779E+00 4.00000E-03  9.59747E-07  4.33053E-03 
5.23490E+00 6.00000E-03  9.64508E-07  6.30941E-03 
5.30201E+00 8.00000E-03  9.68962E-07  8.28828E-03 
5.36913E+00 1.00000E-02  9.72648E-07  1.04194E-02 
5.43624E+00 1.20000E-02  9.76948E-07  1.22460E-02 
5.50336E+00 1.40000E-02  9.81709E-07  1.42249E-02 
5.57047E+00 1.60000E-02  9.85395E-07  1.63560E-02 
5.63758E+00 1.80000E-02  9.89542E-07  1.83349E-02 
5.70470E+00 2.00000E-02  9.94610E-07  2.03137E-02 
5.77181E+00 2.20000E-02  9.97989E-07  2.22926E-02 
5.83893E+00 2.40000E-02  1.00229E-06  2.42715E-02 
5.90604E+00 2.60000E-02  1.00674E-06  2.62504E-02 
5.97315E+00 2.80000E-02  1.01043E-06  2.83814E-02 
6.04027E+00 3.00000E-02  1.01473E-06  3.03603E-02 
6.10738E+00 3.20000E-02  1.01995E-06  3.21870E-02 
6.17450E+00 3.40000E-02  1.02287E-06  3.43181E-02 
6.24161E+00 3.60000E-02  1.02686E-06  3.62969E-02 
6.30872E+00 3.80000E-02  1.03239E-06  3.82758E-02 
6.37584E+00 4.00000E-02  1.03562E-06  4.04069E-02 
6.44295E+00 4.20000E-02  1.03961E-06  4.23858E-02 
6.51007E+00 4.40000E-02  1.04529E-06  4.43646E-02 
6.57718E+00 4.60000E-02  1.04821E-06  4.63435E-02 
6.64430E+00 4.80000E-02  1.05220E-06  4.84746E-02 
6.71141E+00 5.00000E-02  1.05789E-06  5.04535E-02 
6.77852E+00 5.20000E-02  1.06080E-06  5.24324E-02 
6.84564E+00 5.40000E-02  1.06464E-06  5.44112E-02 
6.91275E+00 5.60000E-02  1.07063E-06  5.63901E-02 
6.97987E+00 5.80000E-02  1.07324E-06  5.83690E-02 
7.04698E+00 6.00000E-02  1.07739E-06  6.03478E-02 
7.11409E+00 6.20000E-02  1.08353E-06  6.21745E-02 
7.18121E+00 6.40000E-02  1.08614E-06  6.43056E-02 
7.24832E+00 6.60000E-02  1.09029E-06  6.62845E-02 
7.31544E+00 6.80000E-02  1.09613E-06  6.82633E-02 
7.38255E+00 7.00000E-02  1.09858E-06  7.02422E-02 
7.44966E+00 7.20000E-02  1.10304E-06  7.22211E-02 
7.51678E+00 7.40000E-02  1.10887E-06  7.42000E-02 
7.58389E+00 7.60000E-02  1.11102E-06  7.63310E-02 
7.65101E+00 7.80000E-02  1.11594E-06  7.83099E-02 
7.71812E+00 8.00000E-02  1.12193E-06  8.02888E-02 
7.78523E+00 8.20000E-02  1.12392E-06  8.24199E-02 
7.85235E+00 8.40000E-02  1.12869E-06  8.43988E-02 
7.91946E+00 8.60000E-02  1.13498E-06  8.63776E-02 
7.98658E+00 8.80000E-02  1.13713E-06  8.83565E-02 
8.05369E+00 9.00000E-02  1.14205E-06  9.03354E-02 
8.12081E+00 9.20000E-02  1.14758E-06  9.23142E-02 
8.18792E+00 9.40000E-02  1.14880E-06  9.42931E-02 
8.25503E+00 9.60000E-02  1.15694E-06  9.64242E-02 
8.32215E+00 9.80000E-02  1.16032E-06  9.84031E-02 
8.38926E+00 1.00000E-01  1.16247E-06  1.00382E-01 
8.45638E+00 1.02000E-01  1.16862E-06  1.02361E-01 
8.52349E+00 1.04000E-01  1.17322E-06  1.04340E-01 
8.59060E+00 1.06000E-01  1.17645E-06  1.06319E-01 
8.65772E+00 1.08000E-01  1.18136E-06  1.08450E-01 
8.72483E+00 1.10000E-01  1.18505E-06  1.10276E-01 
8.79195E+00 1.12000E-01  1.19058E-06  1.12255E-01 
8.85906E+00 1.14000E-01  1.19503E-06  1.14386E-01 
8.92617E+00 1.16000E-01  1.19749E-06  1.16365E-01 
8.99329E+00 1.18000E-01  1.20440E-06  1.18344E-01 
9.06040E+00 1.20000E-01  1.20870E-06  1.20323E-01 
9.12752E+00 1.22000E-01  1.20978E-06  1.22454E-01 
9.19463E+00 1.24000E-01  1.21761E-06  1.24433E-01 
9.26174E+00 1.26000E-01  1.22298E-06  1.26412E-01 
9.32886E+00 1.28000E-01  1.22314E-06  1.28391E-01 
9.39597E+00 1.30000E-01  1.23143E-06  1.30369E-01 
9.46309E+00 1.32000E-01  1.23665E-06  1.32348E-01 
9.53020E+00 1.34000E-01  1.23589E-06  1.34479E-01 
9.59732E+00 1.36000E-01  1.24587E-06  1.36458E-01 
9.66443E+00 1.38000E-01  1.25063E-06  1.38285E-01 
9.73154E+00 1.40000E-01  1.24879E-06  1.40112E-01 
9.79866E+00 1.42000E-01  1.25938E-06  1.42091E-01 
9.86577E+00 1.44000E-01  1.26491E-06  1.44069E-01 
9.93289E+00 1.46000E-01  1.26261E-06  1.46200E-01 
1.00000E+01 1.48000E-01  1.27459E-06  1.48179E-01 
1.00671E+01 1.50000E-01  1.27873E-06  1.50006E-01 
1.01342E+01 1.52000E-01  1.27704E-06  1.52137E-01 
1.02013E+01 1.54000E-01  1.28902E-06  1.54116E-01 
1.02685E+01 1.56000E-01  1.29348E-06  1.56095E-01 
1.03356E+01 1.58000E-01  1.29087E-06  1.58226E-01 
1.04027E+01 1.60000E-01  1.30484E-06  1.60053E-01 
1.04698E+01 1.62000E-01  1.30715E-06  1.62184E-01 
1.05369E+01 1.64000E-01  1.30484E-06  1.64163E-01 
1.06040E+01 1.66000E-01  1.31882E-06  1.66141E-01 
1.06711E+01 1.68000E-01  1.32266E-06  1.68120E-01 
1.07383E+01 1.70000E-01  1.32005E-06  1.70099E-01 
1.08054E+01 1.72000E-01  1.33479E-06  1.72078E-01 
1.08725E+01 1.74000E-01  1.33802E-06  1.74209E-01 
1.09396E+01 1.76000E-01  1.33448E-06  1.76188E-01 
1.10067E+01 1.78000E-01  1.35061E-06  1.78167E-01 
1.10738E+01 1.80000E-01  1.35368E-06  1.80146E-01 
1.11409E+01 1.82000E-01  1.35015E-06  1.82125E-01 
1.12081E+01 1.84000E-01  1.36597E-06  1.84256E-01 
1.12752E+01 1.86000E-01  1.37042E-06  1.86235E-01 
1.13423E+01 1.88000E-01  1.36566E-06  1.88061E-01 
1.14094E+01 1.90000E-01  1.38071E-06  1.90192E-01 
1.14765E+01 1.92000E-01  1.38655E-06  1.92171E-01 
1.15436E+01 1.94000E-01  1.38317E-06  1.94150E-01 
1.16107E+01 1.96000E-01  1.39730E-06  1.96129E-01 
1.16779E+01 1.98000E-01  1.40267E-06  1.98260E-01 
1.17450E+01 2.00000E-01  1.40022E-06  2.00239E-01 
1.18121E+01 2.02000E-01  1.41435E-06  2.02218E-01 
1.18792E+01 2.04000E-01  1.41818E-06  2.04349E-01 
1.19463E+01 2.06000E-01  1.41711E-06  2.06328E-01 
1.20134E+01 2.08000E-01  1.42878E-06  2.08154E-01 
1.20805E+01 2.10000E-01  1.43493E-06  2.10285E-01 
1.21477E+01 2.12000E-01  1.43385E-06  2.12264E-01 
1.22148E+01 2.14000E-01  1.44568E-06  2.14243E-01 
1.22819E+01 2.16000E-01  1.44921E-06  2.16222E-01 
1.23490E+01 2.18000E-01  1.45167E-06  2.18201E-01 
1.24161E+01 2.20000E-01  1.46411E-06  2.20180E-01 
1.24832E+01 2.22000E-01  1.46533E-06  2.22159E-01 
1.25503E+01 2.24000E-01  1.46841E-06  2.24290E-01 
1.26174E+01 2.26000E-01  1.48146E-06  2.26116E-01 
1.26846E+01 2.28000E-01  1.48131E-06  2.28095E-01 
1.27517E+01 2.30000E-01  1.48438E-06  2.30226E-01 
1.28188E+01 2.32000E-01  1.49789E-06  2.32053E-01 
1.28859E+01 2.34000E-01  1.49728E-06  2.34184E-01 
1.29530E+01 2.36000E-01  1.50035E-06  2.36163E-01 
1.30201E+01 2.38000E-01  1.51387E-06  2.38142E-01 
1.30872E+01 2.40000E-01  1.51325E-06  2.40273E-01 
1.31544E+01 2.42000E-01  1.51678E-06  2.42252E-01 
1.32215E+01 2.44000E-01  1.52892E-06  2.44231E-01 
1.32886E+01 2.46000E-01  1.52876E-06  2.46210E-01 
1.33557E+01 2.48000E-01  1.53414E-06  2.48189E-01 
1.34228E+01 2.50000E-01  1.54458E-06  2.50167E-01 
1.34899E+01 2.52000E-01  1.54474E-06  2.52298E-01 
1.35570E+01 2.54000E-01  1.54888E-06  2.54277E-01 
1.36242E+01 2.56000E-01  1.56055E-06  2.56104E-01 
1.36913E+01 2.58000E-01  1.55886E-06  2.58235E-01 
1.37584E+01 2.60000E-01  1.56424E-06  2.60214E-01 
1.38255E+01 2.62000E-01  1.57622E-06  2.62193E-01 
1.38926E+01 2.64000E-01  1.57315E-06  2.64324E-01 
1.39597E+01 2.66000E-01  1.58006E-06  2.66151E-01 
1.40268E+01 2.68000E-01  1.58958E-06  2.68129E-01 
1.40940E+01 2.70000E-01  1.58620E-06  2.70261E-01 
1.41611E+01 2.72000E-01  1.59419E-06  2.72239E-01 
1.42282E+01 2.74000E-01  1.60463E-06  2.74218E-01 
1.42953E+01 2.76000E-01  1.60002E-06  2.76349E-01 
1.43624E+01 2.78000E-01  1.60678E-06  2.78328E-01 
1.44295E+01 2.80000E-01  1.61938E-06  2.80307E-01 
1.44966E+01 2.82000E-01  1.61262E-06  2.82286E-01 
1.45638E+01 2.84000E-01  1.61830E-06  2.84417E-01 
1.46309E+01 2.86000E-01  1.62936E-06  2.86244E-01 
1.46980E+01 2.88000E-01  1.62583E-06  2.88223E-01 
1.47651E+01 2.90000E-01  1.63059E-06  2.90354E-01 
1.48322E+01 2.92000E-01  1.64118E-06  2.92333E-01 
1.48993E+01 2.94000E-01  1.63827E-06  2.94311E-01 
1.49664E+01 2.96000E-01  1.64164E-06  2.96138E-01 
1.50336E+01 2.98000E-01  1.65332E-06  2.98269E-01 
1.51007E+01 3.00000E-01  1.64978E-06  3.00248E-01 
1.51678E+01 3.02000E-01  1.65071E-06  3.02227E-01 
1.52349E+01 3.04000E-01  1.66376E-06  3.04206E-01 
1.53020E+01 3.06000E-01  1.66053E-06  3.06185E-01 
1.53691E+01 3.08000E-01  1.66422E-06  3.08316E-01 
1.54362E+01 3.10000E-01  1.67374E-06  3.10295E-01 
1.55034E+01 3.12000E-01  1.67098E-06  3.12274E-01 
1.55705E+01 3.14000E-01  1.67482E-06  3.14252E-01 
1.56376E+01 3.16000E-01  1.68373E-06  3.16231E-01 
1.57047E+01 3.18000E-01  1.68065E-06  3.18362E-01 
1.57718E+01 3.20000E-01  1.68419E-06  3.20341E-01 
1.58389E+01 3.22000E-01  1.69279E-06  3.22320E-01 
1.59060E+01 3.24000E-01  1.68941E-06  3.24299E-01 
1.59732E+01 3.26000E-01  1.69325E-06  3.26278E-01 
1.60403E+01 3.28000E-01  1.69970E-06  3.28257E-01 
1.61074E+01 3.30000E-01  1.69785E-06  3.30236E-01 
1.61745E+01 3.32000E-01  1.70108E-06  3.32367E-01 
1.62416E+01 3.34000E-01  1.70953E-06  3.34193E-01 
1.63087E+01 3.36000E-01  1.70584E-06  3.36324E-01 
1.63758E+01 3.38000E-01  1.70968E-06  3.38303E-01 
1.64430E+01 3.40000E-01  1.71721E-06  3.40282E-01 
1.65101E+01 3.42000E-01  1.71398E-06  3.42413E-01 
1.65772E+01 3.44000E-01  1.71659E-06  3.44240E-01 
1.66443E+01 3.46000E-01  1.72289E-06  3.46219E-01 
1.67114E+01 3.48000E-01  1.72135E-06  3.48350E-01 
1.67785E+01 3.50000E-01  1.72335E-06  3.50329E-01 
1.68456E+01 3.52000E-01  1.72857E-06  3.52308E-01 
1.69128E+01 3.54000E-01  1.72842E-06  3.54287E-01 
1.69799E+01 3.56000E-01  1.73026E-06  3.56418E-01 
1.70470E+01 3.58000E-01  1.73410E-06  3.58396E-01 
1.71141E+01 3.60000E-01  1.73502E-06  3.60375E-01 
1.71812E+01 3.62000E-01  1.73748E-06  3.62354E-01 
1.72483E+01 3.64000E-01  1.74040E-06  3.64333E-01 
1.73154E+01 3.66000E-01  1.74132E-06  3.66312E-01 
1.73826E+01 3.68000E-01  1.74378E-06  3.68443E-01 
1.74497E+01 3.70000E-01  1.74546E-06  3.70422E-01 
1.75168E+01 3.72000E-01  1.74792E-06  3.72249E-01 
1.75839E+01 3.74000E-01  1.75007E-06  3.74227E-01 
1.76510E+01 3.76000E-01  1.75130E-06  3.76206E-01 
1.77181E+01 3.78000E-01  1.75437E-06  3.78337E-01 
1.77852E+01 3.80000E-01  1.75683E-06  3.80316E-01 
1.78523E+01 3.82000E-01  1.75790E-06  3.82295E-01 
1.79195E+01 3.84000E-01  1.76082E-06  3.84274E-01 
1.79866E+01 3.86000E-01  1.76343E-06  3.86253E-01 
1.80537E+01 3.88000E-01  1.76374E-06  3.88384E-01 
1.81208E+01 3.90000E-01  1.76758E-06  3.90363E-01 
1.81879E+01 3.92000E-01  1.77034E-06  3.92342E-01 
1.82550E+01 3.94000E-01  1.77004E-06  3.94321E-01 
1.83221E+01 3.96000E-01  1.77480E-06  3.96452E-01 
1.83893E+01 3.98000E-01  1.77664E-06  3.98431E-01 
1.84564E+01 4.00000E-01  1.77695E-06  4.00409E-01 
1.85235E+01 4.02000E-01  1.78232E-06  4.02388E-01 
1.85906E+01 4.04000E-01  1.78463E-06  4.04367E-01 
1.86577E+01 4.06000E-01  1.78478E-06  4.06346E-01 
1.87248E+01 4.08000E-01  1.79000E-06  4.08325E-01 
1.87919E+01 4.10000E-01  1.79246E-06  4.10456E-01 
1.88591E+01 4.12000E-01  1.79261E-06  4.12283E-01 
1.89262E+01 4.14000E-01  1.79830E-06  4.14414E-01 
1.89933E+01 4.16000E-01  1.80075E-06  4.16393E-01 
1.90604E+01 4.18000E-01  1.80091E-06  4.18372E-01 
1.91275E+01 4.20000E-01  1.80674E-06  4.20350E-01 
1.91946E+01 4.22000E-01  1.80966E-06  4.22329E-01 
1.92617E+01 4.24000E-01  1.81012E-06  4.24308E-01 
1.93289E+01 4.26000E-01  1.81596E-06  4.26287E-01 
1.93960E+01 4.28000E-01  1.81903E-06  4.28418E-01 
1.94631E+01 4.30000E-01  1.81934E-06  4.30397E-01 
1.95302E+01 4.32000E-01  1.82502E-06  4.32376E-01 
1.95973E+01 4.34000E-01  1.82886E-06  4.34507E-01 
1.96644E+01 4.36000E-01  1.82917E-06  4.36486E-01 
1.97315E+01 4.38000E-01  1.83516E-06  4.38465E-01 
1.97987E+01 4.40000E-01  1.83869E-06  4.40444E-01 
1.98658E+01 4.42000E-01  1.83961E-06  4.42422E-01 
1.99329E+01 4.44000E-01  1.84545E-06  4.44401E-01 
2.00000E+01 4.46000E-01  1.84898E-06  4.46380E-01 
2.00671E+01 4.48000E-01  1.85021E-06  4.48511E-01 
2.01342E+01 4.50000E-01  1.85589E-06  4.50186E-01 
2.02013E+01 4.52000E-01  1.85942E-06  4.52165E-01 
2.02685E+01 4.54000E-01  1.86080E-06  4.54143E-01 
2.03356E+01 4.56000E-01  1.86664E-06  4.56275E-01 
2.04027E+01 4.58000E-01  1.87017E-06  4.58253E-01 
2.04698E+01 4.60000E-01  1.87171E-06  4.60080E-01 
2.05369E+01 4.62000E-01  1.87754E-06  4.62211E-01 
2.06040E+01 4.64000E-01  1.88077E-06  4.64190E-01 
2.06711E+01 4.66000E-01  1.88292E-06  4.66169E-01 
2.07383E+01 4.68000E-01  1.88860E-06  4.68300E-01 
2.08054E+01 4.70000E-01  1.89198E-06  4.70279E-01 
2.08725E+01 4.72000E-01  1.89428E-06  4.72258E-01 
2.09396E+01 4.74000E-01  1.90012E-06  4.74237E-01 
2.10067E+01 4.76000E-01  1.90350E-06  4.76216E-01 
2.10738E+01 4.78000E-01  1.90626E-06  4.78347E-01 
2.11409E+01 4.80000E-01  1.91164E-06  4.80173E-01 
2.12081E+01 4.82000E-01  1.91517E-06  4.82304E-01 
2.12752E+01 4.84000E-01  1.91809E-06  4.84283E-01 
2.13423E+01 4.86000E-01  1.92346E-06  4.86262E-01 
2.14094E+01 4.88000E-01  1.92700E-06  4.88241E-01 
2.14765E+01 4.90000E-01  1.93038E-06  4.90220E-01 
2.15436E+01 4.92000E-01  1.93529E-06  4.92199E-01 
2.16107E+01 4.94000E-01  1.93913E-06  4.94330E-01 
2.16779E+01 4.96000E-01  1.94266E-06  4.96309E-01 
2.17450E+01 4.98000E-01  1.94773E-06  4.98288E-01 
2.18121E+01 5.00000E-01  1.95126E-06  5.00266E-01 
2.18792E+01 5.02000E-01  1.95495E-06  5.02245E-01 
2.19463E+01 5.04000E-01  1.95986E-06  5.04224E-01 
2.20134E+01 5.06000E-01  1.96355E-06  5.06355E-01 
2.20805E+01 5.08000E-01  1.96770E-06  5.08334E-01 
2.21477E+01 5.10000E-01  1.97215E-06  5.10313E-01 
2.22148E+01 5.12000E-01  1.97599E-06  5.12292E-01 
2.22819E+01 5.14000E-01  1.98014E-06  5.14271E-01 
2.23490E+01 5.16000E-01  1.98490E-06  5.16402E-01 
2.24161E+01 5.18000E-01  1.98889E-06  5.18381E-01 
2.24832E+01 5.20000E-01  1.99304E-06  5.20360E-01 
2.25503E+01 5.22000E-01  1.99780E-06  5.22338E-01 
2.26174E+01 5.24000E-01  2.00179E-06  5.24317E-01 
2.26846E+01 5.26000E-01  2.00609E-06  5.26448E-01 
2.27517E+01 5.28000E-01  2.01070E-06  5.28275E-01 
2.28188E+01 5.30000E-01  2.01469E-06  5.30254E-01 
2.28859E+01 5.32000E-01  2.01899E-06  5.32233E-01 
2.29530E+01 5.34000E-01  2.02391E-06  5.34364E-01 
2.30201E+01 5.36000E-01  2.02790E-06  5.36343E-01 
2.30872E+01 5.38000E-01  2.03205E-06  5.38322E-01 
2.31544E+01 5.40000E-01  2.03727E-06  5.40301E-01 
2.32215E+01 5.42000E-01  2.04111E-06  5.42279E-01 
2.32886E+01 5.44000E-01  2.04541E-06  5.44258E-01 
2.33557E+01 5.46000E-01  2.05048E-06  5.46389E-01 
2.34228E+01 5.48000E-01  2.05462E-06  5.48368E-01 
2.34899E+01 5.50000E-01  2.05908E-06  5.50347E-01 
2.35570E+01 5.52000E-01  2.06445E-06  5.52326E-01 
2.36242E+01 5.54000E-01  2.06829E-06  5.54305E-01 
2.36913E+01 5.56000E-01  2.07274E-06  5.56436E-01 
2.37584E+01 5.58000E-01  2.07827E-06  5.58263E-01 
2.38255E+01 5.60000E-01  2.08211E-06  5.60394E-01 
2.38926E+01 5.62000E-01  2.08687E-06  5.62373E-01 
2.39597E+01 5.64000E-01  2.09225E-06  5.64351E-01 
2.40268E+01 5.66000E-01  2.09624E-06  5.66330E-01 
2.40940E+01 5.68000E-01  2.10131E-06  5.68309E-01 
2.41611E+01 5.70000E-01  2.10699E-06  5.70288E-01 
2.42282E+01 5.72000E-01  2.11099E-06  5.72267E-01 
2.42953E+01 5.74000E-01  2.11590E-06  5.74398E-01 
2.43624E+01 5.76000E-01  2.12174E-06  5.76377E-01 
2.44295E+01 5.78000E-01  2.12573E-06  5.78356E-01 
2.44966E+01 5.80000E-01  2.13064E-06  5.80335E-01 
2.45638E+01 5.82000E-01  2.13694E-06  5.82314E-01 
2.46309E+01 5.84000E-01  2.14093E-06  5.84292E-01 
2.46980E+01 5.86000E-01  2.14600E-06  5.86423E-01 
2.47651E+01 5.88000E-01  2.15245E-06  5.88402E-01 
2.48322E+01 5.90000E-01  2.15645E-06  5.90381E-01 
2.48993E+01 5.92000E-01  2.16182E-06  5.92512E-01 
2.49664E+01 5.94000E-01  2.16812E-06  5.94491E-01 
2.50336E+01 5.96000E-01  2.17242E-06  5.96470E-01 
2.51007E+01 5.98000E-01  2.17779E-06  5.98449E-01 
2.51678E+01 6.00000E-01  2.18409E-06  6.00276E-01 
2.52349E+01 5.98000E-01  2.16873E-06  5.98449E-01 
2.53020E+01 5.96000E-01  2.15906E-06  5.96470E-01 
2.53691E+01 5.94000E-01  2.15122E-06  5.94491E-01 
2.54362E+01 5.92000E-01  2.14186E-06  5.92512E-01 
2.55034E+01 5.90000E-01  2.13387E-06  5.90533E-01 
2.55705E+01 5.88000E-01  2.12727E-06  5.88555E-01 
2.56376E+01 5.86000E-01  2.11882E-06  5.86576E-01 
2.57047E+01 5.84000E-01  2.11206E-06  5.84445E-01 
2.57718E+01 5.82000E-01  2.10607E-06  5.82466E-01 
2.58389E+01 5.80000E-01  2.09793E-06  5.80487E-01 
2.59060E+01 5.78000E-01  2.09148E-06  5.78508E-01 
2.59732E+01 5.76000E-01  2.08580E-06  5.76529E-01 
2.60403E+01 5.74000E-01  2.07843E-06  5.74550E-01 
2.61074E+01 5.72000E-01  2.07244E-06  5.72571E-01 
2.61745E+01 5.70000E-01  2.06706E-06  5.70440E-01 
2.62416E+01 5.68000E-01  2.06000E-06  5.68461E-01 
2.63087E+01 5.66000E-01  2.05416E-06  5.66483E-01 
2.63758E+01 5.64000E-01  2.04909E-06  5.64504E-01 
2.64430E+01 5.62000E-01  2.04264E-06  5.62525E-01 
2.65101E+01 5.60000E-01  2.03711E-06  5.60546E-01 
2.65772E+01 5.58000E-01  2.03205E-06  5.58415E-01 
2.66443E+01 5.56000E-01  2.02590E-06  5.56588E-01 
2.67114E+01 5.54000E-01  2.02037E-06  5.54609E-01 
2.67785E+01 5.52000E-01  2.01515E-06  5.52478E-01 
2.68456E+01 5.50000E-01  2.00932E-06  5.50499E-01 
2.69128E+01 5.48000E-01  2.00409E-06  5.48520E-01 
2.69799E+01 5.46000E-01  1.99918E-06  5.46389E-01 
2.70470E+01 5.44000E-01  1.99380E-06  5.44411E-01 
2.71141E+01 5.42000E-01  1.98858E-06  5.42432E-01 
2.71812E+01 5.40000E-01  1.98351E-06  5.40453E-01 
2.72483E+01 5.38000E-01  1.97845E-06  5.38474E-01 
2.73154E+01 5.36000E-01  1.97322E-06  5.36495E-01 
2.73826E+01 5.34000E-01  1.96800E-06  5.34516E-01 
2.74497E+01 5.32000E-01  1.96324E-06  5.32537E-01 
2.75168E+01 5.30000E-01  1.95848E-06  5.30406E-01 
2.75839E+01 5.28000E-01  1.95295E-06  5.28427E-01 
2.76510E+01 5.26000E-01  1.94865E-06  5.26601E-01 
2.77181E+01 5.24000E-01  1.94389E-06  5.24470E-01 
2.77852E+01 5.22000E-01  1.93805E-06  5.22491E-01 
2.78523E+01 5.20000E-01  1.93391E-06  5.20512E-01 
2.79195E+01 5.18000E-01  1.92930E-06  5.18533E-01 
2.79866E+01 5.16000E-01  1.92316E-06  5.16554E-01 
2.80537E+01 5.14000E-01  1.91932E-06  5.14575E-01 
2.81208E+01 5.12000E-01  1.91456E-06  5.12444E-01 
2.81879E+01 5.10000E-01  1.90857E-06  5.10465E-01 
2.82550E+01 5.08000E-01  1.90473E-06  5.08486E-01 
2.83221E+01 5.06000E-01  1.90012E-06  5.06507E-01 
2.83893E+01 5.04000E-01  1.89382E-06  5.04529E-01 
2.84564E+01 5.02000E-01  1.89044E-06  5.02398E-01 
2.85235E+01 5.00000E-01  1.88599E-06  5.00419E-01 
2.85906E+01 4.98000E-01  1.87985E-06  4.98440E-01 
2.86577E+01 4.96000E-01  1.87693E-06  4.96461E-01 
2.87248E+01 4.94000E-01  1.87232E-06  4.94482E-01 
2.87919E+01 4.92000E-01  1.86603E-06  4.92503E-01 
2.88591E+01 4.90000E-01  1.86311E-06  4.90372E-01 
2.89262E+01 4.88000E-01  1.85835E-06  4.88393E-01 
2.89933E+01 4.86000E-01  1.85190E-06  4.86414E-01 
2.90604E+01 4.84000E-01  1.84898E-06  4.84435E-01 
2.91275E+01 4.82000E-01  1.84437E-06  4.82457E-01 
2.91946E+01 4.80000E-01  1.83807E-06  4.80478E-01 
2.92617E+01 4.78000E-01  1.83546E-06  4.78499E-01 
2.93289E+01 4.76000E-01  1.83055E-06  4.76520E-01 
2.93960E+01 4.74000E-01  1.82410E-06  4.74389E-01 
2.94631E+01 4.72000E-01  1.82149E-06  4.72410E-01 
2.95302E+01 4.70000E-01  1.81657E-06  4.70431E-01 
2.95973E+01 4.68000E-01  1.81012E-06  4.68452E-01 
2.96644E+01 4.66000E-01  1.80736E-06  4.66321E-01 
2.97315E+01 4.64000E-01  1.80275E-06  4.64342E-01 
2.97987E+01 4.62000E-01  1.79615E-06  4.62363E-01 
2.98658E+01 4.60000E-01  1.79354E-06  4.60385E-01 
2.99329E+01 4.58000E-01  1.78877E-06  4.58406E-01 
3.00000E+01 4.56000E-01  1.78263E-06  4.56427E-01 
3.00671E+01 4.54000E-01  1.77987E-06  4.54448E-01 
3.01342E+01 4.52000E-01  1.77480E-06  4.52317E-01 
3.02013E+01 4.50000E-01  1.76912E-06  4.50338E-01 
3.02685E+01 4.48000E-01  1.76620E-06  4.48664E-01 
3.03356E+01 4.46000E-01  1.76128E-06  4.46532E-01 
3.04027E+01 4.44000E-01  1.75560E-06  4.44554E-01 
3.04698E+01 4.42000E-01  1.75253E-06  4.42575E-01 
3.05369E+01 4.40000E-01  1.74746E-06  4.40596E-01 
3.06040E+01 4.38000E-01  1.74209E-06  4.38617E-01 
3.06711E+01 4.36000E-01  1.73871E-06  4.36638E-01 
3.07383E+01 4.34000E-01  1.73379E-06  4.34659E-01 
3.08054E+01 4.32000E-01  1.72857E-06  4.32680E-01 
3.08725E+01 4.30000E-01  1.72519E-06  4.30549E-01 
3.09396E+01 4.28000E-01  1.72028E-06  4.28570E-01 
3.10067E+01 4.26000E-01  1.71490E-06  4.26591E-01 
3.10738E+01 4.24000E-01  1.71198E-06  4.24460E-01 
3.11409E+01 4.22000E-01  1.70630E-06  4.22482E-01 
3.12081E+01 4.20000E-01  1.70123E-06  4.20655E-01 
3.12752E+01 4.18000E-01  1.69755E-06  4.18524E-01 
3.13423E+01 4.16000E-01  1.69248E-06  4.16545E-01 
3.14094E+01 4.14000E-01  1.68741E-06  4.14566E-01 
3.14765E+01 4.12000E-01  1.68403E-06  4.12587E-01 
3.15436E+01 4.10000E-01  1.67866E-06  4.10608E-01 
3.16107E+01 4.08000E-01  1.67359E-06  4.08629E-01 
3.16779E+01 4.06000E-01  1.67021E-06  4.06498E-01 
3.17450E+01 4.04000E-01  1.66468E-06  4.04519E-01 
3.18121E+01 4.02000E-01  1.65977E-06  4.02541E-01 
3.18792E+01 4.00000E-01  1.65623E-06  4.00562E-01 
3.19463E+01 3.98000E-01  1.65040E-06  3.98583E-01 
3.20134E+01 3.96000E-01  1.64564E-06  3.96604E-01 
3.20805E+01 3.94000E-01  1.64195E-06  3.94473E-01 
3.21477E+01 3.92000E-01  1.63596E-06  3.92494E-01 
3.22148E+01 3.90000E-01  1.63105E-06  3.90515E-01 
3.22819E+01 3.88000E-01  1.62828E-06  3.88384E-01 
3.23490E+01 3.86000E-01  1.62122E-06  3.86405E-01 
3.24161E+01 3.84000E-01  1.61692E-06  3.84426E-01 
3.24832E+01 3.82000E-01  1.61431E-06  3.82447E-01 
3.25503E+01 3.80000E-01  1.60663E-06  3.80621E-01 
3.26174E+01 3.78000E-01  1.60217E-06  3.78490E-01 
3.26846E+01 3.76000E-01  1.59972E-06  3.76511E-01 
3.27517E+01 3.74000E-01  1.59204E-06  3.74532E-01 
3.28188E+01 3.72000E-01  1.58743E-06  3.72401E-01 
3.28859E+01 3.70000E-01  1.58513E-06  3.70574E-01 
3.29530E+01 3.68000E-01  1.57729E-06  3.68595E-01 
3.30201E+01 3.66000E-01  1.57238E-06  3.66464E-01 
3.30872E+01 3.64000E-01  1.57100E-06  3.64485E-01 
3.31544E+01 3.62000E-01  1.56209E-06  3.62506E-01 
3.32215E+01 3.60000E-01  1.55718E-06  3.60528E-01 
3.32886E+01 3.58000E-01  1.55625E-06  3.58549E-01 
3.33557E+01 3.56000E-01  1.54719E-06  3.56570E-01 
3.34228E+01 3.54000E-01  1.54136E-06  3.54591E-01 
3.34899E+01 3.52000E-01  1.54028E-06  3.52460E-01 
3.35570E+01 3.50000E-01  1.53137E-06  3.50481E-01 
3.36242E+01 3.48000E-01  1.52615E-06  3.48502E-01 
3.36913E+01 3.46000E-01  1.52477E-06  3.46523E-01 
3.37584E+01 3.44000E-01  1.51602E-06  3.44392E-01 
3.38255E+01 3.42000E-01  1.51110E-06  3.42566E-01 
3.38926E+01 3.40000E-01  1.51018E-06  3.40434E-01 
3.39597E+01 3.38000E-01  1.50035E-06  3.38456E-01 
3.40268E+01 3.36000E-01  1.49544E-06  3.36477E-01 
3.40940E+01 3.34000E-01  1.49559E-06  3.34346E-01 
3.41611E+01 3.32000E-01  1.48453E-06  3.32519E-01 
3.42282E+01 3.30000E-01  1.47946E-06  3.30540E-01 
3.42953E+01 3.28000E-01  1.47931E-06  3.28409E-01 
3.43624E+01 3.26000E-01  1.46902E-06  3.26430E-01 
3.44295E+01 3.24000E-01  1.46364E-06  3.24451E-01 
3.44966E+01 3.22000E-01  1.46441E-06  3.22472E-01 
3.45638E+01 3.20000E-01  1.45259E-06  3.20493E-01 
3.46309E+01 3.18000E-01  1.44737E-06  3.18515E-01 
3.46980E+01 3.16000E-01  1.44921E-06  3.16384E-01 
3.47651E+01 3.14000E-01  1.43569E-06  3.14405E-01 
3.48322E+01 3.12000E-01  1.43093E-06  3.12426E-01 
3.48993E+01 3.10000E-01  1.43416E-06  3.10447E-01 
3.49664E+01 3.08000E-01  1.41926E-06  3.08468E-01 
3.50336E+01 3.06000E-01  1.41450E-06  3.06337E-01 
3.51007E+01 3.04000E-01  1.41650E-06  3.04358E-01 
3.51678E+01 3.02000E-01  1.40206E-06  3.02379E-01 
3.52349E+01 3.00000E-01  1.39868E-06  3.00400E-01 
3.53020E+01 2.98000E-01  1.40006E-06  2.98421E-01 
3.53691E+01 2.96000E-01  1.38747E-06  2.96443E-01 
3.54362E+01 2.94000E-01  1.38225E-06  2.94311E-01 
3.55034E+01 2.92000E-01  1.38302E-06  2.92485E-01 
3.55705E+01 2.90000E-01  1.37150E-06  2.90506E-01 
3.56376E+01 2.88000E-01  1.36781E-06  2.88375E-01 
3.57047E+01 2.86000E-01  1.36535E-06  2.86396E-01 
3.57718E+01 2.84000E-01  1.35491E-06  2.84417E-01 
3.58389E+01 2.82000E-01  1.35076E-06  2.82438E-01 
3.59060E+01 2.80000E-01  1.34585E-06  2.80459E-01 
3.59732E+01 2.78000E-01  1.33940E-06  2.78480E-01 
3.60403E+01 2.76000E-01  1.33510E-06  2.76502E-01 
3.61074E+01 2.74000E-01  1.32942E-06  2.74371E-01 
3.61745E+01 2.72000E-01  1.32235E-06  2.72392E-01 
3.62416E+01 2.70000E-01  1.32051E-06  2.70261E-01 
3.63087E+01 2.68000E-01  1.32235E-06  2.68282E-01 
3.63758E+01 2.66000E-01  1.30745E-06  2.66303E-01 
3.64430E+01 2.64000E-01  1.30438E-06  2.64476E-01 
3.65101E+01 2.62000E-01  1.29440E-06  2.62345E-01 
3.65772E+01 2.60000E-01  1.29332E-06  2.60366E-01 
3.66443E+01 2.58000E-01  1.28887E-06  2.58387E-01 
3.67114E+01 2.56000E-01  1.27873E-06  2.56256E-01 
3.67785E+01 2.54000E-01  1.27812E-06  2.54430E-01 
3.68456E+01 2.52000E-01  1.27459E-06  2.52451E-01 
3.69128E+01 2.50000E-01  1.26107E-06  2.50320E-01 
3.69799E+01 2.48000E-01  1.26553E-06  2.48341E-01 
3.70470E+01 2.46000E-01  1.25984E-06  2.46362E-01 
3.71141E+01 2.44000E-01  1.24356E-06  2.44535E-01 
3.71812E+01 2.42000E-01  1.25370E-06  2.42404E-01 
3.72483E+01 2.40000E-01  1.24525E-06  2.40425E-01 
3.73154E+01 2.38000E-01  1.22943E-06  2.38446E-01 
3.73826E+01 2.36000E-01  1.24003E-06  2.36467E-01 
3.74497E+01 2.34000E-01  1.23266E-06  2.34336E-01 
3.75168E+01 2.32000E-01  1.21623E-06  2.32358E-01 
3.75839E+01 2.30000E-01  1.22621E-06  2.30379E-01 
3.76510E+01 2.28000E-01  1.22176E-06  2.28400E-01 
3.77181E+01 2.26000E-01  1.20164E-06  2.26421E-01 
3.77852E+01 2.24000E-01  1.21423E-06  2.24442E-01 
3.78523E+01 2.22000E-01  1.21024E-06  2.22463E-01 
3.79195E+01 2.20000E-01  1.18828E-06  2.20332E-01 
3.79866E+01 2.18000E-01  1.20225E-06  2.18353E-01 
3.80537E+01 2.16000E-01  1.19764E-06  2.16374E-01 
3.81208E+01 2.14000E-01  1.17829E-06  2.14548E-01 
3.81879E+01 2.12000E-01  1.18996E-06  2.12417E-01 
3.82550E+01 2.10000E-01  1.18674E-06  2.10438E-01 
3.83221E+01 2.08000E-01  1.16923E-06  2.08459E-01 
3.83893E+01 2.06000E-01  1.17891E-06  2.06480E-01 
3.84564E+01 2.04000E-01  1.17722E-06  2.04501E-01 
3.85235E+01 2.02000E-01  1.15817E-06  2.02522E-01 
3.85906E+01 2.00000E-01  1.17046E-06  2.00391E-01 
3.86577E+01 1.98000E-01  1.16631E-06  1.98412E-01 
3.87248E+01 1.96000E-01  1.14712E-06  1.96433E-01 
3.87919E+01 1.94000E-01  1.16063E-06  1.94455E-01 
3.88591E+01 1.92000E-01  1.15618E-06  1.92476E-01 
3.89262E+01 1.90000E-01  1.13852E-06  1.90345E-01 
3.89933E+01 1.88000E-01  1.14927E-06  1.88366E-01 
3.90604E+01 1.86000E-01  1.14773E-06  1.86539E-01 
3.91275E+01 1.84000E-01  1.13099E-06  1.84408E-01 
3.91946E+01 1.82000E-01  1.14036E-06  1.82429E-01 
3.92617E+01 1.80000E-01  1.13928E-06  1.80450E-01 
3.93289E+01 1.78000E-01  1.12316E-06  1.78319E-01 
3.93960E+01 1.76000E-01  1.13483E-06  1.76492E-01 
3.94631E+01 1.74000E-01  1.13038E-06  1.74361E-01 
3.95302E+01 1.72000E-01  1.11532E-06  1.72382E-01 
3.95973E+01 1.70000E-01  1.12623E-06  1.70404E-01 
3.96644E+01 1.68000E-01  1.11978E-06  1.68425E-01 
3.97315E+01 1.66000E-01  1.10903E-06  1.66446E-01 
3.97987E+01 1.64000E-01  1.11609E-06  1.64467E-01 
3.98658E+01 1.62000E-01  1.11287E-06  1.62488E-01 
3.99329E+01 1.60000E-01  1.10288E-06  1.60509E-01 
4.00000E+01 1.58000E-01  1.10903E-06  1.58378E-01 
4.00671E+01 1.56000E-01  1.10442E-06  1.56399E-01 
4.01342E+01 1.54000E-01  1.09659E-06  1.54420E-01 
4.02013E+01 1.52000E-01  1.10166E-06  1.52289E-01 
4.02685E+01 1.50000E-01  1.09582E-06  1.50310E-01 
4.03356E+01 1.48000E-01  1.09044E-06  1.48332E-01 
4.04027E+01 1.46000E-01  1.09474E-06  1.46353E-01 
4.04698E+01 1.44000E-01  1.08753E-06  1.44374E-01 
4.05369E+01 1.42000E-01  1.08338E-06  1.42395E-01 
4.06040E+01 1.40000E-01  1.08599E-06  1.40264E-01 
4.06711E+01 1.38000E-01  1.07969E-06  1.38437E-01 
4.07383E+01 1.36000E-01  1.07632E-06  1.36611E-01 
4.08054E+01 1.34000E-01  1.07862E-06  1.34632E-01 
4.08725E+01 1.32000E-01  1.07186E-06  1.32501E-01 
4.09396E+01 1.30000E-01  1.06894E-06  1.30522E-01 
4.10067E+01 1.28000E-01  1.07048E-06  1.28543E-01 
4.10738E+01 1.26000E-01  1.06403E-06  1.26716E-01 
4.11409E+01 1.24000E-01  1.06096E-06  1.24585E-01 
4.12081E+01 1.22000E-01  1.06203E-06  1.22606E-01 
4.12752E+01 1.20000E-01  1.05558E-06  1.20627E-01 
4.13423E+01 1.18000E-01  1.05236E-06  1.18496E-01 
4.14094E+01 1.16000E-01  1.05051E-06  1.16517E-01 
4.14765E+01 1.14000E-01  1.04806E-06  1.14539E-01 
4.15436E+01 1.12000E-01  1.04452E-06  1.12560E-01 
4.16107E+01 1.10000E-01  1.04483E-06  1.10429E-01 
4.16779E+01 1.08000E-01  1.03930E-06  1.08602E-01 
4.17450E+01 1.06000E-01  1.03623E-06  1.06471E-01 
4.18121E+01 1.04000E-01  1.03669E-06  1.04492E-01 
4.18792E+01 1.02000E-01  1.03039E-06  1.02513E-01 
4.19463E+01 1.00000E-01  1.02732E-06  1.00534E-01 
4.20134E+01 9.80000E-02  1.02748E-06  9.85553E-02 
4.20805E+01 9.60000E-02  1.02164E-06  9.65764E-02 
4.21477E+01 9.40000E-02  1.01857E-06  9.45976E-02 
4.22148E+01 9.20000E-02  1.01842E-06  9.24665E-02 
4.22819E+01 9.00000E-02  1.01273E-06  9.04876E-02 
4.23490E+01 8.80000E-02  1.00966E-06  8.86609E-02 
4.24161E+01 8.60000E-02  1.01012E-06  8.65299E-02 
4.24832E+01 8.40000E-02  1.00352E-06  8.45510E-02 
4.25503E+01 8.20000E-02  1.00060E-06  8.25721E-02 
4.26174E+01 8.00000E-02  1.00106E-06  8.04410E-02 
4.26846E+01 7.80000E-02  9.94149E-07  7.84621E-02 
4.27517E+01 7.60000E-02  9.90771E-07  7.64833E-02 
4.28188E+01 7.40000E-02  9.90617E-07  7.45044E-02 
4.28859E+01 7.20000E-02  9.84628E-07  7.25255E-02 
4.29530E+01 7.00000E-02  9.81402E-07  7.03944E-02 
4.30201E+01 6.80000E-02  9.80634E-07  6.85678E-02 
4.30872E+01 6.60000E-02  9.75259E-07  6.64367E-02 
4.31544E+01 6.40000E-02  9.72188E-07  6.44578E-02 
4.32215E+01 6.20000E-02  9.71112E-07  6.24789E-02 
4.32886E+01 6.00000E-02  9.65276E-07  6.05001E-02 
4.33557E+01 5.80000E-02  9.62512E-07  5.85212E-02 
4.34228E+01 5.60000E-02  9.60976E-07  5.65423E-02 
4.34899E+01 5.40000E-02  9.55294E-07  5.45635E-02 
4.35570E+01 5.20000E-02  9.52222E-07  5.24324E-02 
4.36242E+01 5.00000E-02  9.50379E-07  5.04535E-02 
4.36913E+01 4.80000E-02  9.45311E-07  4.86268E-02 
4.37584E+01 4.60000E-02  9.42239E-07  4.64957E-02 
4.38255E+01 4.40000E-02  9.40243E-07  4.45169E-02 
4.38926E+01 4.20000E-02  9.35328E-07  4.25380E-02 
4.39597E+01 4.00000E-02  9.32103E-07  4.05591E-02 
4.40268E+01 3.80000E-02  9.30260E-07  3.84280E-02 
4.40940E+01 3.60000E-02  9.24885E-07  3.64492E-02 
4.41611E+01 3.40000E-02  9.21506E-07  3.44703E-02 
4.42282E+01 3.20000E-02  9.19817E-07  3.23392E-02 
4.42953E+01 3.00000E-02  9.14441E-07  3.05125E-02 
4.43624E+01 2.80000E-02  9.10909E-07  2.85337E-02 
4.44295E+01 2.60000E-02  9.08912E-07  2.64026E-02 
4.44966E+01 2.40000E-02  9.04151E-07  2.44237E-02 
4.45638E+01 2.20000E-02  9.00465E-07  2.24448E-02 
4.46309E+01 2.00000E-02  8.98315E-07  2.04660E-02 
4.46980E+01 1.80000E-02  8.93708E-07  1.84871E-02 
4.47651E+01 1.60000E-02  8.89868E-07  1.65082E-02 
4.48322E+01 1.40000E-02  8.87565E-07  1.43771E-02 
4.48993E+01 1.20000E-02  8.83111E-07  1.23982E-02 
4.49664E+01 1.00000E-02  8.79271E-07  1.05716E-02 
4.50336E+01 8.00000E-03  8.76353E-07  8.59272E-03 
4.51007E+01 6.00000E-03  8.72207E-07  6.46163E-03 
4.51678E+01 4.00000E-03  8.68367E-07  4.48276E-03 
4.52349E+01 2.00000E-03  8.65449E-07  2.50388E-03 
4.53020E+01 3.14419E-18  8.61456E-07  5.25010E-04 
4.53691E+01 -2.00000E-03 8.58077E-07  -1.60608E-03
4.54362E+01 -4.00000E-03 8.54391E-07  -3.58496E-03
4.55034E+01 -6.00000E-03 8.50705E-07  -5.56383E-03
4.55705E+01 -8.00000E-03 8.47327E-07  -7.54270E-03
4.56376E+01 -1.00000E-02 8.43641E-07  -9.52157E-03
4.57047E+01 -1.20000E-02 8.39801E-07  -1.15004E-02
4.57718E+01 -1.40000E-02 8.36422E-07  -1.34793E-02
4.58389E+01 -1.60000E-02 8.32429E-07  -1.56104E-02
4.59060E+01 -1.80000E-02 8.28897E-07  -1.74371E-02
4.59732E+01 -2.00000E-02 8.25518E-07  -1.92637E-02
4.60403E+01 -2.20000E-02 8.21372E-07  -2.12426E-02
4.61074E+01 -2.40000E-02 8.17993E-07  -2.33737E-02
4.61745E+01 -2.60000E-02 8.14460E-07  -2.53526E-02
4.62416E+01 -2.80000E-02 8.10160E-07  -2.73314E-02
4.63087E+01 -3.00000E-02 8.07089E-07  -2.93103E-02
4.63758E+01 -3.20000E-02 8.03403E-07  -3.12892E-02
4.64430E+01 -3.40000E-02 8.00485E-07  -3.32680E-02
4.65101E+01 -3.60000E-02 7.95877E-07  -3.53991E-02
4.65772E+01 -3.80000E-02 7.92345E-07  -3.73780E-02
4.66443E+01 -4.00000E-02 7.87584E-07  -3.93569E-02
4.67114E+01 -4.20000E-02 7.85127E-07  -4.13358E-02
4.67785E+01 -4.40000E-02 7.81287E-07  -4.34668E-02
4.68456E+01 -4.60000E-02 7.76680E-07  -4.54457E-02
4.69128E+01 -4.80000E-02 7.74222E-07  -4.72724E-02
4.69799E+01 -5.00000E-02 7.70536E-07  -4.94035E-02
4.70470E+01 -5.20000E-02 7.65315E-07  -5.13823E-02
4.71141E+01 -5.40000E-02 7.63165E-07  -5.33612E-02
4.71812E+01 -5.60000E-02 7.59325E-07  -5.54923E-02
4.72483E+01 -5.80000E-02 7.54103E-07  -5.73190E-02
4.73154E+01 -6.00000E-02 7.51800E-07  -5.92978E-02
4.73826E+01 -6.20000E-02 7.48267E-07  -6.14289E-02
4.74497E+01 -6.40000E-02 7.43199E-07  -6.34078E-02
4.75168E+01 -6.60000E-02 7.40742E-07  -6.53867E-02
4.75839E+01 -6.80000E-02 7.36902E-07  -6.73655E-02
4.76510E+01 -7.00000E-02 7.32141E-07  -6.93444E-02
4.77181E+01 -7.20000E-02 7.29684E-07  -7.13233E-02
4.77852E+01 -7.40000E-02 7.25845E-07  -7.34544E-02
4.78523E+01 -7.60000E-02 7.20776E-07  -7.54332E-02
4.79195E+01 -7.80000E-02 7.18626E-07  -7.74121E-02
4.79866E+01 -8.00000E-02 7.14480E-07  -7.93910E-02
4.80537E+01 -8.20000E-02 7.09719E-07  -8.13699E-02
4.81208E+01 -8.40000E-02 7.07261E-07  -8.35010E-02
4.81879E+01 -8.60000E-02 7.03268E-07  -8.54798E-02
4.82550E+01 -8.80000E-02 6.98661E-07  -8.74587E-02
4.83221E+01 -9.00000E-02 6.96050E-07  -8.94376E-02
4.83893E+01 -9.20000E-02 6.92057E-07  -9.14165E-02
4.84564E+01 -9.40000E-02 6.87449E-07  -9.33953E-02
4.85235E+01 -9.60000E-02 6.84992E-07  -9.53742E-02
4.85906E+01 -9.80000E-02 6.80999E-07  -9.73531E-02
4.86577E+01 -1.00000E-01 6.76238E-07  -9.93319E-02
4.87248E+01 -1.02000E-01 6.73781E-07  -1.01463E-01
4.87919E+01 -1.04000E-01 6.69788E-07  -1.03442E-01
4.88591E+01 -1.06000E-01 6.65027E-07  -1.05269E-01
4.89262E+01 -1.08000E-01 6.62416E-07  -1.07247E-01
4.89933E+01 -1.10000E-01 6.58576E-07  -1.09379E-01
4.90604E+01 -1.12000E-01 6.53969E-07  -1.11357E-01
4.91275E+01 -1.14000E-01 6.51205E-07  -1.13336E-01
4.91946E+01 -1.16000E-01 6.47365E-07  -1.15315E-01
4.92617E+01 -1.18000E-01 6.42758E-07  -1.17446E-01
4.93289E+01 -1.20000E-01 6.39840E-07  -1.19425E-01
4.93960E+01 -1.22000E-01 6.36154E-07  -1.21556E-01
4.94631E+01 -1.24000E-01 6.31700E-07  -1.23535E-01
4.95302E+01 -1.26000E-01 6.28628E-07  -1.25362E-01
4.95973E+01 -1.28000E-01 6.24789E-07  -1.27341E-01
4.96644E+01 -1.30000E-01 6.20949E-07  -1.29472E-01
4.97315E+01 -1.32000E-01 6.17724E-07  -1.31451E-01
4.97987E+01 -1.34000E-01 6.13884E-07  -1.33429E-01
4.98658E+01 -1.36000E-01 6.09891E-07  -1.35408E-01
4.99329E+01 -1.38000E-01 6.06666E-07  -1.37387E-01
5.00000E+01 -1.40000E-01 6.02366E-07  -1.39518E-01
5.00671E+01 -1.42000E-01 5.98373E-07  -1.41497E-01
5.01342E+01 -1.44000E-01 5.95301E-07  -1.43476E-01
5.02013E+01 -1.46000E-01 5.91308E-07  -1.45455E-01
5.02685E+01 -1.48000E-01 5.87008E-07  -1.47434E-01
