time/s      E/V        I/A
0.00000E+00 -1.50000E-01 5.98066E-07  -1.49413E-01
6.71141E-02 -1.48000E-01 6.09891E-07  -1.47434E-01
1.34228E-01 -1.46000E-01 6.18185E-07  -1.45455E-01
2.01342E-01 -1.44000E-01 6.26324E-07  -1.43628E-01
2.68456E-01 -1.42000E-01 6.34157E-07  -1.41497E-01
3.35570E-01 -1.40000E-01 6.41529E-07  -1.39518E-01
4.02685E-01 -1.38000E-01 6.49054E-07  -1.37539E-01
4.69799E-01 -1.36000E-01 6.56273E-07  -1.35561E-01
5.36913E-01 -1.34000E-01 6.63491E-07  -1.33582E-01
6.04027E-01 -1.32000E-01 6.70248E-07  -1.31603E-01
6.71141E-01 -1.30000E-01 6.77006E-07  -1.29472E-01
7.38255E-01 -1.28000E-01 6.83610E-07  -1.27493E-01
8.05369E-01 -1.26000E-01 6.90521E-07  -1.25514E-01
8.72483E-01 -1.24000E-01 6.96818E-07  -1.23535E-01
9.39597E-01 -1.22000E-01 7.03268E-07  -1.21556E-01
1.00671E+00 -1.20000E-01 7.09872E-07  -1.19577E-01
1.07383E+00 -1.18000E-01 7.15862E-07  -1.17446E-01
1.14094E+00 -1.16000E-01 7.22466E-07  -1.15467E-01
1.20805E+00 -1.14000E-01 7.29070E-07  -1.13488E-01
1.27517E+00 -1.12000E-01 7.34906E-07  -1.11510E-01
1.34228E+00 -1.10000E-01 7.41356E-07  -1.09531E-01
1.40940E+00 -1.08000E-01 7.47653E-07  -1.07400E-01
1.47651E+00 -1.06000E-01 7.53028E-07  -1.05421E-01
1.54362E+00 -1.04000E-01 7.59018E-07  -1.03594E-01
1.61074E+00 -1.02000E-01 7.65008E-07  -1.01463E-01
1.67785E+00 -1.00000E-01 7.70536E-07  -9.94842E-02
1.74497E+00 -9.80000E-02 7.76373E-07  -9.75053E-02
1.81208E+00 -9.60000E-02 7.82055E-07  -9.55264E-02
1.87919E+00 -9.40000E-02 7.87737E-07  -9.35475E-02
1.94631E+00 -9.20000E-02 7.93420E-07  -9.15687E-02
2.01342E+00 -9.00000E-02 7.99410E-07  -8.95898E-02
2.08054E+00 -8.80000E-02 8.05246E-07  -8.76109E-02
2.14765E+00 -8.60000E-02 8.10928E-07  -8.56321E-02
2.21477E+00 -8.40000E-02 8.16764E-07  -8.36532E-02
2.28188E+00 -8.20000E-02 8.22447E-07  -8.15221E-02
2.34899E+00 -8.00000E-02 8.28129E-07  -7.95432E-02
2.41611E+00 -7.80000E-02 8.33658E-07  -7.75643E-02
2.48322E+00 -7.60000E-02 8.39187E-07  -7.55855E-02
2.55034E+00 -7.40000E-02 8.44869E-07  -7.34544E-02
2.61745E+00 -7.20000E-02 8.50398E-07  -7.14755E-02
2.68456E+00 -7.00000E-02 8.55927E-07  -6.94966E-02
2.75168E+00 -6.80000E-02 8.61610E-07  -6.75178E-02
2.81879E+00 -6.60000E-02 8.67292E-07  -6.55389E-02
2.88591E+00 -6.40000E-02 8.72667E-07  -6.35600E-02
2.95302E+00 -6.20000E-02 8.78196E-07  -6.14289E-02
3.02013E+00 -6.00000E-02 8.83879E-07  -5.94500E-02
3.08725E+00 -5.80000E-02 8.88947E-07  -5.74712E-02
3.15436E+00 -5.60000E-02 8.94322E-07  -5.54923E-02
3.22148E+00 -5.40000E-02 9.00005E-07  -5.35134E-02
3.28859E+00 -5.20000E-02 9.04766E-07  -5.15346E-02
3.35570E+00 -5.00000E-02 9.09834E-07  -4.94035E-02
3.42282E+00 -4.80000E-02 9.15516E-07  -4.74246E-02
3.48993E+00 -4.60000E-02 9.20431E-07  -4.55979E-02
3.55705E+00 -4.40000E-02 9.25653E-07  -4.36191E-02
3.62416E+00 -4.20000E-02 9.31182E-07  -4.14880E-02
3.69128E+00 -4.00000E-02 9.36096E-07  -3.95091E-02
3.75839E+00 -3.80000E-02 9.41011E-07  -3.73780E-02
3.82550E+00 -3.60000E-02 9.46693E-07  -3.53991E-02
3.89262E+00 -3.40000E-02 9.51454E-07  -3.34203E-02
3.95973E+00 -3.20000E-02 9.56676E-07  -3.14414E-02
4.02685E+00 -3.00000E-02 9.62205E-07  -2.94625E-02
4.09396E+00 -2.80000E-02 9.67119E-07  -2.73314E-02
4.16107E+00 -2.60000E-02 9.72188E-07  -2.55048E-02
4.22819E+00 -2.40000E-02 9.77716E-07  -2.33737E-02
4.29530E+00 -2.20000E-02 9.82477E-07  -2.13948E-02
4.36242E+00 -2.00000E-02 9.87546E-07  -1.94159E-02
4.42953E+00 -1.80000E-02 9.93074E-07  -1.75893E-02
4.49664E+00 -1.60000E-02 9.97682E-07  -1.57626E-02
4.56376E+00 -1.40000E-02 1.00290E-06  -1.36315E-02
4.63087E+00 -1.20000E-02 1.00813E-06  -1.16527E-02
4.69799E+00 -1.00000E-02 1.01273E-06  -9.67379E-03
4.76510E+00 -8.00000E-03 1.01795E-06  -7.69492E-03
4.83221E+00 -6.00000E-03 1.02318E-06  -5.71605E-03
4.89933E+00 -4.00000E-03 1.02763E-06  -3.73718E-03
4.96644E+00 -2.00000E-03 1.03316E-06  -1.75830E-03
5.03356E+00 3.11708E-18  1.03853E-06  3.72789E-04 
5.10067E+00 2.00000E-03  1.04314E-06  2.35166E-03 
5.16779E+00 4.00000E-03  1.04836E-06  4.33053E-03 
5.23490E+00 6.00000E-03  1.05389E-06  6.30941E-03 
5.30201E+00 8.00000E-03  1.05850E-06  8.44050E-03 
5.36913E+00 1.00000E-02  1.06387E-06  1.04194E-02 
5.43624E+00 1.20000E-02  1.06925E-06  1.22460E-02 
5.50336E+00 1.40000E-02  1.07401E-06  1.43771E-02 
5.57047E+00 1.60000E-02  1.07954E-06  1.63560E-02 
5.63758E+00 1.80000E-02  1.08461E-06  1.83349E-02 
5.70470E+00 2.00000E-02  1.08937E-06  2.04660E-02 
5.77181E+00 2.20000E-02  1.09444E-06  2.22926E-02 
5.83893E+00 2.40000E-02  1.09951E-06  2.42715E-02 
5.90604E+00 2.60000E-02  1.10427E-06  2.64026E-02 
5.97315E+00 2.80000E-02  1.10903E-06  2.83814E-02 
6.04027E+00 3.00000E-02  1.11425E-06  3.03603E-02 
6.10738E+00 3.20000E-02  1.11901E-06  3.23392E-02 
6.17450E+00 3.40000E-02  1.12392E-06  3.43181E-02 
6.24161E+00 3.60000E-02  1.12869E-06  3.62969E-02 
6.30872E+00 3.80000E-02  1.13329E-06  3.84280E-02 
6.37584E+00 4.00000E-02  1.13821E-06  4.04069E-02 
6.44295E+00 4.20000E-02  1.14312E-06  4.23858E-02 
6.51007E+00 4.40000E-02  1.14742E-06  4.45169E-02 
6.57718E+00 4.60000E-02  1.15280E-06  4.64957E-02 
6.64430E+00 4.80000E-02  1.15787E-06  4.84746E-02 
6.71141E+00 5.00000E-02  1.16263E-06  5.04535E-02 
6.77852E+00 5.20000E-02  1.16754E-06  5.24324E-02 
6.84564E+00 5.40000E-02  1.17246E-06  5.44112E-02 
6.91275E+00 5.60000E-02  1.17737E-06  5.63901E-02 
6.97987E+00 5.80000E-02  1.18244E-06  5.85212E-02 
7.04698E+00 6.00000E-02  1.18720E-06  6.03478E-02 
7.11409E+00 6.20000E-02  1.19227E-06  6.23267E-02 
7.18121E+00 6.40000E-02  1.19688E-06  6.43056E-02 
7.24832E+00 6.60000E-02  1.20179E-06  6.64367E-02 
7.31544E+00 6.80000E-02  1.20670E-06  6.84156E-02 
7.38255E+00 7.00000E-02  1.21177E-06  7.03944E-02 
7.44966E+00 7.20000E-02  1.21607E-06  7.23733E-02 
7.51678E+00 7.40000E-02  1.22176E-06  7.43522E-02 
7.58389E+00 7.60000E-02  1.22682E-06  7.63310E-02 
7.65101E+00 7.80000E-02  1.23128E-06  7.83099E-02 
7.71812E+00 8.00000E-02  1.23711E-06  8.04410E-02 
7.78523E+00 8.20000E-02  1.24234E-06  8.24199E-02 
7.85235E+00 8.40000E-02  1.24633E-06  8.43988E-02 
7.91946E+00 8.60000E-02  1.25232E-06  8.63776E-02 
7.98658E+00 8.80000E-02  1.25769E-06  8.83565E-02 
8.05369E+00 9.00000E-02  1.26153E-06  9.03354E-02 
8.12081E+00 9.20000E-02  1.26691E-06  9.23142E-02 
8.18792E+00 9.40000E-02  1.27321E-06  9.42931E-02 
8.25503E+00 9.60000E-02  1.27658E-06  9.62720E-02 
8.32215E+00 9.80000E-02  1.28288E-06  9.84031E-02 
8.38926E+00 1.00000E-01  1.28872E-06  1.00230E-01 
8.45638E+00 1.02000E-01  1.29179E-06  1.02361E-01 
8.52349E+00 1.04000E-01  1.29809E-06  1.04340E-01 
8.59060E+00 1.06000E-01  1.30407E-06  1.06471E-01 
8.65772E+00 1.08000E-01  1.30715E-06  1.08450E-01 
8.72483E+00 1.10000E-01  1.31375E-06  1.10276E-01 
8.79195E+00 1.12000E-01  1.31989E-06  1.12255E-01 
8.85906E+00 1.14000E-01  1.32343E-06  1.14386E-01 
8.92617E+00 1.16000E-01  1.32988E-06  1.16365E-01 
8.99329E+00 1.18000E-01  1.33541E-06  1.18344E-01 
9.06040E+00 1.20000E-01  1.33940E-06  1.20323E-01 
9.12752E+00 1.22000E-01  1.34616E-06  1.22302E-01 
9.19463E+00 1.24000E-01  1.35107E-06  1.24433E-01 
9.26174E+00 1.26000E-01  1.35522E-06  1.26412E-01 
9.32886E+00 1.28000E-01  1.36213E-06  1.28391E-01 
9.39597E+00 1.30000E-01  1.36720E-06  1.30369E-01 
9.46309E+00 1.32000E-01  1.37196E-06  1.32348E-01 
9.53020E+00 1.34000E-01  1.37871E-06  1.34327E-01 
9.59732E+00 1.36000E-01  1.38378E-06  1.36458E-01 
9.66443E+00 1.38000E-01  1.38885E-06  1.38285E-01 
9.73154E+00 1.40000E-01  1.39576E-06  1.40112E-01 
9.79866E+00 1.42000E-01  1.40098E-06  1.42091E-01 
9.86577E+00 1.44000E-01  1.40590E-06  1.44222E-01 
9.93289E+00 1.46000E-01  1.41312E-06  1.46200E-01 
1.00000E+01 1.48000E-01  1.41696E-06  1.48179E-01 
1.00671E+01 1.50000E-01  1.42295E-06  1.50158E-01 
1.01342E+01 1.52000E-01  1.42894E-06  1.52137E-01 
1.02013E+01 1.54000E-01  1.43446E-06  1.54268E-01 
1.02685E+01 1.56000E-01  1.43999E-06  1.56247E-01 
1.03356E+01 1.58000E-01  1.44614E-06  1.58226E-01 
1.04027E+01 1.60000E-01  1.45151E-06  1.60205E-01 
1.04698E+01 1.62000E-01  1.45796E-06  1.62184E-01 
1.05369E+01 1.64000E-01  1.46334E-06  1.64315E-01 
1.06040E+01 1.66000E-01  1.46948E-06  1.66294E-01 
1.06711E+01 1.68000E-01  1.47639E-06  1.68273E-01 
1.07383E+01 1.70000E-01  1.48131E-06  1.70251E-01 
1.08054E+01 1.72000E-01  1.48668E-06  1.72230E-01 
1.08725E+01 1.74000E-01  1.49390E-06  1.74209E-01 
1.09396E+01 1.76000E-01  1.49881E-06  1.76340E-01 
1.10067E+01 1.78000E-01  1.50496E-06  1.78167E-01 
1.10738E+01 1.80000E-01  1.51202E-06  1.80298E-01 
1.11409E+01 1.82000E-01  1.51924E-06  1.82277E-01 
1.12081E+01 1.84000E-01  1.52339E-06  1.84256E-01 
1.12752E+01 1.86000E-01  1.53122E-06  1.86235E-01 
1.13423E+01 1.88000E-01  1.53813E-06  1.88213E-01 
1.14094E+01 1.90000E-01  1.54259E-06  1.90192E-01 
1.14765E+01 1.92000E-01  1.54980E-06  1.92171E-01 
1.15436E+01 1.94000E-01  1.55702E-06  1.94150E-01 
1.16107E+01 1.96000E-01  1.56270E-06  1.96281E-01 
1.16779E+01 1.98000E-01  1.56762E-06  1.98260E-01 
1.17450E+01 2.00000E-01  1.57591E-06  2.00239E-01 
1.18121E+01 2.02000E-01  1.58236E-06  2.02370E-01 
1.18792E+01 2.04000E-01  1.58559E-06  2.04349E-01 
1.19463E+01 2.06000E-01  1.59572E-06  2.06328E-01 
1.20134E+01 2.08000E-01  1.60171E-06  2.08307E-01 
1.20805E+01 2.10000E-01  1.60663E-06  2.10285E-01 
1.21477E+01 2.12000E-01  1.61676E-06  2.12264E-01 
1.22148E+01 2.14000E-01  1.62045E-06  2.14395E-01 
1.22819E+01 2.16000E-01  1.62567E-06  2.16222E-01 
1.23490E+01 2.18000E-01  1.63627E-06  2.18201E-01 
1.24161E+01 2.20000E-01  1.64057E-06  2.20180E-01 
1.24832E+01 2.22000E-01  1.64625E-06  2.22311E-01 
1.25503E+01 2.24000E-01  1.65654E-06  2.24290E-01 
1.26174E+01 2.26000E-01  1.66007E-06  2.26269E-01 
1.26846E+01 2.28000E-01  1.66622E-06  2.28248E-01 
1.27517E+01 2.30000E-01  1.67758E-06  2.30226E-01 
1.28188E+01 2.32000E-01  1.67820E-06  2.32205E-01 
1.28859E+01 2.34000E-01  1.68603E-06  2.34184E-01 
1.29530E+01 2.36000E-01  1.69755E-06  2.36315E-01 
1.30201E+01 2.38000E-01  1.69693E-06  2.38294E-01 
1.30872E+01 2.40000E-01  1.70507E-06  2.40273E-01 
1.31544E+01 2.42000E-01  1.71751E-06  2.42404E-01 
1.32215E+01 2.44000E-01  1.71751E-06  2.44383E-01 
1.32886E+01 2.46000E-01  1.72473E-06  2.46210E-01 
1.33557E+01 2.48000E-01  1.73794E-06  2.48341E-01 
1.34228E+01 2.50000E-01  1.73840E-06  2.50320E-01 
1.34899E+01 2.52000E-01  1.74546E-06  2.52298E-01 
1.35570E+01 2.54000E-01  1.75790E-06  2.54277E-01 
1.36242E+01 2.56000E-01  1.75760E-06  2.56256E-01 
1.36913E+01 2.58000E-01  1.76528E-06  2.58235E-01 
1.37584E+01 2.60000E-01  1.77680E-06  2.60366E-01 
1.38255E+01 2.62000E-01  1.77772E-06  2.62345E-01 
1.38926E+01 2.64000E-01  1.78371E-06  2.64324E-01 
1.39597E+01 2.66000E-01  1.79400E-06  2.66303E-01 
1.40268E+01 2.68000E-01  1.79722E-06  2.68282E-01 
1.40940E+01 2.70000E-01  1.80275E-06  2.70261E-01 
1.41611E+01 2.72000E-01  1.81166E-06  2.72392E-01 
1.42282E+01 2.74000E-01  1.81442E-06  2.74371E-01 
1.42953E+01 2.76000E-01  1.82149E-06  2.76349E-01 
1.43624E+01 2.78000E-01  1.82993E-06  2.78328E-01 
1.44295E+01 2.80000E-01  1.83193E-06  2.80459E-01 
1.44966E+01 2.82000E-01  1.83869E-06  2.82438E-01 
1.45638E+01 2.84000E-01  1.84468E-06  2.84417E-01 
1.46309E+01 2.86000E-01  1.84729E-06  2.86396E-01 
1.46980E+01 2.88000E-01  1.85328E-06  2.88375E-01 
1.47651E+01 2.90000E-01  1.85942E-06  2.90354E-01 
1.48322E+01 2.92000E-01  1.86188E-06  2.92485E-01 
1.48993E+01 2.94000E-01  1.86848E-06  2.94311E-01 
1.49664E+01 2.96000E-01  1.87478E-06  2.96290E-01 
1.50336E+01 2.98000E-01  1.87693E-06  2.98269E-01 
1.51007E+01 3.00000E-01  1.88292E-06  3.00400E-01 
1.51678E+01 3.02000E-01  1.88891E-06  3.02379E-01 
1.52349E+01 3.04000E-01  1.89137E-06  3.04358E-01 
1.53020E+01 3.06000E-01  1.89582E-06  3.06337E-01 
1.53691E+01 3.08000E-01  1.90288E-06  3.08316E-01 
1.54362E+01 3.10000E-01  1.90534E-06  3.10295E-01 
1.55034E+01 3.12000E-01  1.90949E-06  3.12426E-01 
1.55705E+01 3.14000E-01  1.91532E-06  3.14405E-01 
1.56376E+01 3.16000E-01  1.91947E-06  3.16384E-01 
1.57047E+01 3.18000E-01  1.92346E-06  3.18362E-01 
1.57718E+01 3.20000E-01  1.92684E-06  3.20493E-01 
1.58389E+01 3.22000E-01  1.93237E-06  3.22472E-01 
1.59060E+01 3.24000E-01  1.93514E-06  3.24299E-01 
1.59732E+01 3.26000E-01  1.93805E-06  3.26430E-01 
1.60403E+01 3.28000E-01  1.94374E-06  3.28409E-01 
1.61074E+01 3.30000E-01  1.94666E-06  3.30388E-01 
1.61745E+01 3.32000E-01  1.94865E-06  3.32367E-01 
1.62416E+01 3.34000E-01  1.95372E-06  3.34346E-01 
1.63087E+01 3.36000E-01  1.95787E-06  3.36324E-01 
1.63758E+01 3.38000E-01  1.95879E-06  3.38303E-01 
1.64430E+01 3.40000E-01  1.96462E-06  3.40434E-01 
1.65101E+01 3.42000E-01  1.96693E-06  3.42413E-01 
1.65772E+01 3.44000E-01  1.96862E-06  3.44392E-01 
1.66443E+01 3.46000E-01  1.97415E-06  3.46371E-01 
1.67114E+01 3.48000E-01  1.97799E-06  3.48350E-01 
1.67785E+01 3.50000E-01  1.97645E-06  3.50481E-01 
1.68456E+01 3.52000E-01  1.98275E-06  3.52460E-01 
1.69128E+01 3.54000E-01  1.98643E-06  3.54439E-01 
1.69799E+01 3.56000E-01  1.98444E-06  3.56418E-01 
1.70470E+01 3.58000E-01  1.99073E-06  3.58396E-01 
1.71141E+01 3.60000E-01  1.99380E-06  3.60528E-01 
1.71812E+01 3.62000E-01  1.99319E-06  3.62506E-01 
1.72483E+01 3.64000E-01  1.99841E-06  3.64485E-01 
1.73154E+01 3.66000E-01  2.00210E-06  3.66464E-01 
1.73826E+01 3.68000E-01  2.00072E-06  3.68443E-01 
1.74497E+01 3.70000E-01  2.00686E-06  3.70422E-01 
1.75168E+01 3.72000E-01  2.00932E-06  3.72401E-01 
1.75839E+01 3.74000E-01  2.00886E-06  3.74380E-01 
1.76510E+01 3.76000E-01  2.01392E-06  3.76359E-01 
1.77181E+01 3.78000E-01  2.01669E-06  3.78337E-01 
1.77852E+01 3.80000E-01  2.01653E-06  3.80469E-01 
1.78523E+01 3.82000E-01  2.02176E-06  3.82295E-01 
1.79195E+01 3.84000E-01  2.02406E-06  3.84274E-01 
1.79866E+01 3.86000E-01  2.02437E-06  3.86405E-01 
1.80537E+01 3.88000E-01  2.03005E-06  3.88384E-01 
1.81208E+01 3.90000E-01  2.03189E-06  3.90363E-01 
1.81879E+01 3.92000E-01  2.03297E-06  3.92342E-01 
1.82550E+01 3.94000E-01  2.03850E-06  3.94473E-01 
1.83221E+01 3.96000E-01  2.04034E-06  3.96452E-01 
1.83893E+01 3.98000E-01  2.04187E-06  3.98431E-01 
1.84564E+01 4.00000E-01  2.04664E-06  4.00409E-01 
1.85235E+01 4.02000E-01  2.04879E-06  4.02388E-01 
1.85906E+01 4.04000E-01  2.05140E-06  4.04367E-01 
1.86577E+01 4.06000E-01  2.05585E-06  4.06346E-01 
1.87248E+01 4.08000E-01  2.05892E-06  4.08477E-01 
1.87919E+01 4.10000E-01  2.06199E-06  4.10456E-01 
1.88591E+01 4.12000E-01  2.06629E-06  4.12435E-01 
1.89262E+01 4.14000E-01  2.06937E-06  4.14414E-01 
1.89933E+01 4.16000E-01  2.07274E-06  4.16393E-01 
1.90604E+01 4.18000E-01  2.07674E-06  4.18524E-01 
1.91275E+01 4.20000E-01  2.07966E-06  4.20503E-01 
1.91946E+01 4.22000E-01  2.08365E-06  4.22329E-01 
1.92617E+01 4.24000E-01  2.08795E-06  4.24308E-01 
1.93289E+01 4.26000E-01  2.09071E-06  4.26439E-01 
1.93960E+01 4.28000E-01  2.09501E-06  4.28418E-01 
1.94631E+01 4.30000E-01  2.09916E-06  4.30549E-01 
1.95302E+01 4.32000E-01  2.10254E-06  4.32528E-01 
1.95973E+01 4.34000E-01  2.10699E-06  4.34507E-01 
1.96644E+01 4.36000E-01  2.11129E-06  4.36486E-01 
1.97315E+01 4.38000E-01  2.11513E-06  4.38617E-01 
1.97987E+01 4.40000E-01  2.11989E-06  4.40444E-01 
1.98658E+01 4.42000E-01  2.12435E-06  4.42422E-01 
1.99329E+01 4.44000E-01  2.12865E-06  4.44554E-01 
2.00000E+01 4.46000E-01  2.13310E-06  4.46532E-01 
2.00671E+01 4.48000E-01  2.13771E-06  4.48511E-01 
2.01342E+01 4.50000E-01  2.14216E-06  4.50186E-01 
2.02013E+01 4.52000E-01  2.14662E-06  4.52165E-01 
2.02685E+01 4.54000E-01  2.15153E-06  4.54143E-01 
2.03356E+01 4.56000E-01  2.15583E-06  4.56275E-01 
2.04027E+01 4.58000E-01  2.16075E-06  4.58253E-01 
2.04698E+01 4.60000E-01  2.16581E-06  4.60232E-01 
2.05369E+01 4.62000E-01  2.17042E-06  4.62211E-01 
2.06040E+01 4.64000E-01  2.17472E-06  4.64190E-01 
2.06711E+01 4.66000E-01  2.17979E-06  4.66169E-01 
2.07383E+01 4.68000E-01  2.18424E-06  4.68300E-01 
2.08054E+01 4.70000E-01  2.18870E-06  4.70279E-01 
2.08725E+01 4.72000E-01  2.19361E-06  4.72258E-01 
2.09396E+01 4.74000E-01  2.19791E-06  4.74389E-01 
2.10067E+01 4.76000E-01  2.20267E-06  4.76368E-01 
2.10738E+01 4.78000E-01  2.20743E-06  4.78347E-01 
2.11409E+01 4.80000E-01  2.21204E-06  4.80173E-01 
2.12081E+01 4.82000E-01  2.21665E-06  4.82304E-01 
2.12752E+01 4.84000E-01  2.22187E-06  4.84283E-01 
2.13423E+01 4.86000E-01  2.22663E-06  4.86414E-01 
2.14094E+01 4.88000E-01  2.23170E-06  4.88393E-01 
2.14765E+01 4.90000E-01  2.23738E-06  4.90220E-01 
2.15436E+01 4.92000E-01  2.24199E-06  4.92351E-01 
2.16107E+01 4.94000E-01  2.24522E-06  4.94330E-01 
2.16779E+01 4.96000E-01  2.25274E-06  4.96309E-01 
2.17450E+01 4.98000E-01  2.25735E-06  4.98288E-01 
2.18121E+01 5.00000E-01  2.26272E-06  5.00266E-01 
2.18792E+01 5.02000E-01  2.26718E-06  5.02245E-01 
2.19463E+01 5.04000E-01  2.27301E-06  5.04224E-01 
2.20134E+01 5.06000E-01  2.27854E-06  5.06355E-01 
2.20805E+01 5.08000E-01  2.28422E-06  5.08334E-01 
2.21477E+01 5.10000E-01  2.28883E-06  5.10313E-01 
2.22148E+01 5.12000E-01  2.29421E-06  5.12292E-01 
2.22819E+01 5.14000E-01  2.30020E-06  5.14423E-01 
2.23490E+01 5.16000E-01  2.30496E-06  5.16402E-01 
2.24161E+01 5.18000E-01  2.31095E-06  5.18381E-01 
2.24832E+01 5.20000E-01  2.31678E-06  5.20360E-01 
2.25503E+01 5.22000E-01  2.32231E-06  5.22338E-01 
2.26174E+01 5.24000E-01  2.32800E-06  5.24317E-01 
2.26846E+01 5.26000E-01  2.33398E-06  5.26448E-01 
2.27517E+01 5.28000E-01  2.33936E-06  5.28275E-01 
2.28188E+01 5.30000E-01  2.34535E-06  5.30254E-01 
2.28859E+01 5.32000E-01  2.35149E-06  5.32385E-01 
2.29530E+01 5.34000E-01  2.35687E-06  5.34364E-01 
2.30201E+01 5.36000E-01  2.36301E-06  5.36343E-01 
2.30872E+01 5.38000E-01  2.36900E-06  5.38322E-01 
2.31544E+01 5.40000E-01  2.37438E-06  5.40301E-01 
2.32215E+01 5.42000E-01  2.38052E-06  5.42279E-01 
2.32886E+01 5.44000E-01  2.38666E-06  5.44258E-01 
2.33557E+01 5.46000E-01  2.39219E-06  5.46389E-01 
2.34228E+01 5.48000E-01  2.39833E-06  5.48368E-01 
2.34899E+01 5.50000E-01  2.40463E-06  5.50347E-01 
2.35570E+01 5.52000E-01  2.41016E-06  5.52326E-01 
2.36242E+01 5.54000E-01  2.41646E-06  5.54457E-01 
2.36913E+01 5.56000E-01  2.42275E-06  5.56436E-01 
2.37584E+01 5.58000E-01  2.42844E-06  5.58263E-01 
2.38255E+01 5.60000E-01  2.43473E-06  5.60394E-01 
2.38926E+01 5.62000E-01  2.44134E-06  5.62373E-01 
2.39597E+01 5.64000E-01  2.44733E-06  5.64351E-01 
2.40268E+01 5.66000E-01  2.45393E-06  5.66330E-01 
2.40940E+01 5.68000E-01  2.46100E-06  5.68309E-01 
2.41611E+01 5.70000E-01  2.46775E-06  5.70440E-01 
2.42282E+01 5.72000E-01  2.47405E-06  5.72419E-01 
2.42953E+01 5.74000E-01  2.48158E-06  5.74398E-01 
2.43624E+01 5.76000E-01  2.48818E-06  5.76377E-01 
2.44295E+01 5.78000E-01  2.49463E-06  5.78356E-01 
2.44966E+01 5.80000E-01  2.50154E-06  5.80335E-01 
2.45638E+01 5.82000E-01  2.50768E-06  5.82466E-01 
2.46309E+01 5.84000E-01  2.51413E-06  5.84445E-01 
2.46980E+01 5.86000E-01  2.52105E-06  5.86423E-01 
2.47651E+01 5.88000E-01  2.52750E-06  5.88402E-01 
2.48322E+01 5.90000E-01  2.53425E-06  5.90381E-01 
2.48993E+01 5.92000E-01  2.54116E-06  5.92512E-01 
2.49664E+01 5.94000E-01  2.54792E-06  5.94491E-01 
2.50336E+01 5.96000E-01  2.55499E-06  5.96470E-01 
2.51007E+01 5.98000E-01  2.56205E-06  5.98449E-01 
2.51678E+01 6.00000E-01  2.57004E-06  6.00428E-01 
2.52349E+01 5.98000E-01  2.55176E-06  5.98601E-01 
2.53020E+01 5.96000E-01  2.53809E-06  5.96470E-01 
2.53691E+01 5.94000E-01  2.52611E-06  5.94643E-01 
2.54362E+01 5.92000E-01  2.51475E-06  5.92665E-01 
2.55034E+01 5.90000E-01  2.50369E-06  5.90533E-01 
2.55705E+01 5.88000E-01  2.49340E-06  5.88555E-01 
2.56376E+01 5.86000E-01  2.48588E-06  5.86576E-01 
2.57047E+01 5.84000E-01  2.47651E-06  5.84597E-01 
2.57718E+01 5.82000E-01  2.46729E-06  5.82466E-01 
2.58389E+01 5.80000E-01  2.45777E-06  5.80487E-01 
2.59060E+01 5.78000E-01  2.44794E-06  5.78508E-01 
2.59732E+01 5.76000E-01  2.43903E-06  5.76529E-01 
2.60403E+01 5.74000E-01  2.43013E-06  5.74550E-01 
2.61074E+01 5.72000E-01  2.42030E-06  5.72571E-01 
2.61745E+01 5.70000E-01  2.41185E-06  5.70593E-01 
2.62416E+01 5.68000E-01  2.40310E-06  5.68461E-01 
2.63087E+01 5.66000E-01  2.39419E-06  5.66483E-01 
2.63758E+01 5.64000E-01  2.38712E-06  5.64504E-01 
2.64430E+01 5.62000E-01  2.37960E-06  5.62525E-01 
2.65101E+01 5.60000E-01  2.37038E-06  5.60546E-01 
2.65772E+01 5.58000E-01  2.36424E-06  5.58567E-01 
2.66443E+01 5.56000E-01  2.35687E-06  5.56588E-01 
2.67114E+01 5.54000E-01  2.34827E-06  5.54609E-01 
2.67785E+01 5.52000E-01  2.34197E-06  5.52478E-01 
2.68456E+01 5.50000E-01  2.33460E-06  5.50499E-01 
2.69128E+01 5.48000E-01  2.32600E-06  5.48520E-01 
2.69799E+01 5.46000E-01  2.31986E-06  5.46542E-01 
2.70470E+01 5.44000E-01  2.31279E-06  5.44563E-01 
2.71141E+01 5.42000E-01  2.30480E-06  5.42432E-01 
2.71812E+01 5.40000E-01  2.29835E-06  5.40453E-01 
2.72483E+01 5.38000E-01  2.29144E-06  5.38474E-01 
2.73154E+01 5.36000E-01  2.28392E-06  5.36495E-01 
2.73826E+01 5.34000E-01  2.27777E-06  5.34516E-01 
2.74497E+01 5.32000E-01  2.27086E-06  5.32537E-01 
2.75168E+01 5.30000E-01  2.26364E-06  5.30406E-01 
2.75839E+01 5.28000E-01  2.25735E-06  5.28427E-01 
2.76510E+01 5.26000E-01  2.25013E-06  5.26601E-01 
2.77181E+01 5.24000E-01  2.24337E-06  5.24470E-01 
2.77852E+01 5.22000E-01  2.23677E-06  5.22491E-01 
2.78523E+01 5.20000E-01  2.23032E-06  5.20512E-01 
2.79195E+01 5.18000E-01  2.22417E-06  5.18533E-01 
2.79866E+01 5.16000E-01  2.21819E-06  5.16554E-01 
2.80537E+01 5.14000E-01  2.21127E-06  5.14575E-01 
2.81208E+01 5.12000E-01  2.20452E-06  5.12596E-01 
2.81879E+01 5.10000E-01  2.19837E-06  5.10465E-01 
2.82550E+01 5.08000E-01  2.19192E-06  5.08486E-01 
2.83221E+01 5.06000E-01  2.18578E-06  5.06507E-01 
2.83893E+01 5.04000E-01  2.17994E-06  5.04376E-01 
2.84564E+01 5.02000E-01  2.17380E-06  5.02398E-01 
2.85235E+01 5.00000E-01  2.16781E-06  5.00419E-01 
2.85906E+01 4.98000E-01  2.16213E-06  4.98592E-01 
2.86577E+01 4.96000E-01  2.15583E-06  4.96461E-01 
2.87248E+01 4.94000E-01  2.14984E-06  4.94482E-01 
2.87919E+01 4.92000E-01  2.14401E-06  4.92503E-01 
2.88591E+01 4.90000E-01  2.13786E-06  4.90524E-01 
2.89262E+01 4.88000E-01  2.13187E-06  4.88545E-01 
2.89933E+01 4.86000E-01  2.12573E-06  4.86567E-01 
2.90604E+01 4.84000E-01  2.11989E-06  4.84435E-01 
2.91275E+01 4.82000E-01  2.11390E-06  4.82457E-01 
2.91946E+01 4.80000E-01  2.10761E-06  4.80478E-01 
2.92617E+01 4.78000E-01  2.10208E-06  4.78499E-01 
2.93289E+01 4.76000E-01  2.09594E-06  4.76520E-01 
2.93960E+01 4.74000E-01  2.08979E-06  4.74541E-01 
2.94631E+01 4.72000E-01  2.08411E-06  4.72410E-01 
2.95302E+01 4.70000E-01  2.07827E-06  4.70431E-01 
2.95973E+01 4.68000E-01  2.07228E-06  4.68452E-01 
2.96644E+01 4.66000E-01  2.06629E-06  4.66473E-01 
2.97315E+01 4.64000E-01  2.06046E-06  4.64342E-01 
2.97987E+01 4.62000E-01  2.05478E-06  4.62363E-01 
2.98658E+01 4.60000E-01  2.04863E-06  4.60385E-01 
2.99329E+01 4.58000E-01  2.04280E-06  4.58406E-01 
3.00000E+01 4.56000E-01  2.03757E-06  4.56427E-01 
3.00671E+01 4.54000E-01  2.03143E-06  4.54448E-01 
3.01342E+01 4.52000E-01  2.02529E-06  4.52469E-01 
3.02013E+01 4.50000E-01  2.02022E-06  4.50338E-01 
3.02685E+01 4.48000E-01  2.01377E-06  4.48664E-01 
3.03356E+01 4.46000E-01  2.00793E-06  4.46685E-01 
3.04027E+01 4.44000E-01  2.00302E-06  4.44706E-01 
3.04698E+01 4.42000E-01  1.99672E-06  4.42727E-01 
3.05369E+01 4.40000E-01  1.99058E-06  4.40596E-01 
3.06040E+01 4.38000E-01  1.98566E-06  4.38769E-01 
3.06711E+01 4.36000E-01  1.97937E-06  4.36638E-01 
3.07383E+01 4.34000E-01  1.97338E-06  4.34659E-01 
3.08054E+01 4.32000E-01  1.96816E-06  4.32680E-01 
3.08725E+01 4.30000E-01  1.96217E-06  4.30549E-01 
3.09396E+01 4.28000E-01  1.95618E-06  4.28570E-01 
3.10067E+01 4.26000E-01  1.95126E-06  4.26591E-01 
3.10738E+01 4.24000E-01  1.94450E-06  4.24460E-01 
3.11409E+01 4.22000E-01  1.93898E-06  4.22482E-01 
3.12081E+01 4.20000E-01  1.93360E-06  4.20655E-01 
3.12752E+01 4.18000E-01  1.92669E-06  4.18676E-01 
3.13423E+01 4.16000E-01  1.92101E-06  4.16545E-01 
3.14094E+01 4.14000E-01  1.91579E-06  4.14566E-01 
3.14765E+01 4.12000E-01  1.90872E-06  4.12587E-01 
3.15436E+01 4.10000E-01  1.90319E-06  4.10608E-01 
3.16107E+01 4.08000E-01  1.89797E-06  4.08629E-01 
3.16779E+01 4.06000E-01  1.89091E-06  4.06651E-01 
3.17450E+01 4.04000E-01  1.88522E-06  4.04519E-01 
3.18121E+01 4.02000E-01  1.88015E-06  4.02541E-01 
3.18792E+01 4.00000E-01  1.87294E-06  4.00714E-01 
3.19463E+01 3.98000E-01  1.86741E-06  3.98583E-01 
3.20134E+01 3.96000E-01  1.86249E-06  3.96604E-01 
3.20805E+01 3.94000E-01  1.85466E-06  3.94625E-01 
3.21477E+01 3.92000E-01  1.84913E-06  3.92646E-01 
3.22148E+01 3.90000E-01  1.84422E-06  3.90515E-01 
3.22819E+01 3.88000E-01  1.83654E-06  3.88536E-01 
3.23490E+01 3.86000E-01  1.83039E-06  3.86557E-01 
3.24161E+01 3.84000E-01  1.82533E-06  3.84426E-01 
3.24832E+01 3.82000E-01  1.81795E-06  3.82447E-01 
3.25503E+01 3.80000E-01  1.81197E-06  3.80621E-01 
3.26174E+01 3.78000E-01  1.80705E-06  3.78490E-01 
3.26846E+01 3.76000E-01  1.79983E-06  3.76511E-01 
3.27517E+01 3.74000E-01  1.79384E-06  3.74532E-01 
3.28188E+01 3.72000E-01  1.78801E-06  3.72553E-01 
3.28859E+01 3.70000E-01  1.78186E-06  3.70574E-01 
3.29530E+01 3.68000E-01  1.77511E-06  3.68595E-01 
3.30201E+01 3.66000E-01  1.77019E-06  3.66616E-01 
3.30872E+01 3.64000E-01  1.76236E-06  3.64485E-01 
3.31544E+01 3.62000E-01  1.75652E-06  3.62659E-01 
3.32215E+01 3.60000E-01  1.75207E-06  3.60680E-01 
3.32886E+01 3.58000E-01  1.74485E-06  3.58701E-01 
3.33557E+01 3.56000E-01  1.73917E-06  3.56570E-01 
3.34228E+01 3.54000E-01  1.73379E-06  3.54591E-01 
3.34899E+01 3.52000E-01  1.72550E-06  3.52612E-01 
3.35570E+01 3.50000E-01  1.71966E-06  3.50481E-01 
3.36242E+01 3.48000E-01  1.71552E-06  3.48502E-01 
3.36913E+01 3.46000E-01  1.70646E-06  3.46523E-01 
3.37584E+01 3.44000E-01  1.69924E-06  3.44392E-01 
3.38255E+01 3.42000E-01  1.69509E-06  3.42566E-01 
3.38926E+01 3.40000E-01  1.68649E-06  3.40587E-01 
3.39597E+01 3.38000E-01  1.68004E-06  3.38456E-01 
3.40268E+01 3.36000E-01  1.67482E-06  3.36477E-01 
3.40940E+01 3.34000E-01  1.66699E-06  3.34498E-01 
3.41611E+01 3.32000E-01  1.66007E-06  3.32519E-01 
3.42282E+01 3.30000E-01  1.65378E-06  3.30540E-01 
3.42953E+01 3.28000E-01  1.64702E-06  3.28561E-01 
3.43624E+01 3.26000E-01  1.64057E-06  3.26430E-01 
3.44295E+01 3.24000E-01  1.63381E-06  3.24451E-01 
3.44966E+01 3.22000E-01  1.62890E-06  3.22625E-01 
3.45638E+01 3.20000E-01  1.62168E-06  3.20493E-01 
3.46309E+01 3.18000E-01  1.61262E-06  3.18515E-01 
3.46980E+01 3.16000E-01  1.60862E-06  3.16536E-01 
3.47651E+01 3.14000E-01  1.60279E-06  3.14557E-01 
3.48322E+01 3.12000E-01  1.59204E-06  3.12426E-01 
3.48993E+01 3.10000E-01  1.58789E-06  3.10447E-01 
3.49664E+01 3.08000E-01  1.58328E-06  3.08468E-01 
3.50336E+01 3.06000E-01  1.57023E-06  3.06337E-01 
3.51007E+01 3.04000E-01  1.56685E-06  3.04358E-01 
3.51678E+01 3.02000E-01  1.56240E-06  3.02531E-01 
3.52349E+01 3.00000E-01  1.54965E-06  3.00400E-01 
3.53020E+01 2.98000E-01  1.54673E-06  2.98421E-01 
3.53691E+01 2.96000E-01  1.54259E-06  2.96443E-01 
3.54362E+01 2.94000E-01  1.52876E-06  2.94464E-01 
3.55034E+01 2.92000E-01  1.52677E-06  2.92485E-01 
3.55705E+01 2.90000E-01  1.52293E-06  2.90506E-01 
3.56376E+01 2.88000E-01  1.50711E-06  2.88527E-01 
3.57047E+01 2.86000E-01  1.50803E-06  2.86396E-01 
3.57718E+01 2.84000E-01  1.50235E-06  2.84417E-01 
3.58389E+01 2.82000E-01  1.48714E-06  2.82590E-01 
3.59060E+01 2.80000E-01  1.48868E-06  2.80459E-01 
3.59732E+01 2.78000E-01  1.48146E-06  2.78480E-01 
3.60403E+01 2.76000E-01  1.46718E-06  2.76502E-01 
3.61074E+01 2.74000E-01  1.46917E-06  2.74523E-01 
3.61745E+01 2.72000E-01  1.46211E-06  2.72392E-01 
3.62416E+01 2.70000E-01  1.44859E-06  2.70413E-01 
3.63087E+01 2.68000E-01  1.45044E-06  2.68434E-01 
3.63758E+01 2.66000E-01  1.44260E-06  2.66303E-01 
3.64430E+01 2.64000E-01  1.42970E-06  2.64476E-01 
3.65101E+01 2.62000E-01  1.42786E-06  2.62497E-01 
3.65772E+01 2.60000E-01  1.42433E-06  2.60366E-01 
3.66443E+01 2.58000E-01  1.41112E-06  2.58387E-01 
3.67114E+01 2.56000E-01  1.42924E-06  2.56408E-01 
3.67785E+01 2.54000E-01  1.40728E-06  2.54430E-01 
3.68456E+01 2.52000E-01  1.39515E-06  2.52451E-01 
3.69128E+01 2.50000E-01  1.39914E-06  2.50320E-01 
3.69799E+01 2.48000E-01  1.38947E-06  2.48341E-01 
3.70470E+01 2.46000E-01  1.38117E-06  2.46362E-01 
3.71141E+01 2.44000E-01  1.38133E-06  2.44535E-01 
3.71812E+01 2.42000E-01  1.37380E-06  2.42404E-01 
3.72483E+01 2.40000E-01  1.36674E-06  2.40425E-01 
3.73154E+01 2.38000E-01  1.36489E-06  2.38446E-01 
3.73826E+01 2.36000E-01  1.35737E-06  2.36315E-01 
3.74497E+01 2.34000E-01  1.35215E-06  2.34336E-01 
3.75168E+01 2.32000E-01  1.34877E-06  2.32358E-01 
3.75839E+01 2.30000E-01  1.34170E-06  2.30379E-01 
3.76510E+01 2.28000E-01  1.33740E-06  2.28248E-01 
3.77181E+01 2.26000E-01  1.33448E-06  2.26269E-01 
3.77852E+01 2.24000E-01  1.32680E-06  2.24442E-01 
3.78523E+01 2.22000E-01  1.32465E-06  2.22311E-01 
3.79195E+01 2.20000E-01  1.32143E-06  2.20332E-01 
3.79866E+01 2.18000E-01  1.31406E-06  2.18353E-01 
3.80537E+01 2.16000E-01  1.31160E-06  2.16374E-01 
3.81208E+01 2.14000E-01  1.30807E-06  2.14395E-01 
3.81879E+01 2.12000E-01  1.30039E-06  2.12417E-01 
3.82550E+01 2.10000E-01  1.29732E-06  2.10438E-01 
3.83221E+01 2.08000E-01  1.29363E-06  2.08307E-01 
3.83893E+01 2.06000E-01  1.28657E-06  2.06328E-01 
3.84564E+01 2.04000E-01  1.28396E-06  2.04501E-01 
3.85235E+01 2.02000E-01  1.28150E-06  2.02370E-01 
3.85906E+01 2.00000E-01  1.27505E-06  2.00391E-01 
3.86577E+01 1.98000E-01  1.27121E-06  1.98412E-01 
3.87248E+01 1.96000E-01  1.26875E-06  1.96433E-01 
3.87919E+01 1.94000E-01  1.26353E-06  1.94302E-01 
3.88591E+01 1.92000E-01  1.25861E-06  1.92323E-01 
3.89262E+01 1.90000E-01  1.25693E-06  1.90345E-01 
3.89933E+01 1.88000E-01  1.25186E-06  1.88366E-01 
3.90604E+01 1.86000E-01  1.24710E-06  1.86387E-01 
3.91275E+01 1.84000E-01  1.24694E-06  1.84408E-01 
3.91946E+01 1.82000E-01  1.24003E-06  1.82429E-01 
3.92617E+01 1.80000E-01  1.23589E-06  1.80450E-01 
3.93289E+01 1.78000E-01  1.23619E-06  1.78319E-01 
3.93960E+01 1.76000E-01  1.23005E-06  1.76492E-01 
3.94631E+01 1.74000E-01  1.22421E-06  1.74361E-01 
3.95302E+01 1.72000E-01  1.22483E-06  1.72382E-01 
3.95973E+01 1.70000E-01  1.21930E-06  1.70404E-01 
3.96644E+01 1.68000E-01  1.21408E-06  1.68425E-01 
3.97315E+01 1.66000E-01  1.21484E-06  1.66446E-01 
3.97987E+01 1.64000E-01  1.20763E-06  1.64467E-01 
3.98658E+01 1.62000E-01  1.20409E-06  1.62488E-01 
3.99329E+01 1.60000E-01  1.20455E-06  1.60357E-01 
4.00000E+01 1.58000E-01  1.19641E-06  1.58378E-01 
4.00671E+01 1.56000E-01  1.19380E-06  1.56399E-01 
4.01342E+01 1.54000E-01  1.19380E-06  1.54420E-01 
4.02013E+01 1.52000E-01  1.18705E-06  1.52289E-01 
4.02685E+01 1.50000E-01  1.18382E-06  1.50310E-01 
4.03356E+01 1.48000E-01  1.18459E-06  1.48332E-01 
4.04027E+01 1.46000E-01  1.17553E-06  1.46353E-01 
4.04698E+01 1.44000E-01  1.17338E-06  1.44374E-01 
4.05369E+01 1.42000E-01  1.17461E-06  1.42395E-01 
4.06040E+01 1.40000E-01  1.16462E-06  1.40416E-01 
4.06711E+01 1.38000E-01  1.16309E-06  1.38437E-01 
4.07383E+01 1.36000E-01  1.16370E-06  1.36611E-01 
4.08054E+01 1.34000E-01  1.15572E-06  1.34632E-01 
4.08725E+01 1.32000E-01  1.15249E-06  1.32501E-01 
4.09396E+01 1.30000E-01  1.15280E-06  1.30522E-01 
4.10067E+01 1.28000E-01  1.14589E-06  1.28543E-01 
4.10738E+01 1.26000E-01  1.14297E-06  1.26716E-01 
4.11409E+01 1.24000E-01  1.14220E-06  1.24585E-01 
4.12081E+01 1.22000E-01  1.13575E-06  1.22606E-01 
4.12752E+01 1.20000E-01  1.13314E-06  1.20627E-01 
4.13423E+01 1.18000E-01  1.13145E-06  1.18648E-01 
4.14094E+01 1.16000E-01  1.12469E-06  1.16517E-01 
4.14765E+01 1.14000E-01  1.12254E-06  1.14539E-01 
4.15436E+01 1.12000E-01  1.11993E-06  1.12560E-01 
4.16107E+01 1.10000E-01  1.11502E-06  1.10429E-01 
4.16779E+01 1.08000E-01  1.11179E-06  1.08602E-01 
4.17450E+01 1.06000E-01  1.10964E-06  1.06623E-01 
4.18121E+01 1.04000E-01  1.10396E-06  1.04644E-01 
4.18792E+01 1.02000E-01  1.10089E-06  1.02513E-01 
4.19463E+01 1.00000E-01  1.09828E-06  1.00534E-01 
4.20134E+01 9.80000E-02  1.09275E-06  9.85553E-02 
4.20805E+01 9.60000E-02  1.08998E-06  9.65764E-02 
4.21477E+01 9.40000E-02  1.08737E-06  9.45976E-02 
4.22148E+01 9.20000E-02  1.08184E-06  9.24665E-02 
4.22819E+01 9.00000E-02  1.07862E-06  9.04876E-02 
4.23490E+01 8.80000E-02  1.07632E-06  8.86609E-02 
4.24161E+01 8.60000E-02  1.07125E-06  8.66821E-02 
4.24832E+01 8.40000E-02  1.06710E-06  8.45510E-02 
4.25503E+01 8.20000E-02  1.06495E-06  8.25721E-02 
4.26174E+01 8.00000E-02  1.05988E-06  8.05932E-02 
4.26846E+01 7.80000E-02  1.05558E-06  7.84621E-02 
4.27517E+01 7.60000E-02  1.05328E-06  7.64833E-02 
4.28188E+01 7.40000E-02  1.04821E-06  7.45044E-02 
4.28859E+01 7.20000E-02  1.04376E-06  7.25255E-02 
4.29530E+01 7.00000E-02  1.04115E-06  7.03944E-02 
4.30201E+01 6.80000E-02  1.03608E-06  6.85678E-02 
4.30872E+01 6.60000E-02  1.03178E-06  6.65889E-02 
4.31544E+01 6.40000E-02  1.02886E-06  6.44578E-02 
4.32215E+01 6.20000E-02  1.02425E-06  6.24789E-02 
4.32886E+01 6.00000E-02  1.01980E-06  6.05001E-02 
4.33557E+01 5.80000E-02  1.01627E-06  5.85212E-02 
4.34228E+01 5.60000E-02  1.01212E-06  5.65423E-02 
4.34899E+01 5.40000E-02  1.00813E-06  5.45635E-02 
4.35570E+01 5.20000E-02  1.00429E-06  5.25846E-02 
4.36242E+01 5.00000E-02  1.00014E-06  5.06057E-02 
4.36913E+01 4.80000E-02  9.96300E-07  4.86268E-02 
4.37584E+01 4.60000E-02  9.91692E-07  4.66480E-02 
4.38255E+01 4.40000E-02  9.87853E-07  4.46691E-02 
4.38926E+01 4.20000E-02  9.84167E-07  4.25380E-02 
4.39597E+01 4.00000E-02  9.79713E-07  4.05591E-02 
4.40268E+01 3.80000E-02  9.76027E-07  3.85803E-02 
4.40940E+01 3.60000E-02  9.72188E-07  3.64492E-02 
4.41611E+01 3.40000E-02  9.67734E-07  3.44703E-02 
4.42282E+01 3.20000E-02  9.64048E-07  3.24914E-02 
4.42953E+01 3.00000E-02  9.60208E-07  3.05125E-02 
4.43624E+01 2.80000E-02  9.55447E-07  2.85337E-02 
4.44295E+01 2.60000E-02  9.52068E-07  2.65548E-02 
4.44966E+01 2.40000E-02  9.48075E-07  2.45759E-02 
4.45638E+01 2.20000E-02  9.43468E-07  2.24448E-02 
4.46309E+01 2.00000E-02  9.39936E-07  2.04660E-02 
4.46980E+01 1.80000E-02  9.35789E-07  1.84871E-02 
4.47651E+01 1.60000E-02  9.30721E-07  1.65082E-02 
4.48322E+01 1.40000E-02  9.27496E-07  1.45293E-02 
4.48993E+01 1.20000E-02  9.23349E-07  1.25505E-02 
4.49664E+01 1.00000E-02  9.17974E-07  1.05716E-02 
4.50336E+01 8.00000E-03  9.14902E-07  8.59272E-03 
4.51007E+01 6.00000E-03  9.10602E-07  6.46163E-03 
4.51678E+01 4.00000E-03  9.05534E-07  4.48276E-03 
4.52349E+01 2.00000E-03  9.02462E-07  2.50388E-03 
4.53020E+01 3.14419E-18  8.98162E-07  5.25010E-04 
4.53691E+01 -2.00000E-03 8.93094E-07  -1.45386E-03
4.54362E+01 -4.00000E-03 8.89868E-07  -3.58496E-03
4.55034E+01 -6.00000E-03 8.85875E-07  -5.56383E-03
4.55705E+01 -8.00000E-03 8.80654E-07  -7.54270E-03
4.56376E+01 -1.00000E-02 8.77428E-07  -9.52157E-03
4.57047E+01 -1.20000E-02 8.73282E-07  -1.15004E-02
4.57718E+01 -1.40000E-02 8.68060E-07  -1.34793E-02
4.58389E+01 -1.60000E-02 8.64988E-07  -1.56104E-02
4.59060E+01 -1.80000E-02 8.60535E-07  -1.74371E-02
4.59732E+01 -2.00000E-02 8.55774E-07  -1.92637E-02
4.60403E+01 -2.20000E-02 8.52088E-07  -2.12426E-02
4.61074E+01 -2.40000E-02 8.47787E-07  -2.32215E-02
4.61745E+01 -2.60000E-02 8.43487E-07  -2.53526E-02
4.62416E+01 -2.80000E-02 8.39801E-07  -2.71792E-02
4.63087E+01 -3.00000E-02 8.35501E-07  -2.91581E-02
4.63758E+01 -3.20000E-02 8.30894E-07  -3.12892E-02
4.64430E+01 -3.40000E-02 8.27361E-07  -3.32680E-02
4.65101E+01 -3.60000E-02 8.22600E-07  -3.52469E-02
4.65772E+01 -3.80000E-02 8.18454E-07  -3.72258E-02
4.66443E+01 -4.00000E-02 8.14460E-07  -3.93569E-02
4.67114E+01 -4.20000E-02 8.10007E-07  -4.13358E-02
4.67785E+01 -4.40000E-02 8.05706E-07  -4.33146E-02
4.68456E+01 -4.60000E-02 8.01713E-07  -4.54457E-02
4.69128E+01 -4.80000E-02 7.97259E-07  -4.72724E-02
4.69799E+01 -5.00000E-02 7.92806E-07  -4.92512E-02
4.70470E+01 -5.20000E-02 7.88813E-07  -5.13823E-02
4.71141E+01 -5.40000E-02 7.84359E-07  -5.33612E-02
4.71812E+01 -5.60000E-02 7.80366E-07  -5.53401E-02
4.72483E+01 -5.80000E-02 7.76219E-07  -5.73190E-02
4.73154E+01 -6.00000E-02 7.71765E-07  -5.92978E-02
4.73826E+01 -6.20000E-02 7.67618E-07  -6.12767E-02
4.74497E+01 -6.40000E-02 7.63472E-07  -6.34078E-02
4.75168E+01 -6.60000E-02 7.59018E-07  -6.53867E-02
4.75839E+01 -6.80000E-02 7.54718E-07  -6.72133E-02
4.76510E+01 -7.00000E-02 7.50725E-07  -6.93444E-02
4.77181E+01 -7.20000E-02 7.46424E-07  -7.13233E-02
4.77852E+01 -7.40000E-02 7.42124E-07  -7.33022E-02
4.78523E+01 -7.60000E-02 7.37977E-07  -7.54332E-02
4.79195E+01 -7.80000E-02 7.33677E-07  -7.74121E-02
4.79866E+01 -8.00000E-02 7.29531E-07  -7.93910E-02
4.80537E+01 -8.20000E-02 7.25230E-07  -8.13699E-02
4.81208E+01 -8.40000E-02 7.21084E-07  -8.35010E-02
4.81879E+01 -8.60000E-02 7.16783E-07  -8.54798E-02
4.82550E+01 -8.80000E-02 7.12483E-07  -8.73065E-02
4.83221E+01 -9.00000E-02 7.08336E-07  -8.94376E-02
4.83893E+01 -9.20000E-02 7.04190E-07  -9.14165E-02
4.84564E+01 -9.40000E-02 7.00197E-07  -9.33953E-02
4.85235E+01 -9.60000E-02 6.95743E-07  -9.53742E-02
4.85906E+01 -9.80000E-02 6.91596E-07  -9.73531E-02
4.86577E+01 -1.00000E-01 6.87603E-07  -9.93319E-02
4.87248E+01 -1.02000E-01 6.83149E-07  -1.01311E-01
4.87919E+01 -1.04000E-01 6.78695E-07  -1.03290E-01
4.88591E+01 -1.06000E-01 6.74856E-07  -1.05269E-01
4.89262E+01 -1.08000E-01 6.70248E-07  -1.07247E-01
4.89933E+01 -1.10000E-01 6.65948E-07  -1.09379E-01
4.90604E+01 -1.12000E-01 6.61955E-07  -1.11357E-01
4.91275E+01 -1.14000E-01 6.57501E-07  -1.13336E-01
4.91946E+01 -1.16000E-01 6.53047E-07  -1.15315E-01
4.92617E+01 -1.18000E-01 6.49362E-07  -1.17446E-01
4.93289E+01 -1.20000E-01 6.44601E-07  -1.19425E-01
4.93960E+01 -1.22000E-01 6.40300E-07  -1.21404E-01
4.94631E+01 -1.24000E-01 6.36154E-07  -1.23383E-01
4.95302E+01 -1.26000E-01 6.31700E-07  -1.25362E-01
4.95973E+01 -1.28000E-01 6.27246E-07  -1.27341E-01
4.96644E+01 -1.30000E-01 6.23406E-07  -1.29319E-01
4.97315E+01 -1.32000E-01 6.18953E-07  -1.31451E-01
4.97987E+01 -1.34000E-01 6.14499E-07  -1.33429E-01
4.98658E+01 -1.36000E-01 6.10659E-07  -1.35408E-01
4.99329E+01 -1.38000E-01 6.06052E-07  -1.37387E-01
5.00000E+01 -1.40000E-01 6.01598E-07  -1.39518E-01
5.00671E+01 -1.42000E-01 5.97451E-07  -1.41497E-01
5.01342E+01 -1.44000E-01 5.92998E-07  -1.43476E-01
5.02013E+01 -1.46000E-01 5.88697E-07  -1.45303E-01
5.02685E+01 -1.48000E-01 5.84704E-07  -1.47434E-01
