time/s      E/V        I/A
0.00000E+00 -1.50000E-01 6.24328E-07  -1.49413E-01
6.71141E-02 -1.48000E-01 6.34004E-07  -1.47434E-01
1.34228E-01 -1.46000E-01 6.42604E-07  -1.45455E-01
2.01342E-01 -1.44000E-01 6.49822E-07  -1.43628E-01
2.68456E-01 -1.42000E-01 6.55812E-07  -1.41649E-01
3.35570E-01 -1.40000E-01 6.63491E-07  -1.39518E-01
4.02685E-01 -1.38000E-01 6.70095E-07  -1.37539E-01
4.69799E-01 -1.36000E-01 6.75470E-07  -1.35561E-01
5.36913E-01 -1.34000E-01 6.82842E-07  -1.33582E-01
6.04027E-01 -1.32000E-01 6.88832E-07  -1.31603E-01
6.71141E-01 -1.30000E-01 6.94053E-07  -1.29624E-01
7.38255E-01 -1.28000E-01 7.00965E-07  -1.27493E-01
8.05369E-01 -1.26000E-01 7.06493E-07  -1.25514E-01
8.72483E-01 -1.24000E-01 7.11562E-07  -1.23687E-01
9.39597E-01 -1.22000E-01 7.18166E-07  -1.21556E-01
1.00671E+00 -1.20000E-01 7.23694E-07  -1.19577E-01
1.07383E+00 -1.18000E-01 7.28763E-07  -1.17598E-01
1.14094E+00 -1.16000E-01 7.34906E-07  -1.15467E-01
1.20805E+00 -1.14000E-01 7.40435E-07  -1.13488E-01
1.27517E+00 -1.12000E-01 7.45196E-07  -1.11510E-01
1.34228E+00 -1.10000E-01 7.51339E-07  -1.09531E-01
1.40940E+00 -1.08000E-01 7.56561E-07  -1.07400E-01
1.47651E+00 -1.06000E-01 7.61782E-07  -1.05421E-01
1.54362E+00 -1.04000E-01 7.67618E-07  -1.03594E-01
1.61074E+00 -1.02000E-01 7.72840E-07  -1.01463E-01
1.67785E+00 -1.00000E-01 7.78062E-07  -9.94842E-02
1.74497E+00 -9.80000E-02 7.83437E-07  -9.75053E-02
1.81208E+00 -9.60000E-02 7.88813E-07  -9.55264E-02
1.87919E+00 -9.40000E-02 7.93727E-07  -9.35475E-02
1.94631E+00 -9.20000E-02 7.99256E-07  -9.15687E-02
2.01342E+00 -9.00000E-02 8.04324E-07  -8.95898E-02
2.08054E+00 -8.80000E-02 8.09546E-07  -8.74587E-02
2.14765E+00 -8.60000E-02 8.14614E-07  -8.56321E-02
2.21477E+00 -8.40000E-02 8.19375E-07  -8.36532E-02
2.28188E+00 -8.20000E-02 8.24597E-07  -8.15221E-02
2.34899E+00 -8.00000E-02 8.29665E-07  -7.95432E-02
2.41611E+00 -7.80000E-02 8.34426E-07  -7.75643E-02
2.48322E+00 -7.60000E-02 8.39340E-07  -7.55855E-02
2.55034E+00 -7.40000E-02 8.44562E-07  -7.36066E-02
2.61745E+00 -7.20000E-02 8.49323E-07  -7.14755E-02
2.68456E+00 -7.00000E-02 8.53931E-07  -6.94966E-02
2.75168E+00 -6.80000E-02 8.58999E-07  -6.75178E-02
2.81879E+00 -6.60000E-02 8.63606E-07  -6.55389E-02
2.88591E+00 -6.40000E-02 8.68214E-07  -6.35600E-02
2.95302E+00 -6.20000E-02 8.73282E-07  -6.15811E-02
3.02013E+00 -6.00000E-02 8.77582E-07  -5.94500E-02
3.08725E+00 -5.80000E-02 8.82343E-07  -5.74712E-02
3.15436E+00 -5.60000E-02 8.87411E-07  -5.54923E-02
3.22148E+00 -5.40000E-02 8.91865E-07  -5.35134E-02
3.28859E+00 -5.20000E-02 8.96472E-07  -5.15346E-02
3.35570E+00 -5.00000E-02 9.01387E-07  -4.94035E-02
3.42282E+00 -4.80000E-02 9.05994E-07  -4.74246E-02
3.48993E+00 -4.60000E-02 9.10755E-07  -4.55979E-02
3.55705E+00 -4.40000E-02 9.15670E-07  -4.36191E-02
3.62416E+00 -4.20000E-02 9.20277E-07  -4.14880E-02
3.69128E+00 -4.00000E-02 9.25038E-07  -3.95091E-02
3.75839E+00 -3.80000E-02 9.29953E-07  -3.75302E-02
3.82550E+00 -3.60000E-02 9.34253E-07  -3.55514E-02
3.89262E+00 -3.40000E-02 9.39014E-07  -3.34203E-02
3.95973E+00 -3.20000E-02 9.44082E-07  -3.14414E-02
4.02685E+00 -3.00000E-02 9.48229E-07  -2.94625E-02
4.09396E+00 -2.80000E-02 9.52990E-07  -2.74836E-02
4.16107E+00 -2.60000E-02 9.58212E-07  -2.55048E-02
4.22819E+00 -2.40000E-02 9.62358E-07  -2.35259E-02
4.29530E+00 -2.20000E-02 9.66966E-07  -2.13948E-02
4.36242E+00 -2.00000E-02 9.72034E-07  -1.94159E-02
4.42953E+00 -1.80000E-02 9.76027E-07  -1.75893E-02
4.49664E+00 -1.60000E-02 9.80942E-07  -1.57626E-02
4.56376E+00 -1.40000E-02 9.86317E-07  -1.37838E-02
4.63087E+00 -1.20000E-02 9.90464E-07  -1.18049E-02
4.69799E+00 -1.00000E-02 9.95071E-07  -9.67379E-03
4.76510E+00 -8.00000E-03 1.00014E-06  -7.69492E-03
4.83221E+00 -6.00000E-03 1.00413E-06  -5.71605E-03
4.89933E+00 -4.00000E-03 1.00859E-06  -3.73718E-03
4.96644E+00 -2.00000E-03 1.01396E-06  -1.75830E-03
5.03356E+00 3.11708E-18  1.01795E-06  3.72789E-04 
5.10067E+00 2.00000E-03  1.02256E-06  2.35166E-03 
5.16779E+00 4.00000E-03  1.02778E-06  4.33053E-03 
5.23490E+00 6.00000E-03  1.03178E-06  6.30941E-03 
5.30201E+00 8.00000E-03  1.03654E-06  8.28828E-03 
5.36913E+00 1.00000E-02  1.04145E-06  1.04194E-02 
5.43624E+00 1.20000E-02  1.04545E-06  1.22460E-02 
5.50336E+00 1.40000E-02  1.05036E-06  1.42249E-02 
5.57047E+00 1.60000E-02  1.05543E-06  1.63560E-02 
5.63758E+00 1.80000E-02  1.05927E-06  1.83349E-02 
5.70470E+00 2.00000E-02  1.06403E-06  2.03137E-02 
5.77181E+00 2.20000E-02  1.06910E-06  2.22926E-02 
5.83893E+00 2.40000E-02  1.07232E-06  2.42715E-02 
5.90604E+00 2.60000E-02  1.07739E-06  2.62504E-02 
5.97315E+00 2.80000E-02  1.08277E-06  2.83814E-02 
6.04027E+00 3.00000E-02  1.08599E-06  3.03603E-02 
6.10738E+00 3.20000E-02  1.09075E-06  3.23392E-02 
6.17450E+00 3.40000E-02  1.09582E-06  3.43181E-02 
6.24161E+00 3.60000E-02  1.09935E-06  3.62969E-02 
6.30872E+00 3.80000E-02  1.10381E-06  3.82758E-02 
6.37584E+00 4.00000E-02  1.10949E-06  4.04069E-02 
6.44295E+00 4.20000E-02  1.11302E-06  4.23858E-02 
6.51007E+00 4.40000E-02  1.11747E-06  4.43646E-02 
6.57718E+00 4.60000E-02  1.12316E-06  4.63435E-02 
6.64430E+00 4.80000E-02  1.12669E-06  4.84746E-02 
6.71141E+00 5.00000E-02  1.13130E-06  5.04535E-02 
6.77852E+00 5.20000E-02  1.13683E-06  5.22801E-02 
6.84564E+00 5.40000E-02  1.14051E-06  5.44112E-02 
6.91275E+00 5.60000E-02  1.14497E-06  5.63901E-02 
6.97987E+00 5.80000E-02  1.15065E-06  5.83690E-02 
7.04698E+00 6.00000E-02  1.15433E-06  6.03478E-02 
7.11409E+00 6.20000E-02  1.15909E-06  6.23267E-02 
7.18121E+00 6.40000E-02  1.16447E-06  6.43056E-02 
7.24832E+00 6.60000E-02  1.16831E-06  6.62845E-02 
7.31544E+00 6.80000E-02  1.17322E-06  6.84156E-02 
7.38255E+00 7.00000E-02  1.17814E-06  7.02422E-02 
7.44966E+00 7.20000E-02  1.18229E-06  7.22211E-02 
7.51678E+00 7.40000E-02  1.18735E-06  7.43522E-02 
7.58389E+00 7.60000E-02  1.19165E-06  7.63310E-02 
7.65101E+00 7.80000E-02  1.19611E-06  7.83099E-02 
7.71812E+00 8.00000E-02  1.20148E-06  8.04410E-02 
7.78523E+00 8.20000E-02  1.20548E-06  8.24199E-02 
7.85235E+00 8.40000E-02  1.21024E-06  8.43988E-02 
7.91946E+00 8.60000E-02  1.21577E-06  8.63776E-02 
7.98658E+00 8.80000E-02  1.21945E-06  8.85087E-02 
8.05369E+00 9.00000E-02  1.22498E-06  9.03354E-02 
8.12081E+00 9.20000E-02  1.23005E-06  9.23142E-02 
8.18792E+00 9.40000E-02  1.23327E-06  9.42931E-02 
8.25503E+00 9.60000E-02  1.23926E-06  9.64242E-02 
8.32215E+00 9.80000E-02  1.24433E-06  9.84031E-02 
8.38926E+00 1.00000E-01  1.24740E-06  1.00382E-01 
8.45638E+00 1.02000E-01  1.25370E-06  1.02209E-01 
8.52349E+00 1.04000E-01  1.25861E-06  1.04340E-01 
8.59060E+00 1.06000E-01  1.26061E-06  1.06319E-01 
8.65772E+00 1.08000E-01  1.26829E-06  1.08297E-01 
8.72483E+00 1.10000E-01  1.27290E-06  1.10276E-01 
8.79195E+00 1.12000E-01  1.27336E-06  1.12255E-01 
8.85906E+00 1.14000E-01  1.28303E-06  1.14234E-01 
8.92617E+00 1.16000E-01  1.28764E-06  1.16365E-01 
8.99329E+00 1.18000E-01  1.28749E-06  1.18344E-01 
9.06040E+00 1.20000E-01  1.29701E-06  1.20323E-01 
9.12752E+00 1.22000E-01  1.30208E-06  1.22302E-01 
9.19463E+00 1.24000E-01  1.30192E-06  1.24433E-01 
9.26174E+00 1.26000E-01  1.31221E-06  1.26412E-01 
9.32886E+00 1.28000E-01  1.31268E-06  1.28391E-01 
9.39597E+00 1.30000E-01  1.32297E-06  1.30369E-01 
9.46309E+00 1.32000E-01  1.32665E-06  1.32348E-01 
9.53020E+00 1.34000E-01  1.33187E-06  1.34327E-01 
9.59732E+00 1.36000E-01  1.33157E-06  1.36458E-01 
9.66443E+00 1.38000E-01  1.34186E-06  1.38285E-01 
9.73154E+00 1.40000E-01  1.34769E-06  1.40112E-01 
9.79866E+00 1.42000E-01  1.34738E-06  1.42091E-01 
9.86577E+00 1.44000E-01  1.35752E-06  1.44222E-01 
9.93289E+00 1.46000E-01  1.36305E-06  1.46200E-01 
1.00000E+01 1.48000E-01  1.36382E-06  1.48179E-01 
1.00671E+01 1.50000E-01  1.37365E-06  1.50158E-01 
1.01342E+01 1.52000E-01  1.37795E-06  1.52137E-01 
1.02013E+01 1.54000E-01  1.38025E-06  1.54116E-01 
1.02685E+01 1.56000E-01  1.38947E-06  1.56095E-01 
1.03356E+01 1.58000E-01  1.39361E-06  1.58226E-01 
1.04027E+01 1.60000E-01  1.39607E-06  1.60205E-01 
1.04698E+01 1.62000E-01  1.40544E-06  1.62184E-01 
1.05369E+01 1.64000E-01  1.40836E-06  1.64163E-01 
1.06040E+01 1.66000E-01  1.41158E-06  1.66294E-01 
1.06711E+01 1.68000E-01  1.42018E-06  1.68120E-01 
1.07383E+01 1.70000E-01  1.42464E-06  1.70099E-01 
1.08054E+01 1.72000E-01  1.42755E-06  1.72230E-01 
1.08725E+01 1.74000E-01  1.43615E-06  1.74209E-01 
1.09396E+01 1.76000E-01  1.44091E-06  1.76188E-01 
1.10067E+01 1.78000E-01  1.44399E-06  1.78167E-01 
1.10738E+01 1.80000E-01  1.45289E-06  1.80146E-01 
1.11409E+01 1.82000E-01  1.45689E-06  1.82125E-01 
1.12081E+01 1.84000E-01  1.46149E-06  1.84256E-01 
1.12752E+01 1.86000E-01  1.46979E-06  1.86235E-01 
1.13423E+01 1.88000E-01  1.47209E-06  1.88213E-01 
1.14094E+01 1.90000E-01  1.47670E-06  1.90192E-01 
1.14765E+01 1.92000E-01  1.48453E-06  1.92171E-01 
1.15436E+01 1.94000E-01  1.48899E-06  1.94150E-01 
1.16107E+01 1.96000E-01  1.49359E-06  1.96281E-01 
1.16779E+01 1.98000E-01  1.50127E-06  1.98260E-01 
1.17450E+01 2.00000E-01  1.50527E-06  2.00239E-01 
1.18121E+01 2.02000E-01  1.51079E-06  2.02218E-01 
1.18792E+01 2.04000E-01  1.51817E-06  2.04349E-01 
1.19463E+01 2.06000E-01  1.52277E-06  2.06328E-01 
1.20134E+01 2.08000E-01  1.52738E-06  2.08307E-01 
1.20805E+01 2.10000E-01  1.53629E-06  2.10285E-01 
1.21477E+01 2.12000E-01  1.53936E-06  2.12264E-01 
1.22148E+01 2.14000E-01  1.54504E-06  2.14243E-01 
1.22819E+01 2.16000E-01  1.55564E-06  2.16222E-01 
1.23490E+01 2.18000E-01  1.55656E-06  2.18201E-01 
1.24161E+01 2.20000E-01  1.56332E-06  2.20180E-01 
1.24832E+01 2.22000E-01  1.57376E-06  2.22159E-01 
1.25503E+01 2.24000E-01  1.57438E-06  2.24290E-01 
1.26174E+01 2.26000E-01  1.58144E-06  2.26116E-01 
1.26846E+01 2.28000E-01  1.59081E-06  2.28095E-01 
1.27517E+01 2.30000E-01  1.59142E-06  2.30226E-01 
1.28188E+01 2.32000E-01  1.59787E-06  2.32205E-01 
1.28859E+01 2.34000E-01  1.60862E-06  2.34184E-01 
1.29530E+01 2.36000E-01  1.60740E-06  2.36163E-01 
1.30201E+01 2.38000E-01  1.61461E-06  2.38294E-01 
1.30872E+01 2.40000E-01  1.62567E-06  2.40273E-01 
1.31544E+01 2.42000E-01  1.62475E-06  2.42252E-01 
1.32215E+01 2.44000E-01  1.63105E-06  2.44383E-01 
1.32886E+01 2.46000E-01  1.64026E-06  2.46210E-01 
1.33557E+01 2.48000E-01  1.64149E-06  2.48189E-01 
1.34228E+01 2.50000E-01  1.64579E-06  2.50320E-01 
1.34899E+01 2.52000E-01  1.65700E-06  2.52298E-01 
1.35570E+01 2.54000E-01  1.65670E-06  2.54277E-01 
1.36242E+01 2.56000E-01  1.66176E-06  2.56256E-01 
1.36913E+01 2.58000E-01  1.67175E-06  2.58235E-01 
1.37584E+01 2.60000E-01  1.67221E-06  2.60214E-01 
1.38255E+01 2.62000E-01  1.67866E-06  2.62345E-01 
1.38926E+01 2.64000E-01  1.68756E-06  2.64324E-01 
1.39597E+01 2.66000E-01  1.68726E-06  2.66151E-01 
1.40268E+01 2.68000E-01  1.69309E-06  2.68129E-01 
1.40940E+01 2.70000E-01  1.70323E-06  2.70261E-01 
1.41611E+01 2.72000E-01  1.70216E-06  2.72239E-01 
1.42282E+01 2.74000E-01  1.70707E-06  2.74218E-01 
1.42953E+01 2.76000E-01  1.71767E-06  2.76349E-01 
1.43624E+01 2.78000E-01  1.71429E-06  2.78328E-01 
1.44295E+01 2.80000E-01  1.72120E-06  2.80307E-01 
1.44966E+01 2.82000E-01  1.73026E-06  2.82286E-01 
1.45638E+01 2.84000E-01  1.72796E-06  2.84417E-01 
1.46309E+01 2.86000E-01  1.73302E-06  2.86244E-01 
1.46980E+01 2.88000E-01  1.74331E-06  2.88223E-01 
1.47651E+01 2.90000E-01  1.74147E-06  2.90354E-01 
1.48322E+01 2.92000E-01  1.74562E-06  2.92333E-01 
1.48993E+01 2.94000E-01  1.75683E-06  2.94311E-01 
1.49664E+01 2.96000E-01  1.75407E-06  2.96290E-01 
1.50336E+01 2.98000E-01  1.75837E-06  2.98269E-01 
1.51007E+01 3.00000E-01  1.76727E-06  3.00248E-01 
1.51678E+01 3.02000E-01  1.76574E-06  3.02379E-01 
1.52349E+01 3.04000E-01  1.77034E-06  3.04206E-01 
1.53020E+01 3.06000E-01  1.77956E-06  3.06185E-01 
1.53691E+01 3.08000E-01  1.77802E-06  3.08316E-01 
1.54362E+01 3.10000E-01  1.78079E-06  3.10295E-01 
1.55034E+01 3.12000E-01  1.78985E-06  3.12274E-01 
1.55705E+01 3.14000E-01  1.78816E-06  3.14252E-01 
1.56376E+01 3.16000E-01  1.79215E-06  3.16384E-01 
1.57047E+01 3.18000E-01  1.79845E-06  3.18362E-01 
1.57718E+01 3.20000E-01  1.79814E-06  3.20341E-01 
1.58389E+01 3.22000E-01  1.79968E-06  3.22472E-01 
1.59060E+01 3.24000E-01  1.80736E-06  3.24299E-01 
1.59732E+01 3.26000E-01  1.80705E-06  3.26278E-01 
1.60403E+01 3.28000E-01  1.81135E-06  3.28257E-01 
1.61074E+01 3.30000E-01  1.81534E-06  3.30388E-01 
1.61745E+01 3.32000E-01  1.81534E-06  3.32367E-01 
1.62416E+01 3.34000E-01  1.82010E-06  3.34346E-01 
1.63087E+01 3.36000E-01  1.82287E-06  3.36324E-01 
1.63758E+01 3.38000E-01  1.82425E-06  3.38303E-01 
1.64430E+01 3.40000E-01  1.82855E-06  3.40282E-01 
1.65101E+01 3.42000E-01  1.83101E-06  3.42413E-01 
1.65772E+01 3.44000E-01  1.83285E-06  3.44240E-01 
1.66443E+01 3.46000E-01  1.83592E-06  3.46371E-01 
1.67114E+01 3.48000E-01  1.83731E-06  3.48350E-01 
1.67785E+01 3.50000E-01  1.84084E-06  3.50329E-01 
1.68456E+01 3.52000E-01  1.84283E-06  3.52308E-01 
1.69128E+01 3.54000E-01  1.84330E-06  3.54439E-01 
1.69799E+01 3.56000E-01  1.84821E-06  3.56265E-01 
1.70470E+01 3.58000E-01  1.85005E-06  3.58396E-01 
1.71141E+01 3.60000E-01  1.84959E-06  3.60375E-01 
1.71812E+01 3.62000E-01  1.85574E-06  3.62354E-01 
1.72483E+01 3.64000E-01  1.85696E-06  3.64333E-01 
1.73154E+01 3.66000E-01  1.85558E-06  3.66312E-01 
1.73826E+01 3.68000E-01  1.86234E-06  3.68443E-01 
1.74497E+01 3.70000E-01  1.86372E-06  3.70422E-01 
1.75168E+01 3.72000E-01  1.86234E-06  3.72249E-01 
1.75839E+01 3.74000E-01  1.86910E-06  3.74227E-01 
1.76510E+01 3.76000E-01  1.87063E-06  3.76359E-01 
1.77181E+01 3.78000E-01  1.86925E-06  3.78337E-01 
1.77852E+01 3.80000E-01  1.87509E-06  3.80316E-01 
1.78523E+01 3.82000E-01  1.87785E-06  3.82295E-01 
1.79195E+01 3.84000E-01  1.87632E-06  3.84274E-01 
1.79866E+01 3.86000E-01  1.88215E-06  3.86253E-01 
1.80537E+01 3.88000E-01  1.88507E-06  3.88232E-01 
1.81208E+01 3.90000E-01  1.88353E-06  3.90363E-01 
1.81879E+01 3.92000E-01  1.88983E-06  3.92342E-01 
1.82550E+01 3.94000E-01  1.89213E-06  3.94321E-01 
1.83221E+01 3.96000E-01  1.89183E-06  3.96452E-01 
1.83893E+01 3.98000E-01  1.89782E-06  3.98431E-01 
1.84564E+01 4.00000E-01  1.90012E-06  4.00409E-01 
1.85235E+01 4.02000E-01  1.89997E-06  4.02388E-01 
1.85906E+01 4.04000E-01  1.90596E-06  4.04367E-01 
1.86577E+01 4.06000E-01  1.90857E-06  4.06346E-01 
1.87248E+01 4.08000E-01  1.90872E-06  4.08477E-01 
1.87919E+01 4.10000E-01  1.91456E-06  4.10456E-01 
1.88591E+01 4.12000E-01  1.91671E-06  4.12283E-01 
1.89262E+01 4.14000E-01  1.91778E-06  4.14414E-01 
1.89933E+01 4.16000E-01  1.92316E-06  4.16393E-01 
1.90604E+01 4.18000E-01  1.92623E-06  4.18372E-01 
1.91275E+01 4.20000E-01  1.92684E-06  4.20503E-01 
1.91946E+01 4.22000E-01  1.93237E-06  4.22329E-01 
1.92617E+01 4.24000E-01  1.93529E-06  4.24308E-01 
1.93289E+01 4.26000E-01  1.93698E-06  4.26439E-01 
1.93960E+01 4.28000E-01  1.94205E-06  4.28418E-01 
1.94631E+01 4.30000E-01  1.94543E-06  4.30397E-01 
1.95302E+01 4.32000E-01  1.94696E-06  4.32376E-01 
1.95973E+01 4.34000E-01  1.95218E-06  4.34507E-01 
1.96644E+01 4.36000E-01  1.95541E-06  4.36486E-01 
1.97315E+01 4.38000E-01  1.95787E-06  4.38465E-01 
1.97987E+01 4.40000E-01  1.96263E-06  4.40444E-01 
1.98658E+01 4.42000E-01  1.96616E-06  4.42422E-01 
1.99329E+01 4.44000E-01  1.96892E-06  4.44401E-01 
2.00000E+01 4.46000E-01  1.97369E-06  4.46380E-01 
2.00671E+01 4.48000E-01  1.97722E-06  4.48511E-01 
2.01342E+01 4.50000E-01  1.98029E-06  4.50186E-01 
2.02013E+01 4.52000E-01  1.98505E-06  4.52165E-01 
2.02685E+01 4.54000E-01  1.98858E-06  4.54143E-01 
2.03356E+01 4.56000E-01  1.99181E-06  4.56275E-01 
2.04027E+01 4.58000E-01  1.99642E-06  4.58253E-01 
2.04698E+01 4.60000E-01  1.99964E-06  4.60232E-01 
2.05369E+01 4.62000E-01  2.00363E-06  4.62211E-01 
2.06040E+01 4.64000E-01  2.00824E-06  4.64190E-01 
2.06711E+01 4.66000E-01  2.01162E-06  4.66169E-01 
2.07383E+01 4.68000E-01  2.01561E-06  4.68300E-01 
2.08054E+01 4.70000E-01  2.02022E-06  4.70279E-01 
2.08725E+01 4.72000E-01  2.02391E-06  4.72258E-01 
2.09396E+01 4.74000E-01  2.02790E-06  4.74237E-01 
2.10067E+01 4.76000E-01  2.03251E-06  4.76368E-01 
2.10738E+01 4.78000E-01  2.03604E-06  4.78347E-01 
2.11409E+01 4.80000E-01  2.04019E-06  4.80173E-01 
2.12081E+01 4.82000E-01  2.04479E-06  4.82304E-01 
2.12752E+01 4.84000E-01  2.04863E-06  4.84283E-01 
2.13423E+01 4.86000E-01  2.05309E-06  4.86262E-01 
2.14094E+01 4.88000E-01  2.05769E-06  4.88241E-01 
2.14765E+01 4.90000E-01  2.06199E-06  4.90220E-01 
2.15436E+01 4.92000E-01  2.06660E-06  4.92199E-01 
2.16107E+01 4.94000E-01  2.07167E-06  4.94330E-01 
2.16779E+01 4.96000E-01  2.07597E-06  4.96309E-01 
2.17450E+01 4.98000E-01  2.08058E-06  4.98288E-01 
2.18121E+01 5.00000E-01  2.08534E-06  5.00114E-01 
2.18792E+01 5.02000E-01  2.08948E-06  5.02245E-01 
2.19463E+01 5.04000E-01  2.09425E-06  5.04224E-01 
2.20134E+01 5.06000E-01  2.09901E-06  5.06203E-01 
2.20805E+01 5.08000E-01  2.10315E-06  5.08334E-01 
2.21477E+01 5.10000E-01  2.10761E-06  5.10313E-01 
2.22148E+01 5.12000E-01  2.11237E-06  5.12292E-01 
2.22819E+01 5.14000E-01  2.11651E-06  5.14271E-01 
2.23490E+01 5.16000E-01  2.12112E-06  5.16402E-01 
2.24161E+01 5.18000E-01  2.12619E-06  5.18381E-01 
2.24832E+01 5.20000E-01  2.13018E-06  5.20207E-01 
2.25503E+01 5.22000E-01  2.13479E-06  5.22338E-01 
2.26174E+01 5.24000E-01  2.14001E-06  5.24317E-01 
2.26846E+01 5.26000E-01  2.14416E-06  5.26296E-01 
2.27517E+01 5.28000E-01  2.14892E-06  5.28275E-01 
2.28188E+01 5.30000E-01  2.15414E-06  5.30254E-01 
2.28859E+01 5.32000E-01  2.15860E-06  5.32233E-01 
2.29530E+01 5.34000E-01  2.16366E-06  5.34364E-01 
2.30201E+01 5.36000E-01  2.16904E-06  5.36343E-01 
2.30872E+01 5.38000E-01  2.17319E-06  5.38169E-01 
2.31544E+01 5.40000E-01  2.17779E-06  5.40301E-01 
2.32215E+01 5.42000E-01  2.18348E-06  5.42279E-01 
2.32886E+01 5.44000E-01  2.18762E-06  5.44258E-01 
2.33557E+01 5.46000E-01  2.19254E-06  5.46237E-01 
2.34228E+01 5.48000E-01  2.19807E-06  5.48216E-01 
2.34899E+01 5.50000E-01  2.20237E-06  5.50347E-01 
2.35570E+01 5.52000E-01  2.20697E-06  5.52326E-01 
2.36242E+01 5.54000E-01  2.21281E-06  5.54305E-01 
2.36913E+01 5.56000E-01  2.21742E-06  5.56436E-01 
2.37584E+01 5.58000E-01  2.22295E-06  5.58263E-01 
2.38255E+01 5.60000E-01  2.22878E-06  5.60241E-01 
2.38926E+01 5.62000E-01  2.23324E-06  5.62373E-01 
2.39597E+01 5.64000E-01  2.23861E-06  5.64351E-01 
2.40268E+01 5.66000E-01  2.24460E-06  5.66330E-01 
2.40940E+01 5.68000E-01  2.24890E-06  5.68309E-01 
2.41611E+01 5.70000E-01  2.25443E-06  5.70288E-01 
2.42282E+01 5.72000E-01  2.26057E-06  5.72267E-01 
2.42953E+01 5.74000E-01  2.26487E-06  5.74398E-01 
2.43624E+01 5.76000E-01  2.27025E-06  5.76377E-01 
2.44295E+01 5.78000E-01  2.27655E-06  5.78204E-01 
2.44966E+01 5.80000E-01  2.28100E-06  5.80335E-01 
2.45638E+01 5.82000E-01  2.28668E-06  5.82314E-01 
2.46309E+01 5.84000E-01  2.29313E-06  5.84292E-01 
2.46980E+01 5.86000E-01  2.29789E-06  5.86423E-01 
2.47651E+01 5.88000E-01  2.30373E-06  5.88402E-01 
2.48322E+01 5.90000E-01  2.31003E-06  5.90381E-01 
2.48993E+01 5.92000E-01  2.31509E-06  5.92360E-01 
2.49664E+01 5.94000E-01  2.32108E-06  5.94491E-01 
2.50336E+01 5.96000E-01  2.32738E-06  5.96318E-01 
2.51007E+01 5.98000E-01  2.33276E-06  5.98449E-01 
2.51678E+01 6.00000E-01  2.33890E-06  6.00428E-01 
2.52349E+01 5.98000E-01  2.32369E-06  5.98449E-01 
2.53020E+01 5.96000E-01  2.31218E-06  5.96470E-01 
2.53691E+01 5.94000E-01  2.30235E-06  5.94643E-01 
2.54362E+01 5.92000E-01  2.29375E-06  5.92512E-01 
2.55034E+01 5.90000E-01  2.28407E-06  5.90533E-01 
2.55705E+01 5.88000E-01  2.27562E-06  5.88555E-01 
2.56376E+01 5.86000E-01  2.26795E-06  5.86576E-01 
2.57047E+01 5.84000E-01  2.25965E-06  5.84597E-01 
2.57718E+01 5.82000E-01  2.25167E-06  5.82466E-01 
2.58389E+01 5.80000E-01  2.24399E-06  5.80487E-01 
2.59060E+01 5.78000E-01  2.23661E-06  5.78356E-01 
2.59732E+01 5.76000E-01  2.22955E-06  5.76529E-01 
2.60403E+01 5.74000E-01  2.22279E-06  5.74550E-01 
2.61074E+01 5.72000E-01  2.21557E-06  5.72571E-01 
2.61745E+01 5.70000E-01  2.20851E-06  5.70440E-01 
2.62416E+01 5.68000E-01  2.20144E-06  5.68461E-01 
2.63087E+01 5.66000E-01  2.19515E-06  5.66483E-01 
2.63758E+01 5.64000E-01  2.18854E-06  5.64504E-01 
2.64430E+01 5.62000E-01  2.18179E-06  5.62525E-01 
2.65101E+01 5.60000E-01  2.17580E-06  5.60546E-01 
2.65772E+01 5.58000E-01  2.16935E-06  5.58415E-01 
2.66443E+01 5.56000E-01  2.16274E-06  5.56588E-01 
2.67114E+01 5.54000E-01  2.15675E-06  5.54609E-01 
2.67785E+01 5.52000E-01  2.15061E-06  5.52478E-01 
2.68456E+01 5.50000E-01  2.14401E-06  5.50499E-01 
2.69128E+01 5.48000E-01  2.13863E-06  5.48520E-01 
2.69799E+01 5.46000E-01  2.13249E-06  5.46542E-01 
2.70470E+01 5.44000E-01  2.12542E-06  5.44411E-01 
2.71141E+01 5.42000E-01  2.12066E-06  5.42432E-01 
2.71812E+01 5.40000E-01  2.11483E-06  5.40453E-01 
2.72483E+01 5.38000E-01  2.10791E-06  5.38474E-01 
2.73154E+01 5.36000E-01  2.10331E-06  5.36495E-01 
2.73826E+01 5.34000E-01  2.09762E-06  5.34516E-01 
2.74497E+01 5.32000E-01  2.09071E-06  5.32537E-01 
2.75168E+01 5.30000E-01  2.08672E-06  5.30406E-01 
2.75839E+01 5.28000E-01  2.08119E-06  5.28427E-01 
2.76510E+01 5.26000E-01  2.07413E-06  5.26601E-01 
2.77181E+01 5.24000E-01  2.06983E-06  5.24470E-01 
2.77852E+01 5.22000E-01  2.06445E-06  5.22491E-01 
2.78523E+01 5.20000E-01  2.05739E-06  5.20512E-01 
2.79195E+01 5.18000E-01  2.05339E-06  5.18533E-01 
2.79866E+01 5.16000E-01  2.04817E-06  5.16554E-01 
2.80537E+01 5.14000E-01  2.04111E-06  5.14575E-01 
2.81208E+01 5.12000E-01  2.03742E-06  5.12444E-01 
2.81879E+01 5.10000E-01  2.03235E-06  5.10465E-01 
2.82550E+01 5.08000E-01  2.02575E-06  5.08486E-01 
2.83221E+01 5.06000E-01  2.02160E-06  5.06355E-01 
2.83893E+01 5.04000E-01  2.01638E-06  5.04376E-01 
2.84564E+01 5.02000E-01  2.00993E-06  5.02398E-01 
2.85235E+01 5.00000E-01  2.00578E-06  5.00419E-01 
2.85906E+01 4.98000E-01  2.00102E-06  4.98440E-01 
2.86577E+01 4.96000E-01  1.99473E-06  4.96461E-01 
2.87248E+01 4.94000E-01  1.99089E-06  4.94482E-01 
2.87919E+01 4.92000E-01  1.98566E-06  4.92503E-01 
2.88591E+01 4.90000E-01  1.97937E-06  4.90372E-01 
2.89262E+01 4.88000E-01  1.97537E-06  4.88393E-01 
2.89933E+01 4.86000E-01  1.96985E-06  4.86414E-01 
2.90604E+01 4.84000E-01  1.96416E-06  4.84435E-01 
2.91275E+01 4.82000E-01  1.96032E-06  4.82457E-01 
2.91946E+01 4.80000E-01  1.95556E-06  4.80478E-01 
2.92617E+01 4.78000E-01  1.94988E-06  4.78499E-01 
2.93289E+01 4.76000E-01  1.94650E-06  4.76520E-01 
2.93960E+01 4.74000E-01  1.94113E-06  4.74389E-01 
2.94631E+01 4.72000E-01  1.93560E-06  4.72562E-01 
2.95302E+01 4.70000E-01  1.93160E-06  4.70431E-01 
2.95973E+01 4.68000E-01  1.92638E-06  4.68452E-01 
2.96644E+01 4.66000E-01  1.92101E-06  4.66321E-01 
2.97315E+01 4.64000E-01  1.91686E-06  4.64342E-01 
2.97987E+01 4.62000E-01  1.91164E-06  4.62363E-01 
2.98658E+01 4.60000E-01  1.90657E-06  4.60385E-01 
2.99329E+01 4.58000E-01  1.90227E-06  4.58406E-01 
3.00000E+01 4.56000E-01  1.89689E-06  4.56427E-01 
3.00671E+01 4.54000E-01  1.89198E-06  4.54448E-01 
3.01342E+01 4.52000E-01  1.88753E-06  4.52469E-01 
3.02013E+01 4.50000E-01  1.88215E-06  4.50338E-01 
3.02685E+01 4.48000E-01  1.87739E-06  4.48664E-01 
3.03356E+01 4.46000E-01  1.87294E-06  4.46685E-01 
3.04027E+01 4.44000E-01  1.86756E-06  4.44554E-01 
3.04698E+01 4.42000E-01  1.86295E-06  4.42575E-01 
3.05369E+01 4.40000E-01  1.85789E-06  4.40596E-01 
3.06040E+01 4.38000E-01  1.85251E-06  4.38769E-01 
3.06711E+01 4.36000E-01  1.84821E-06  4.36638E-01 
3.07383E+01 4.34000E-01  1.84330E-06  4.34659E-01 
3.08054E+01 4.32000E-01  1.83761E-06  4.32680E-01 
3.08725E+01 4.30000E-01  1.83285E-06  4.30549E-01 
3.09396E+01 4.28000E-01  1.82840E-06  4.28570E-01 
3.10067E+01 4.26000E-01  1.82241E-06  4.26591E-01 
3.10738E+01 4.24000E-01  1.81749E-06  4.24613E-01 
3.11409E+01 4.22000E-01  1.81319E-06  4.22482E-01 
3.12081E+01 4.20000E-01  1.80705E-06  4.20655E-01 
3.12752E+01 4.18000E-01  1.80244E-06  4.18524E-01 
3.13423E+01 4.16000E-01  1.79814E-06  4.16545E-01 
3.14094E+01 4.14000E-01  1.79215E-06  4.14566E-01 
3.14765E+01 4.12000E-01  1.78724E-06  4.12587E-01 
3.15436E+01 4.10000E-01  1.78325E-06  4.10608E-01 
3.16107E+01 4.08000E-01  1.77695E-06  4.08629E-01 
3.16779E+01 4.06000E-01  1.77188E-06  4.06651E-01 
3.17450E+01 4.04000E-01  1.76773E-06  4.04519E-01 
3.18121E+01 4.02000E-01  1.76205E-06  4.02541E-01 
3.18792E+01 4.00000E-01  1.75652E-06  4.00562E-01 
3.19463E+01 3.98000E-01  1.75268E-06  3.98583E-01 
3.20134E+01 3.96000E-01  1.74608E-06  3.96604E-01 
3.20805E+01 3.94000E-01  1.74070E-06  3.94625E-01 
3.21477E+01 3.92000E-01  1.73640E-06  3.92494E-01 
3.22148E+01 3.90000E-01  1.73041E-06  3.90515E-01 
3.22819E+01 3.88000E-01  1.72519E-06  3.88536E-01 
3.23490E+01 3.86000E-01  1.72151E-06  3.86557E-01 
3.24161E+01 3.84000E-01  1.71475E-06  3.84426E-01 
3.24832E+01 3.82000E-01  1.70953E-06  3.82447E-01 
3.25503E+01 3.80000E-01  1.70599E-06  3.80469E-01 
3.26174E+01 3.78000E-01  1.69893E-06  3.78490E-01 
3.26846E+01 3.76000E-01  1.69371E-06  3.76511E-01 
3.27517E+01 3.74000E-01  1.69048E-06  3.74532E-01 
3.28188E+01 3.72000E-01  1.68280E-06  3.72553E-01 
3.28859E+01 3.70000E-01  1.67774E-06  3.70574E-01 
3.29530E+01 3.68000E-01  1.67482E-06  3.68595E-01 
3.30201E+01 3.66000E-01  1.66652E-06  3.66616E-01 
3.30872E+01 3.64000E-01  1.66115E-06  3.64485E-01 
3.31544E+01 3.62000E-01  1.65931E-06  3.62506E-01 
3.32215E+01 3.60000E-01  1.64978E-06  3.60680E-01 
3.32886E+01 3.58000E-01  1.64456E-06  3.58549E-01 
3.33557E+01 3.56000E-01  1.64272E-06  3.56570E-01 
3.34228E+01 3.54000E-01  1.63304E-06  3.54591E-01 
3.34899E+01 3.52000E-01  1.62813E-06  3.52612E-01 
3.35570E+01 3.50000E-01  1.62598E-06  3.50481E-01 
3.36242E+01 3.48000E-01  1.61661E-06  3.48502E-01 
3.36913E+01 3.46000E-01  1.61139E-06  3.46523E-01 
3.37584E+01 3.44000E-01  1.60939E-06  3.44392E-01 
3.38255E+01 3.42000E-01  1.59956E-06  3.42566E-01 
3.38926E+01 3.40000E-01  1.59450E-06  3.40587E-01 
3.39597E+01 3.38000E-01  1.59235E-06  3.38456E-01 
3.40268E+01 3.36000E-01  1.58267E-06  3.36477E-01 
3.40940E+01 3.34000E-01  1.57729E-06  3.34498E-01 
3.41611E+01 3.32000E-01  1.57361E-06  3.32519E-01 
3.42282E+01 3.30000E-01  1.56501E-06  3.30540E-01 
3.42953E+01 3.28000E-01  1.55994E-06  3.28561E-01 
3.43624E+01 3.26000E-01  1.55610E-06  3.26430E-01 
3.44295E+01 3.24000E-01  1.54704E-06  3.24451E-01 
3.44966E+01 3.22000E-01  1.54259E-06  3.22472E-01 
3.45638E+01 3.20000E-01  1.53813E-06  3.20493E-01 
3.46309E+01 3.18000E-01  1.52907E-06  3.18515E-01 
3.46980E+01 3.16000E-01  1.52492E-06  3.16536E-01 
3.47651E+01 3.14000E-01  1.51924E-06  3.14405E-01 
3.48322E+01 3.12000E-01  1.51141E-06  3.12426E-01 
3.48993E+01 3.10000E-01  1.50695E-06  3.10447E-01 
3.49664E+01 3.08000E-01  1.50096E-06  3.08468E-01 
3.50336E+01 3.06000E-01  1.49298E-06  3.06337E-01 
3.51007E+01 3.04000E-01  1.48883E-06  3.04358E-01 
3.51678E+01 3.02000E-01  1.48254E-06  3.02531E-01 
3.52349E+01 3.00000E-01  1.47624E-06  3.00400E-01 
3.53020E+01 2.98000E-01  1.47086E-06  2.98421E-01 
3.53691E+01 2.96000E-01  1.46334E-06  2.96443E-01 
3.54362E+01 2.94000E-01  1.45873E-06  2.94311E-01 
3.55034E+01 2.92000E-01  1.45167E-06  2.92485E-01 
3.55705E+01 2.90000E-01  1.44752E-06  2.90506E-01 
3.56376E+01 2.88000E-01  1.44153E-06  2.88375E-01 
3.57047E+01 2.86000E-01  1.43462E-06  2.86396E-01 
3.57718E+01 2.84000E-01  1.42310E-06  2.84417E-01 
3.58389E+01 2.82000E-01  1.42187E-06  2.82590E-01 
3.59060E+01 2.80000E-01  1.41772E-06  2.80459E-01 
3.59732E+01 2.78000E-01  1.40421E-06  2.78480E-01 
3.60403E+01 2.76000E-01  1.40805E-06  2.76502E-01 
3.61074E+01 2.74000E-01  1.40114E-06  2.74371E-01 
3.61745E+01 2.72000E-01  1.38424E-06  2.72392E-01 
3.62416E+01 2.70000E-01  1.39085E-06  2.70413E-01 
3.63087E+01 2.68000E-01  1.38440E-06  2.68434E-01 
3.63758E+01 2.66000E-01  1.36535E-06  2.66303E-01 
3.64430E+01 2.64000E-01  1.37319E-06  2.64476E-01 
3.65101E+01 2.62000E-01  1.36827E-06  2.62497E-01 
3.65772E+01 2.60000E-01  1.35076E-06  2.60366E-01 
3.66443E+01 2.58000E-01  1.35798E-06  2.58387E-01 
3.67114E+01 2.56000E-01  1.35245E-06  2.56408E-01 
3.67785E+01 2.54000E-01  1.33433E-06  2.54430E-01 
3.68456E+01 2.52000E-01  1.34293E-06  2.52451E-01 
3.69128E+01 2.50000E-01  1.33817E-06  2.50320E-01 
3.69799E+01 2.48000E-01  1.31744E-06  2.48341E-01 
3.70470E+01 2.46000E-01  1.32711E-06  2.46362E-01 
3.71141E+01 2.44000E-01  1.32128E-06  2.44535E-01 
3.71812E+01 2.42000E-01  1.30377E-06  2.42404E-01 
3.72483E+01 2.40000E-01  1.31191E-06  2.40425E-01 
3.73154E+01 2.38000E-01  1.30669E-06  2.38446E-01 
3.73826E+01 2.36000E-01  1.29087E-06  2.36467E-01 
3.74497E+01 2.34000E-01  1.29839E-06  2.34336E-01 
3.75168E+01 2.32000E-01  1.29378E-06  2.32358E-01 
3.75839E+01 2.30000E-01  1.27873E-06  2.30379E-01 
3.76510E+01 2.28000E-01  1.28518E-06  2.28248E-01 
3.77181E+01 2.26000E-01  1.27996E-06  2.26269E-01 
3.77852E+01 2.24000E-01  1.26491E-06  2.24442E-01 
3.78523E+01 2.22000E-01  1.27367E-06  2.22311E-01 
3.79195E+01 2.20000E-01  1.26737E-06  2.20332E-01 
3.79866E+01 2.18000E-01  1.25385E-06  2.18353E-01 
3.80537E+01 2.16000E-01  1.26077E-06  2.16374E-01 
3.81208E+01 2.14000E-01  1.25646E-06  2.14395E-01 
3.81879E+01 2.12000E-01  1.24387E-06  2.12569E-01 
3.82550E+01 2.10000E-01  1.24925E-06  2.10438E-01 
3.83221E+01 2.08000E-01  1.24571E-06  2.08459E-01 
3.83893E+01 2.06000E-01  1.23235E-06  2.06480E-01 
3.84564E+01 2.04000E-01  1.23804E-06  2.04501E-01 
3.85235E+01 2.02000E-01  1.23573E-06  2.02522E-01 
3.85906E+01 2.00000E-01  1.22406E-06  2.00543E-01 
3.86577E+01 1.98000E-01  1.22698E-06  1.98412E-01 
3.87248E+01 1.96000E-01  1.22176E-06  1.96433E-01 
3.87919E+01 1.94000E-01  1.21500E-06  1.94455E-01 
3.88591E+01 1.92000E-01  1.21592E-06  1.92476E-01 
3.89262E+01 1.90000E-01  1.21193E-06  1.90345E-01 
3.89933E+01 1.88000E-01  1.20609E-06  1.88366E-01 
3.90604E+01 1.86000E-01  1.20701E-06  1.86539E-01 
3.91275E+01 1.84000E-01  1.20164E-06  1.84408E-01 
3.91946E+01 1.82000E-01  1.19688E-06  1.82429E-01 
3.92617E+01 1.80000E-01  1.19856E-06  1.80450E-01 
3.93289E+01 1.78000E-01  1.19104E-06  1.78319E-01 
3.93960E+01 1.76000E-01  1.18781E-06  1.76492E-01 
3.94631E+01 1.74000E-01  1.18874E-06  1.74361E-01 
3.95302E+01 1.72000E-01  1.18106E-06  1.72382E-01 
3.95973E+01 1.70000E-01  1.17891E-06  1.70404E-01 
3.96644E+01 1.68000E-01  1.17967E-06  1.68425E-01 
3.97315E+01 1.66000E-01  1.17276E-06  1.66446E-01 
3.97987E+01 1.64000E-01  1.16969E-06  1.64467E-01 
3.98658E+01 1.62000E-01  1.17061E-06  1.62488E-01 
3.99329E+01 1.60000E-01  1.16386E-06  1.60357E-01 
4.00000E+01 1.58000E-01  1.16109E-06  1.58378E-01 
4.00671E+01 1.56000E-01  1.16094E-06  1.56399E-01 
4.01342E+01 1.54000E-01  1.15587E-06  1.54420E-01 
4.02013E+01 1.52000E-01  1.15080E-06  1.52442E-01 
4.02685E+01 1.50000E-01  1.15111E-06  1.50310E-01 
4.03356E+01 1.48000E-01  1.14589E-06  1.48332E-01 
4.04027E+01 1.46000E-01  1.14328E-06  1.46353E-01 
4.04698E+01 1.44000E-01  1.14420E-06  1.44374E-01 
4.05369E+01 1.42000E-01  1.13821E-06  1.42395E-01 
4.06040E+01 1.40000E-01  1.13514E-06  1.40264E-01 
4.06711E+01 1.38000E-01  1.13421E-06  1.38437E-01 
4.07383E+01 1.36000E-01  1.12945E-06  1.36611E-01 
4.08054E+01 1.34000E-01  1.12700E-06  1.34632E-01 
4.08725E+01 1.32000E-01  1.12654E-06  1.32501E-01 
4.09396E+01 1.30000E-01  1.11993E-06  1.30522E-01 
4.10067E+01 1.28000E-01  1.11717E-06  1.28695E-01 
4.10738E+01 1.26000E-01  1.11717E-06  1.26716E-01 
4.11409E+01 1.24000E-01  1.11148E-06  1.24585E-01 
4.12081E+01 1.22000E-01  1.10872E-06  1.22606E-01 
4.12752E+01 1.20000E-01  1.10857E-06  1.20627E-01 
4.13423E+01 1.18000E-01  1.10519E-06  1.18648E-01 
4.14094E+01 1.16000E-01  1.09966E-06  1.16517E-01 
4.14765E+01 1.14000E-01  1.09997E-06  1.14539E-01 
4.15436E+01 1.12000E-01  1.09336E-06  1.12560E-01 
4.16107E+01 1.10000E-01  1.08753E-06  1.10581E-01 
4.16779E+01 1.08000E-01  1.09106E-06  1.08602E-01 
4.17450E+01 1.06000E-01  1.08461E-06  1.06623E-01 
4.18121E+01 1.04000E-01  1.08108E-06  1.04492E-01 
4.18792E+01 1.02000E-01  1.08031E-06  1.02513E-01 
4.19463E+01 1.00000E-01  1.08108E-06  1.00534E-01 
4.20134E+01 9.80000E-02  1.07217E-06  9.85553E-02 
4.20805E+01 9.60000E-02  1.07155E-06  9.65764E-02 
4.21477E+01 9.40000E-02  1.06603E-06  9.45976E-02 
4.22148E+01 9.20000E-02  1.06234E-06  9.24665E-02 
4.22819E+01 9.00000E-02  1.06219E-06  9.04876E-02 
4.23490E+01 8.80000E-02  1.05620E-06  8.86609E-02 
4.24161E+01 8.60000E-02  1.05266E-06  8.65299E-02 
4.24832E+01 8.40000E-02  1.05205E-06  8.45510E-02 
4.25503E+01 8.20000E-02  1.04591E-06  8.25721E-02 
4.26174E+01 8.00000E-02  1.04268E-06  8.05932E-02 
4.26846E+01 7.80000E-02  1.04207E-06  7.84621E-02 
4.27517E+01 7.60000E-02  1.03577E-06  7.64833E-02 
4.28188E+01 7.40000E-02  1.03285E-06  7.45044E-02 
4.28859E+01 7.20000E-02  1.03193E-06  7.25255E-02 
4.29530E+01 7.00000E-02  1.02609E-06  7.03944E-02 
4.30201E+01 6.80000E-02  1.02287E-06  6.85678E-02 
4.30872E+01 6.60000E-02  1.02103E-06  6.64367E-02 
4.31544E+01 6.40000E-02  1.01534E-06  6.44578E-02 
4.32215E+01 6.20000E-02  1.01258E-06  6.24789E-02 
4.32886E+01 6.00000E-02  1.01043E-06  6.05001E-02 
4.33557E+01 5.80000E-02  1.00475E-06  5.85212E-02 
4.34228E+01 5.60000E-02  1.00167E-06  5.65423E-02 
4.34899E+01 5.40000E-02  9.99678E-07  5.45635E-02 
4.35570E+01 5.20000E-02  9.93996E-07  5.25846E-02 
4.36242E+01 5.00000E-02  9.90771E-07  5.06057E-02 
4.36913E+01 4.80000E-02  9.88467E-07  4.86268E-02 
4.37584E+01 4.60000E-02  9.83706E-07  4.66480E-02 
4.38255E+01 4.40000E-02  9.80327E-07  4.45169E-02 
4.38926E+01 4.20000E-02  9.77716E-07  4.25380E-02 
4.39597E+01 4.00000E-02  9.72955E-07  4.05591E-02 
4.40268E+01 3.80000E-02  9.69577E-07  3.85803E-02 
4.40940E+01 3.60000E-02  9.66351E-07  3.64492E-02 
4.41611E+01 3.40000E-02  9.61898E-07  3.44703E-02 
4.42282E+01 3.20000E-02  9.58365E-07  3.24914E-02 
4.42953E+01 3.00000E-02  9.54987E-07  3.05125E-02 
4.43624E+01 2.80000E-02  9.50993E-07  2.85337E-02 
4.44295E+01 2.60000E-02  9.47307E-07  2.65548E-02 
4.44966E+01 2.40000E-02  9.43468E-07  2.44237E-02 
4.45638E+01 2.20000E-02  9.39782E-07  2.24448E-02 
4.46309E+01 2.00000E-02  9.36250E-07  2.04660E-02 
4.46980E+01 1.80000E-02  9.32410E-07  1.84871E-02 
4.47651E+01 1.60000E-02  9.28724E-07  1.65082E-02 
4.48322E+01 1.40000E-02  9.25038E-07  1.45293E-02 
4.48993E+01 1.20000E-02  9.20892E-07  1.23982E-02 
4.49664E+01 1.00000E-02  9.17359E-07  1.05716E-02 
4.50336E+01 8.00000E-03  9.13520E-07  8.59272E-03 
4.51007E+01 6.00000E-03  9.09220E-07  6.46163E-03 
4.51678E+01 4.00000E-03  9.05994E-07  4.48276E-03 
4.52349E+01 2.00000E-03  9.02155E-07  2.50388E-03 
4.53020E+01 3.14419E-18  8.97240E-07  3.72789E-04 
4.53691E+01 -2.00000E-03 8.94476E-07  -1.60608E-03
4.54362E+01 -4.00000E-03 8.90483E-07  -3.58496E-03
4.55034E+01 -6.00000E-03 8.85722E-07  -5.56383E-03
4.55705E+01 -8.00000E-03 8.82804E-07  -7.54270E-03
4.56376E+01 -1.00000E-02 8.78811E-07  -9.52157E-03
4.57047E+01 -1.20000E-02 8.74357E-07  -1.15004E-02
4.57718E+01 -1.40000E-02 8.70978E-07  -1.34793E-02
4.58389E+01 -1.60000E-02 8.66831E-07  -1.56104E-02
4.59060E+01 -1.80000E-02 8.62224E-07  -1.74371E-02
4.59732E+01 -2.00000E-02 8.59460E-07  -1.92637E-02
4.60403E+01 -2.20000E-02 8.55466E-07  -2.12426E-02
4.61074E+01 -2.40000E-02 8.50398E-07  -2.33737E-02
4.61745E+01 -2.60000E-02 8.47634E-07  -2.53526E-02
4.62416E+01 -2.80000E-02 8.43794E-07  -2.73314E-02
4.63087E+01 -3.00000E-02 8.38419E-07  -2.91581E-02
4.63758E+01 -3.20000E-02 8.35962E-07  -3.12892E-02
4.64430E+01 -3.40000E-02 8.31815E-07  -3.32680E-02
4.65101E+01 -3.60000E-02 8.26747E-07  -3.52469E-02
4.65772E+01 -3.80000E-02 8.24136E-07  -3.73780E-02
4.66443E+01 -4.00000E-02 8.20297E-07  -3.93569E-02
4.67114E+01 -4.20000E-02 8.14921E-07  -4.13358E-02
4.67785E+01 -4.40000E-02 8.12310E-07  -4.33146E-02
4.68456E+01 -4.60000E-02 8.08471E-07  -4.54457E-02
4.69128E+01 -4.80000E-02 8.03096E-07  -4.72724E-02
4.69799E+01 -5.00000E-02 8.00331E-07  -4.92512E-02
4.70470E+01 -5.20000E-02 7.96492E-07  -5.13823E-02
4.71141E+01 -5.40000E-02 7.91423E-07  -5.33612E-02
4.71812E+01 -5.60000E-02 7.88505E-07  -5.53401E-02
4.72483E+01 -5.80000E-02 7.84512E-07  -5.73190E-02
4.73154E+01 -6.00000E-02 7.79905E-07  -5.92978E-02
4.73826E+01 -6.20000E-02 7.76987E-07  -6.14289E-02
4.74497E+01 -6.40000E-02 7.72840E-07  -6.34078E-02
4.75168E+01 -6.60000E-02 7.68233E-07  -6.53867E-02
4.75839E+01 -6.80000E-02 7.65161E-07  -6.73655E-02
4.76510E+01 -7.00000E-02 7.61168E-07  -6.93444E-02
4.77181E+01 -7.20000E-02 7.56407E-07  -7.13233E-02
4.77852E+01 -7.40000E-02 7.53182E-07  -7.33022E-02
4.78523E+01 -7.60000E-02 7.49189E-07  -7.54332E-02
4.79195E+01 -7.80000E-02 7.44581E-07  -7.74121E-02
4.79866E+01 -8.00000E-02 7.41356E-07  -7.93910E-02
4.80537E+01 -8.20000E-02 7.37210E-07  -8.13699E-02
4.81208E+01 -8.40000E-02 7.32909E-07  -8.35010E-02
4.81879E+01 -8.60000E-02 7.29684E-07  -8.54798E-02
4.82550E+01 -8.80000E-02 7.25384E-07  -8.73065E-02
4.83221E+01 -9.00000E-02 7.21237E-07  -8.94376E-02
4.83893E+01 -9.20000E-02 7.17705E-07  -9.14165E-02
4.84564E+01 -9.40000E-02 7.13405E-07  -9.33953E-02
4.85235E+01 -9.60000E-02 7.09258E-07  -9.53742E-02
4.85906E+01 -9.80000E-02 7.05879E-07  -9.73531E-02
4.86577E+01 -1.00000E-01 7.01425E-07  -9.93319E-02
4.87248E+01 -1.02000E-01 6.97432E-07  -1.01311E-01
4.87919E+01 -1.04000E-01 6.93746E-07  -1.03442E-01
4.88591E+01 -1.06000E-01 6.89600E-07  -1.05269E-01
4.89262E+01 -1.08000E-01 6.85607E-07  -1.07247E-01
4.89933E+01 -1.10000E-01 6.81767E-07  -1.09379E-01
4.90604E+01 -1.12000E-01 6.77467E-07  -1.11357E-01
4.91275E+01 -1.14000E-01 6.73781E-07  -1.13336E-01
4.91946E+01 -1.16000E-01 6.69941E-07  -1.15315E-01
4.92617E+01 -1.18000E-01 6.65487E-07  -1.17446E-01
4.93289E+01 -1.20000E-01 6.61648E-07  -1.19425E-01
4.93960E+01 -1.22000E-01 6.57808E-07  -1.21404E-01
4.94631E+01 -1.24000E-01 6.53508E-07  -1.23535E-01
4.95302E+01 -1.26000E-01 6.49822E-07  -1.25362E-01
4.95973E+01 -1.28000E-01 6.45829E-07  -1.27341E-01
4.96644E+01 -1.30000E-01 6.41529E-07  -1.29472E-01
4.97315E+01 -1.32000E-01 6.37689E-07  -1.31451E-01
4.97987E+01 -1.34000E-01 6.34004E-07  -1.33429E-01
4.98658E+01 -1.36000E-01 6.29550E-07  -1.35408E-01
4.99329E+01 -1.38000E-01 6.25710E-07  -1.37387E-01
5.00000E+01 -1.40000E-01 6.22178E-07  -1.39366E-01
5.00671E+01 -1.42000E-01 6.17878E-07  -1.41497E-01
5.01342E+01 -1.44000E-01 6.13731E-07  -1.43476E-01
5.02013E+01 -1.46000E-01 6.10199E-07  -1.45303E-01
5.02685E+01 -1.48000E-01 6.05745E-07  -1.47434E-01
