time/s      E/V        I/A
0.00000E+00 -2.00000E-01 -4.17561E-07 -1.99493E-01
6.71141E-02 -1.98000E-01 -3.66880E-07 -1.97514E-01
1.34228E-01 -1.96000E-01 -3.43228E-07 -1.95536E-01
2.01342E-01 -1.94000E-01 -3.21881E-07 -1.93557E-01
2.68456E-01 -1.92000E-01 -3.05601E-07 -1.91578E-01
3.35570E-01 -1.90000E-01 -2.90704E-07 -1.89447E-01
4.02685E-01 -1.88000E-01 -2.74732E-07 -1.87468E-01
4.69799E-01 -1.86000E-01 -2.62445E-07 -1.85489E-01
5.36913E-01 -1.84000E-01 -2.49852E-07 -1.83510E-01
6.04027E-01 -1.82000E-01 -2.36644E-07 -1.81531E-01
6.71141E-01 -1.80000E-01 -2.26047E-07 -1.79552E-01
7.38255E-01 -1.78000E-01 -2.14528E-07 -1.77574E-01
8.05369E-01 -1.76000E-01 -2.05313E-07 -1.75442E-01
8.72483E-01 -1.74000E-01 -1.94716E-07 -1.73616E-01
9.39597E-01 -1.72000E-01 -1.83658E-07 -1.71637E-01
1.00671E+00 -1.70000E-01 -1.75058E-07 -1.69658E-01
1.07383E+00 -1.68000E-01 -1.65843E-07 -1.67679E-01
1.14094E+00 -1.66000E-01 -1.55860E-07 -1.65700E-01
1.20805E+00 -1.64000E-01 -1.48335E-07 -1.63721E-01
1.27517E+00 -1.62000E-01 -1.38506E-07 -1.61743E-01
1.34228E+00 -1.60000E-01 -1.30059E-07 -1.59764E-01
1.40940E+00 -1.58000E-01 -1.23148E-07 -1.57633E-01
1.47651E+00 -1.56000E-01 -1.13626E-07 -1.55654E-01
1.54362E+00 -1.54000E-01 -1.06254E-07 -1.53675E-01
1.61074E+00 -1.52000E-01 -1.00111E-07 -1.51696E-01
1.67785E+00 -1.50000E-01 -9.05887E-08 -1.49565E-01
1.74497E+00 -1.48000E-01 -8.49063E-08 -1.47586E-01
1.81208E+00 -1.46000E-01 -7.76880E-08 -1.45607E-01
1.87919E+00 -1.44000E-01 -6.90875E-08 -1.43628E-01
1.94631E+00 -1.42000E-01 -6.38658E-08 -1.41649E-01
2.01342E+00 -1.40000E-01 -5.64939E-08 -1.39670E-01
2.08054E+00 -1.38000E-01 -4.85077E-08 -1.37692E-01
2.14765E+00 -1.36000E-01 -4.37467E-08 -1.35561E-01
2.21477E+00 -1.34000E-01 -3.56070E-08 -1.33582E-01
2.28188E+00 -1.32000E-01 -2.99245E-08 -1.31603E-01
2.34899E+00 -1.30000E-01 -2.47028E-08 -1.29624E-01
2.41611E+00 -1.28000E-01 -1.65630E-08 -1.27645E-01
2.48322E+00 -1.26000E-01 -1.19556E-08 -1.25514E-01
2.55034E+00 -1.24000E-01 -6.58027E-09 -1.23687E-01
2.61745E+00 -1.22000E-01 9.45169E-10  -1.21708E-01
2.68456E+00 -1.20000E-01 4.78468E-09  -1.19577E-01
2.75168E+00 -1.18000E-01 1.04672E-08  -1.17598E-01
2.81879E+00 -1.16000E-01 1.82998E-08  -1.15620E-01
2.88591E+00 -1.14000E-01 2.19857E-08  -1.13641E-01
2.95302E+00 -1.12000E-01 2.85896E-08  -1.11510E-01
3.02013E+00 -1.10000E-01 3.47329E-08  -1.09531E-01
3.08725E+00 -1.08000E-01 3.76509E-08  -1.07552E-01
3.15436E+00 -1.06000E-01 4.44084E-08  -1.05421E-01
3.22148E+00 -1.04000E-01 4.99373E-08  -1.03594E-01
3.28859E+00 -1.02000E-01 4.84015E-08  -1.01615E-01
3.35570E+00 -1.00000E-01 6.08415E-08  -9.94842E-02
3.42282E+00 -9.80000E-02 6.45274E-08  -9.75053E-02
3.48993E+00 -9.60000E-02 6.85205E-08  -9.55264E-02
3.55705E+00 -9.40000E-02 7.57388E-08  -9.36998E-02
3.62416E+00 -9.20000E-02 7.83497E-08  -9.15687E-02
3.69128E+00 -9.00000E-02 8.32643E-08  -8.95898E-02
3.75839E+00 -8.80000E-02 8.98682E-08  -8.76109E-02
3.82550E+00 -8.60000E-02 9.23255E-08  -8.56321E-02
3.89262E+00 -8.40000E-02 9.78544E-08  -8.36532E-02
3.95973E+00 -8.20000E-02 1.03230E-07  -8.16743E-02
4.02685E+00 -8.00000E-02 1.06148E-07  -7.95432E-02
4.09396E+00 -7.80000E-02 1.12137E-07  -7.75643E-02
4.16107E+00 -7.60000E-02 1.15516E-07  -7.55855E-02
4.22819E+00 -7.40000E-02 1.19509E-07  -7.36066E-02
4.29530E+00 -7.20000E-02 1.25345E-07  -7.14755E-02
4.36242E+00 -7.00000E-02 1.28263E-07  -6.94966E-02
4.42953E+00 -6.80000E-02 1.32564E-07  -6.75178E-02
4.49664E+00 -6.60000E-02 1.38246E-07  -6.55389E-02
4.56376E+00 -6.40000E-02 1.41010E-07  -6.35600E-02
4.63087E+00 -6.20000E-02 1.45925E-07  -6.15811E-02
4.69799E+00 -6.00000E-02 1.50072E-07  -5.96023E-02
4.76510E+00 -5.80000E-02 1.53297E-07  -5.74712E-02
4.83221E+00 -5.60000E-02 1.58519E-07  -5.54923E-02
4.89933E+00 -5.40000E-02 1.61744E-07  -5.35134E-02
4.96644E+00 -5.20000E-02 1.64815E-07  -5.15346E-02
5.03356E+00 -5.00000E-02 1.70037E-07  -4.95557E-02
5.10067E+00 -4.80000E-02 1.72955E-07  -4.75768E-02
5.16779E+00 -4.60000E-02 1.77102E-07  -4.55979E-02
5.23490E+00 -4.40000E-02 1.81863E-07  -4.36191E-02
5.30201E+00 -4.20000E-02 1.84320E-07  -4.14880E-02
5.36913E+00 -4.00000E-02 1.89388E-07  -3.95091E-02
5.43624E+00 -3.80000E-02 1.93535E-07  -3.75302E-02
5.50336E+00 -3.60000E-02 1.95378E-07  -3.53991E-02
5.57047E+00 -3.40000E-02 2.00753E-07  -3.35725E-02
5.63758E+00 -3.20000E-02 2.03978E-07  -3.14414E-02
5.70470E+00 -3.00000E-02 2.06436E-07  -2.94625E-02
5.77181E+00 -2.80000E-02 2.12579E-07  -2.74836E-02
5.83893E+00 -2.60000E-02 2.14422E-07  -2.55048E-02
5.90604E+00 -2.40000E-02 2.17801E-07  -2.35259E-02
5.97315E+00 -2.20000E-02 2.23330E-07  -2.15470E-02
6.04027E+00 -2.00000E-02 2.24865E-07  -1.94159E-02
6.10738E+00 -1.80000E-02 2.29166E-07  -1.75893E-02
6.17450E+00 -1.60000E-02 2.34387E-07  -1.57626E-02
6.24161E+00 -1.40000E-02 2.35616E-07  -1.37838E-02
6.30872E+00 -1.20000E-02 2.40070E-07  -1.16527E-02
6.37584E+00 -1.00000E-02 2.44216E-07  -9.67379E-03
6.44295E+00 -8.00000E-03 2.45445E-07  -7.69492E-03
6.51007E+00 -6.00000E-03 2.50820E-07  -5.71605E-03
6.57718E+00 -4.00000E-03 2.53892E-07  -3.73718E-03
6.64430E+00 -2.00000E-03 2.56042E-07  -1.75830E-03
6.71141E+00 4.16063E-18  2.61417E-07  3.72789E-04 
6.77852E+00 2.00000E-03  2.63721E-07  2.35166E-03 
6.84564E+00 4.00000E-03  2.66332E-07  4.33053E-03 
6.91275E+00 6.00000E-03  2.71554E-07  6.30941E-03 
6.97987E+00 8.00000E-03  2.74472E-07  8.28828E-03 
7.04698E+00 1.00000E-02  2.77236E-07  1.02672E-02 
7.11409E+00 1.20000E-02  2.81229E-07  1.22460E-02 
7.18121E+00 1.40000E-02  2.84455E-07  1.42249E-02 
7.24832E+00 1.60000E-02  2.87833E-07  1.62038E-02 
7.31544E+00 1.80000E-02  2.90598E-07  1.83349E-02 
7.38255E+00 2.00000E-02  2.93823E-07  2.03137E-02 
7.44966E+00 2.20000E-02  2.97816E-07  2.22926E-02 
7.51678E+00 2.40000E-02  2.99966E-07  2.42715E-02 
7.58389E+00 2.60000E-02  3.04113E-07  2.62504E-02 
7.65101E+00 2.80000E-02  3.08106E-07  2.83814E-02 
7.71812E+00 3.00000E-02  3.09949E-07  3.03603E-02 
7.78523E+00 3.20000E-02  3.14403E-07  3.21870E-02 
7.85235E+00 3.40000E-02  3.18089E-07  3.43181E-02 
7.91946E+00 3.60000E-02  3.19164E-07  3.62969E-02 
7.98658E+00 3.80000E-02  3.24693E-07  3.82758E-02 
8.05369E+00 4.00000E-02  3.26843E-07  4.04069E-02 
8.12081E+00 4.20000E-02  3.26382E-07  4.23858E-02 
8.18792E+00 4.40000E-02  3.34675E-07  4.43646E-02 
8.25503E+00 4.60000E-02  3.36058E-07  4.63435E-02 
8.32215E+00 4.80000E-02  3.38515E-07  4.83224E-02 
8.38926E+00 5.00000E-02  3.44351E-07  5.04535E-02 
8.45638E+00 5.20000E-02  3.45272E-07  5.22801E-02 
8.52349E+00 5.40000E-02  3.49265E-07  5.44112E-02 
8.59060E+00 5.60000E-02  3.54180E-07  5.63901E-02 
8.65772E+00 5.80000E-02  3.54641E-07  5.83690E-02 
8.72483E+00 6.00000E-02  3.59095E-07  6.03478E-02 
8.79195E+00 6.20000E-02  3.64009E-07  6.23267E-02 
8.85906E+00 6.40000E-02  3.63702E-07  6.43056E-02 
8.92617E+00 6.60000E-02  3.69077E-07  6.62845E-02 
8.99329E+00 6.80000E-02  3.72610E-07  6.84156E-02 
9.06040E+00 7.00000E-02  3.73531E-07  7.02422E-02 
9.12752E+00 7.20000E-02  3.78446E-07  7.22211E-02 
9.19463E+00 7.40000E-02  3.81517E-07  7.42000E-02 
9.26174E+00 7.60000E-02  3.83053E-07  7.63310E-02 
9.32886E+00 7.80000E-02  3.88121E-07  7.83099E-02 
9.39597E+00 8.00000E-02  3.91039E-07  8.02888E-02 
9.46309E+00 8.20000E-02  3.93804E-07  8.24199E-02 
9.53020E+00 8.40000E-02  3.97950E-07  8.43988E-02 
9.59732E+00 8.60000E-02  3.99947E-07  8.63776E-02 
9.66443E+00 8.80000E-02  4.03787E-07  8.83565E-02 
9.73154E+00 9.00000E-02  4.06705E-07  9.03354E-02 
9.79866E+00 9.20000E-02  4.09623E-07  9.23142E-02 
9.86577E+00 9.40000E-02  4.13923E-07  9.42931E-02 
9.93289E+00 9.60000E-02  4.15919E-07  9.64242E-02 
1.00000E+01 9.80000E-02  4.19298E-07  9.84031E-02 
1.00671E+01 1.00000E-01  4.23445E-07  1.00230E-01 
1.01342E+01 1.02000E-01  4.25288E-07  1.02361E-01 
1.02013E+01 1.04000E-01  4.30509E-07  1.04340E-01 
1.02685E+01 1.06000E-01  4.33888E-07  1.06319E-01 
1.03356E+01 1.08000E-01  4.35117E-07  1.08450E-01 
1.04027E+01 1.10000E-01  4.40185E-07  1.10276E-01 
1.04698E+01 1.12000E-01  4.42642E-07  1.12255E-01 
1.05369E+01 1.14000E-01  4.44485E-07  1.14234E-01 
1.06040E+01 1.16000E-01  4.50321E-07  1.16365E-01 
1.06711E+01 1.18000E-01  4.51396E-07  1.18344E-01 
1.07383E+01 1.20000E-01  4.54468E-07  1.20323E-01 
1.08054E+01 1.22000E-01  4.60151E-07  1.22302E-01 
1.08725E+01 1.24000E-01  4.61379E-07  1.24433E-01 
1.09396E+01 1.26000E-01  4.65679E-07  1.26412E-01 
1.10067E+01 1.28000E-01  4.70440E-07  1.28391E-01 
1.10738E+01 1.30000E-01  4.70748E-07  1.30369E-01 
1.11409E+01 1.32000E-01  4.76430E-07  1.32348E-01 
1.12081E+01 1.34000E-01  4.79809E-07  1.34327E-01 
1.12752E+01 1.36000E-01  4.81037E-07  1.36458E-01 
1.13423E+01 1.38000E-01  4.87334E-07  1.38285E-01 
1.14094E+01 1.40000E-01  4.88716E-07  1.40112E-01 
1.14765E+01 1.42000E-01  4.91788E-07  1.42243E-01 
1.15436E+01 1.44000E-01  4.97931E-07  1.44222E-01 
1.16107E+01 1.46000E-01  4.97163E-07  1.46200E-01 
1.16779E+01 1.48000E-01  5.03460E-07  1.48179E-01 
1.17450E+01 1.50000E-01  5.09450E-07  1.50158E-01 
1.18121E+01 1.52000E-01  5.07300E-07  1.52137E-01 
1.18792E+01 1.54000E-01  5.14825E-07  1.54116E-01 
1.19463E+01 1.56000E-01  5.20200E-07  1.56247E-01 
1.20134E+01 1.58000E-01  5.17897E-07  1.58226E-01 
1.20805E+01 1.60000E-01  5.26036E-07  1.60205E-01 
1.21477E+01 1.62000E-01  5.29876E-07  1.62184E-01 
1.22148E+01 1.64000E-01  5.28801E-07  1.64163E-01 
1.22819E+01 1.66000E-01  5.38016E-07  1.66294E-01 
1.23490E+01 1.68000E-01  5.39705E-07  1.68120E-01 
1.24161E+01 1.70000E-01  5.40934E-07  1.70251E-01 
1.24832E+01 1.72000E-01  5.48920E-07  1.72230E-01 
1.25503E+01 1.74000E-01  5.51377E-07  1.74209E-01 
1.26174E+01 1.76000E-01  5.53681E-07  1.76188E-01 
1.26846E+01 1.78000E-01  5.63049E-07  1.78167E-01 
1.27517E+01 1.80000E-01  5.62128E-07  1.80298E-01 
1.28188E+01 1.82000E-01  5.66735E-07  1.82277E-01 
1.28859E+01 1.84000E-01  5.73186E-07  1.84256E-01 
1.29530E+01 1.86000E-01  5.74414E-07  1.86235E-01 
1.30201E+01 1.88000E-01  5.80711E-07  1.88061E-01 
1.30872E+01 1.90000E-01  5.83936E-07  1.90040E-01 
1.31544E+01 1.92000E-01  5.84243E-07  1.92171E-01 
1.32215E+01 1.94000E-01  5.92076E-07  1.94302E-01 
1.32886E+01 1.96000E-01  5.93919E-07  1.96281E-01 
1.33557E+01 1.98000E-01  5.99294E-07  1.98260E-01 
1.34228E+01 2.00000E-01  6.06205E-07  2.00239E-01 
1.34899E+01 2.02000E-01  6.06513E-07  2.02218E-01 
1.35570E+01 2.04000E-01  6.14192E-07  2.04349E-01 
1.36242E+01 2.06000E-01  6.16649E-07  2.06328E-01 
1.36913E+01 2.08000E-01  6.19413E-07  2.08307E-01 
1.37584E+01 2.10000E-01  6.26939E-07  2.10285E-01 
1.38255E+01 2.12000E-01  6.29857E-07  2.12264E-01 
1.38926E+01 2.14000E-01  6.32314E-07  2.14395E-01 
1.39597E+01 2.16000E-01  6.41836E-07  2.16222E-01 
1.40268E+01 2.18000E-01  6.41836E-07  2.18201E-01 
1.40940E+01 2.20000E-01  6.46751E-07  2.20180E-01 
1.41611E+01 2.22000E-01  6.55198E-07  2.22311E-01 
1.42282E+01 2.24000E-01  6.54890E-07  2.24290E-01 
1.42953E+01 2.26000E-01  6.61494E-07  2.26269E-01 
1.43624E+01 2.28000E-01  6.68866E-07  2.28095E-01 
1.44295E+01 2.30000E-01  6.69020E-07  2.30074E-01 
1.44966E+01 2.32000E-01  6.78695E-07  2.32205E-01 
1.45638E+01 2.34000E-01  6.80538E-07  2.34184E-01 
1.46309E+01 2.36000E-01  6.81613E-07  2.36315E-01 
1.46980E+01 2.38000E-01  6.91903E-07  2.38294E-01 
1.47651E+01 2.40000E-01  6.91443E-07  2.40273E-01 
1.48322E+01 2.42000E-01  6.96357E-07  2.42404E-01 
1.48993E+01 2.44000E-01  7.06801E-07  2.44383E-01 
1.49664E+01 2.46000E-01  7.05418E-07  2.46362E-01 
1.50336E+01 2.48000E-01  7.11562E-07  2.48341E-01 
1.51007E+01 2.50000E-01  7.22466E-07  2.50320E-01 
1.51678E+01 2.52000E-01  7.19087E-07  2.52298E-01 
1.52349E+01 2.54000E-01  7.27688E-07  2.54277E-01 
1.53020E+01 2.56000E-01  7.35059E-07  2.56256E-01 
1.53691E+01 2.58000E-01  7.32141E-07  2.58235E-01 
1.54362E+01 2.60000E-01  7.42585E-07  2.60366E-01 
1.55034E+01 2.62000E-01  7.45964E-07  2.62345E-01 
1.55705E+01 2.64000E-01  7.45503E-07  2.64324E-01 
1.56376E+01 2.66000E-01  7.57021E-07  2.66303E-01 
1.57047E+01 2.68000E-01  7.58557E-07  2.68282E-01 
1.57718E+01 2.70000E-01  7.62090E-07  2.70261E-01 
1.58389E+01 2.72000E-01  7.70536E-07  2.72392E-01 
1.59060E+01 2.74000E-01  7.71304E-07  2.74371E-01 
1.59732E+01 2.76000E-01  7.77755E-07  2.76349E-01 
1.60403E+01 2.78000E-01  7.84512E-07  2.78328E-01 
1.61074E+01 2.80000E-01  7.84205E-07  2.80459E-01 
1.61745E+01 2.82000E-01  7.91577E-07  2.82438E-01 
1.62416E+01 2.84000E-01  7.96184E-07  2.84417E-01 
1.63087E+01 2.86000E-01  7.97413E-07  2.86244E-01 
1.63758E+01 2.88000E-01  8.04478E-07  2.88375E-01 
1.64430E+01 2.90000E-01  8.04017E-07  2.90354E-01 
1.65101E+01 2.92000E-01  8.10928E-07  2.92333E-01 
1.65772E+01 2.94000E-01  8.16303E-07  2.94311E-01 
1.66443E+01 2.96000E-01  8.16303E-07  2.96290E-01 
1.67114E+01 2.98000E-01  8.25518E-07  2.98269E-01 
1.67785E+01 3.00000E-01  8.26440E-07  3.00400E-01 
1.68456E+01 3.02000E-01  8.28436E-07  3.02379E-01 
1.69128E+01 3.04000E-01  8.38112E-07  3.04206E-01 
1.69799E+01 3.06000E-01  8.38573E-07  3.06185E-01 
1.70470E+01 3.08000E-01  8.37958E-07  3.08164E-01 
1.71141E+01 3.10000E-01  8.50091E-07  3.10295E-01 
1.71812E+01 3.12000E-01  8.44869E-07  3.12274E-01 
1.72483E+01 3.14000E-01  8.47480E-07  3.14405E-01 
1.73154E+01 3.16000E-01  8.61610E-07  3.16384E-01 
1.73826E+01 3.18000E-01  8.55620E-07  3.18362E-01 
1.74497E+01 3.20000E-01  8.58999E-07  3.20341E-01 
1.75168E+01 3.22000E-01  8.68981E-07  3.22320E-01 
1.75839E+01 3.24000E-01  8.64067E-07  3.24147E-01 
1.76510E+01 3.26000E-01  8.69749E-07  3.26278E-01 
1.77181E+01 3.28000E-01  8.77736E-07  3.28257E-01 
1.77852E+01 3.30000E-01  8.74971E-07  3.30236E-01 
1.78523E+01 3.32000E-01  8.80500E-07  3.32367E-01 
1.79195E+01 3.34000E-01  8.83111E-07  3.34346E-01 
1.79866E+01 3.36000E-01  8.81114E-07  3.36324E-01 
1.80537E+01 3.38000E-01  8.87565E-07  3.38303E-01 
1.81208E+01 3.40000E-01  8.90329E-07  3.40282E-01 
1.81879E+01 3.42000E-01  8.88333E-07  3.42413E-01 
1.82550E+01 3.44000E-01  8.95704E-07  3.44240E-01 
1.83221E+01 3.46000E-01  8.96319E-07  3.46219E-01 
1.83893E+01 3.48000E-01  8.96472E-07  3.48198E-01 
1.84564E+01 3.50000E-01  9.02769E-07  3.50329E-01 
1.85235E+01 3.52000E-01  9.03230E-07  3.52308E-01 
1.85906E+01 3.54000E-01  9.03691E-07  3.54287E-01 
1.86577E+01 3.56000E-01  9.07837E-07  3.56418E-01 
1.87248E+01 3.58000E-01  9.11523E-07  3.58396E-01 
1.87919E+01 3.60000E-01  9.12598E-07  3.60375E-01 
1.88591E+01 3.62000E-01  9.13673E-07  3.62354E-01 
1.89262E+01 3.64000E-01  9.14748E-07  3.64333E-01 
1.89933E+01 3.66000E-01  9.18434E-07  3.66312E-01 
1.90604E+01 3.68000E-01  9.17052E-07  3.68291E-01 
1.91275E+01 3.70000E-01  9.21199E-07  3.70422E-01 
1.91946E+01 3.72000E-01  9.22888E-07  3.72249E-01 
1.92617E+01 3.74000E-01  9.23503E-07  3.74227E-01 
1.93289E+01 3.76000E-01  9.28417E-07  3.76359E-01 
1.93960E+01 3.78000E-01  9.29953E-07  3.78337E-01 
1.94631E+01 3.80000E-01  9.28417E-07  3.80316E-01 
1.95302E+01 3.82000E-01  9.34253E-07  3.82295E-01 
1.95973E+01 3.84000E-01  9.32103E-07  3.84274E-01 
1.96644E+01 3.86000E-01  9.34560E-07  3.86253E-01 
1.97315E+01 3.88000E-01  9.38400E-07  3.88384E-01 
1.97987E+01 3.90000E-01  9.38246E-07  3.90363E-01 
1.98658E+01 3.92000E-01  9.38861E-07  3.92342E-01 
1.99329E+01 3.94000E-01  9.45157E-07  3.94321E-01 
2.00000E+01 3.96000E-01  9.44082E-07  3.96452E-01 
2.00671E+01 3.98000E-01  9.47000E-07  3.98431E-01 
2.01342E+01 4.00000E-01  9.47461E-07  4.00409E-01 
2.02013E+01 4.02000E-01  9.47615E-07  4.02236E-01 
2.02685E+01 4.04000E-01  9.51915E-07  4.04367E-01 
2.03356E+01 4.06000E-01  9.54679E-07  4.06346E-01 
2.04027E+01 4.08000E-01  9.52529E-07  4.08325E-01 
2.04698E+01 4.10000E-01  9.58212E-07  4.10456E-01 
2.05369E+01 4.12000E-01  9.57905E-07  4.12283E-01 
2.06040E+01 4.14000E-01  9.57905E-07  4.14262E-01 
2.06711E+01 4.16000E-01  9.63587E-07  4.16393E-01 
2.07383E+01 4.18000E-01  9.62051E-07  4.18372E-01 
2.08054E+01 4.20000E-01  9.63433E-07  4.20503E-01 
2.08725E+01 4.22000E-01  9.70191E-07  4.22329E-01 
2.09396E+01 4.24000E-01  9.67734E-07  4.24308E-01 
2.10067E+01 4.26000E-01  9.72648E-07  4.26287E-01 
2.10738E+01 4.28000E-01  9.75413E-07  4.28418E-01 
2.11409E+01 4.30000E-01  9.73416E-07  4.30397E-01 
2.12081E+01 4.32000E-01  9.80634E-07  4.32528E-01 
2.12752E+01 4.34000E-01  9.82324E-07  4.34507E-01 
2.13423E+01 4.36000E-01  9.79867E-07  4.36486E-01 
2.14094E+01 4.38000E-01  9.86778E-07  4.38465E-01 
2.14765E+01 4.40000E-01  9.87392E-07  4.40444E-01 
2.15436E+01 4.42000E-01  9.85703E-07  4.42422E-01 
2.16107E+01 4.44000E-01  9.92614E-07  4.44401E-01 
2.16779E+01 4.46000E-01  9.93382E-07  4.46532E-01 
2.17450E+01 4.48000E-01  9.93996E-07  4.48511E-01 
2.18121E+01 4.50000E-01  9.99986E-07  4.50186E-01 
2.18792E+01 4.52000E-01  1.00060E-06  4.52165E-01 
2.19463E+01 4.54000E-01  1.00137E-06  4.54296E-01 
2.20134E+01 4.56000E-01  1.00551E-06  4.56275E-01 
2.20805E+01 4.58000E-01  1.00644E-06  4.58253E-01 
2.21477E+01 4.60000E-01  1.01028E-06  4.60232E-01 
2.22148E+01 4.62000E-01  1.01411E-06  4.62211E-01 
2.22819E+01 4.64000E-01  1.01504E-06  4.64190E-01 
2.23490E+01 4.66000E-01  1.01888E-06  4.66321E-01 
2.24161E+01 4.68000E-01  1.02087E-06  4.68300E-01 
2.24832E+01 4.70000E-01  1.02272E-06  4.70279E-01 
2.25503E+01 4.72000E-01  1.02763E-06  4.72258E-01 
2.26174E+01 4.74000E-01  1.02963E-06  4.74389E-01 
2.26846E+01 4.76000E-01  1.03147E-06  4.76368E-01 
2.27517E+01 4.78000E-01  1.03623E-06  4.78347E-01 
2.28188E+01 4.80000E-01  1.03684E-06  4.80325E-01 
2.28859E+01 4.82000E-01  1.04038E-06  4.82304E-01 
2.29530E+01 4.84000E-01  1.04360E-06  4.84283E-01 
2.30201E+01 4.86000E-01  1.04483E-06  4.86262E-01 
2.30872E+01 4.88000E-01  1.04959E-06  4.88241E-01 
2.31544E+01 4.90000E-01  1.05051E-06  4.90220E-01 
2.32215E+01 4.92000E-01  1.05266E-06  4.92351E-01 
2.32886E+01 4.94000E-01  1.05850E-06  4.94330E-01 
2.33557E+01 4.96000E-01  1.06050E-06  4.96309E-01 
2.34228E+01 4.98000E-01  1.06387E-06  4.98288E-01 
2.34899E+01 5.00000E-01  1.06879E-06  5.00266E-01 
2.35570E+01 4.98000E-01  9.55140E-07  4.98440E-01 
2.36242E+01 4.96000E-01  9.05073E-07  4.96461E-01 
2.36913E+01 4.94000E-01  8.66678E-07  4.94482E-01 
2.37584E+01 4.92000E-01  8.30894E-07  4.92351E-01 
2.38255E+01 4.90000E-01  8.04938E-07  4.90372E-01 
2.38926E+01 4.88000E-01  7.77601E-07  4.88393E-01 
2.39597E+01 4.86000E-01  7.50417E-07  4.86414E-01 
2.40268E+01 4.84000E-01  7.29684E-07  4.84435E-01 
2.40940E+01 4.82000E-01  7.06801E-07  4.82457E-01 
2.41611E+01 4.80000E-01  6.84839E-07  4.80325E-01 
2.42282E+01 4.78000E-01  6.67023E-07  4.78499E-01 
2.42953E+01 4.76000E-01  6.45368E-07  4.76520E-01 
2.43624E+01 4.74000E-01  6.28628E-07  4.74389E-01 
2.44295E+01 4.72000E-01  6.14652E-07  4.72410E-01 
2.44966E+01 4.70000E-01  5.93919E-07  4.70431E-01 
2.45638E+01 4.68000E-01  5.78100E-07  4.68452E-01 
2.46309E+01 4.66000E-01  5.64892E-07  4.66321E-01 
2.46980E+01 4.64000E-01  5.46616E-07  4.64342E-01 
2.47651E+01 4.62000E-01  5.32794E-07  4.62211E-01 
2.48322E+01 4.60000E-01  5.18665E-07  4.60232E-01 
2.48993E+01 4.58000E-01  5.01156E-07  4.58406E-01 
2.49664E+01 4.56000E-01  4.89484E-07  4.56275E-01 
2.50336E+01 4.54000E-01  4.74741E-07  4.54296E-01 
2.51007E+01 4.52000E-01  4.59383E-07  4.52317E-01 
2.51678E+01 4.50000E-01  4.48939E-07  4.50338E-01 
2.52349E+01 4.48000E-01  4.35424E-07  4.48664E-01 
2.53020E+01 4.46000E-01  4.21909E-07  4.46532E-01 
2.53691E+01 4.44000E-01  4.11158E-07  4.44554E-01 
2.54362E+01 4.42000E-01  3.97643E-07  4.42575E-01 
2.55034E+01 4.40000E-01  3.85818E-07  4.40596E-01 
2.55705E+01 4.38000E-01  3.74760E-07  4.38617E-01 
2.56376E+01 4.36000E-01  3.62013E-07  4.36638E-01 
2.57047E+01 4.34000E-01  3.51416E-07  4.34507E-01 
2.57718E+01 4.32000E-01  3.40358E-07  4.32528E-01 
2.58389E+01 4.30000E-01  3.28225E-07  4.30549E-01 
2.59060E+01 4.28000E-01  3.17628E-07  4.28570E-01 
2.59732E+01 4.26000E-01  3.04881E-07  4.26439E-01 
2.60403E+01 4.24000E-01  2.94284E-07  4.24460E-01 
2.61074E+01 4.22000E-01  2.84301E-07  4.22482E-01 
2.61745E+01 4.20000E-01  2.72015E-07  4.20655E-01 
2.62416E+01 4.18000E-01  2.64028E-07  4.18524E-01 
2.63087E+01 4.16000E-01  2.52971E-07  4.16545E-01 
2.63758E+01 4.14000E-01  2.41298E-07  4.14566E-01 
2.64430E+01 4.12000E-01  2.35155E-07  4.12435E-01 
2.65101E+01 4.10000E-01  2.23637E-07  4.10608E-01 
2.65772E+01 4.08000E-01  2.11043E-07  4.08629E-01 
2.66443E+01 4.06000E-01  2.05207E-07  4.06651E-01 
2.67114E+01 4.04000E-01  1.91999E-07  4.04519E-01 
2.67785E+01 4.02000E-01  1.80634E-07  4.02541E-01 
2.68456E+01 4.00000E-01  1.75566E-07  4.00562E-01 
2.69128E+01 3.98000E-01  1.62512E-07  3.98583E-01 
2.69799E+01 3.96000E-01  1.52683E-07  3.96452E-01 
2.70470E+01 3.94000E-01  1.46693E-07  3.94625E-01 
2.71141E+01 3.92000E-01  1.32871E-07  3.92494E-01 
2.71812E+01 3.90000E-01  1.25038E-07  3.90515E-01 
2.72483E+01 3.88000E-01  1.19663E-07  3.88536E-01 
2.73154E+01 3.86000E-01  1.04766E-07  3.86405E-01 
2.73826E+01 3.84000E-01  9.72401E-08  3.84426E-01 
2.74497E+01 3.82000E-01  9.06361E-08  3.82447E-01 
2.75168E+01 3.80000E-01  7.66603E-08  3.80469E-01 
2.75839E+01 3.78000E-01  7.15921E-08  3.78490E-01 
2.76510E+01 3.76000E-01  6.25309E-08  3.76359E-01 
2.77181E+01 3.74000E-01  4.97837E-08  3.74380E-01 
2.77852E+01 3.72000E-01  4.45620E-08  3.72401E-01 
2.78523E+01 3.70000E-01  3.53472E-08  3.70574E-01 
2.79195E+01 3.68000E-01  2.38286E-08  3.68443E-01 
2.79866E+01 3.66000E-01  1.86069E-08  3.66464E-01 
2.80537E+01 3.64000E-01  8.31703E-09  3.64485E-01 
2.81208E+01 3.62000E-01  -1.20496E-09 3.62506E-01 
2.81879E+01 3.60000E-01  -8.42323E-09 3.60528E-01 
2.82550E+01 3.58000E-01  -1.82524E-08 3.58549E-01 
2.83221E+01 3.56000E-01  -2.65457E-08 3.56418E-01 
2.83893E+01 3.54000E-01  -3.66820E-08 3.54591E-01 
2.84564E+01 3.52000E-01  -4.46682E-08 3.52460E-01 
2.85235E+01 3.50000E-01  -5.14257E-08 3.50481E-01 
2.85906E+01 3.48000E-01  -6.27907E-08 3.48502E-01 
2.86577E+01 3.46000E-01  -7.01625E-08 3.46523E-01 
2.87248E+01 3.44000E-01  -7.67665E-08 3.44392E-01 
2.87919E+01 3.42000E-01  -8.79779E-08 3.42566E-01 
2.88591E+01 3.40000E-01  -9.35068E-08 3.40587E-01 
2.89262E+01 3.38000E-01  -1.01339E-07 3.38456E-01 
2.89933E+01 3.36000E-01  -1.13319E-07 3.36477E-01 
2.90604E+01 3.34000E-01  -1.18233E-07 3.34498E-01 
2.91275E+01 3.32000E-01  -1.27602E-07 3.32519E-01 
2.91946E+01 3.30000E-01  -1.38659E-07 3.30540E-01 
2.92617E+01 3.28000E-01  -1.43420E-07 3.28561E-01 
2.93289E+01 3.26000E-01  -1.52942E-07 3.26430E-01 
2.93960E+01 3.24000E-01  -1.61696E-07 3.24451E-01 
2.94631E+01 3.22000E-01  -1.66765E-07 3.22472E-01 
2.95302E+01 3.20000E-01  -1.78130E-07 3.20493E-01 
2.95973E+01 3.18000E-01  -1.83966E-07 3.18515E-01 
2.96644E+01 3.16000E-01  -1.90877E-07 3.16536E-01 
2.97315E+01 3.14000E-01  -2.02856E-07 3.14405E-01 
2.97987E+01 3.12000E-01  -2.05160E-07 3.12426E-01 
2.98658E+01 3.10000E-01  -2.13914E-07 3.10447E-01 
2.99329E+01 3.08000E-01  -2.25279E-07 3.08468E-01 
3.00000E+01 3.06000E-01  -2.26507E-07 3.06337E-01 
3.00671E+01 3.04000E-01  -2.38947E-07 3.04358E-01 
3.01342E+01 3.02000E-01  -2.48009E-07 3.02379E-01 
3.02013E+01 3.00000E-01  -2.49237E-07 3.00400E-01 
3.02685E+01 2.98000E-01  -2.64595E-07 2.98421E-01 
3.03356E+01 2.96000E-01  -2.67667E-07 2.96443E-01 
3.04027E+01 2.94000E-01  -2.69356E-07 2.94311E-01 
3.04698E+01 2.92000E-01  -2.87018E-07 2.92485E-01 
3.05369E+01 2.90000E-01  -2.84561E-07 2.90506E-01 
3.06040E+01 2.88000E-01  -2.89629E-07 2.88375E-01 
3.06711E+01 2.86000E-01  -3.05908E-07 2.86396E-01 
3.07383E+01 2.84000E-01  -3.05294E-07 2.84569E-01 
3.08054E+01 2.82000E-01  -3.12512E-07 2.82590E-01 
3.08725E+01 2.80000E-01  -3.27717E-07 2.80459E-01 
3.09396E+01 2.78000E-01  -3.23724E-07 2.78480E-01 
3.10067E+01 2.76000E-01  -3.33860E-07 2.76502E-01 
3.10738E+01 2.74000E-01  -3.45839E-07 2.74371E-01 
3.11409E+01 2.72000E-01  -3.41846E-07 2.72392E-01 
3.12081E+01 2.70000E-01  -3.52443E-07 2.70413E-01 
3.12752E+01 2.68000E-01  -3.60276E-07 2.68282E-01 
3.13423E+01 2.66000E-01  -3.59662E-07 2.66303E-01 
3.14094E+01 2.64000E-01  -3.70719E-07 2.64476E-01 
3.14765E+01 2.62000E-01  -3.75173E-07 2.62497E-01 
3.15436E+01 2.60000E-01  -3.76402E-07 2.60366E-01 
3.16107E+01 2.58000E-01  -3.87460E-07 2.58387E-01 
3.16779E+01 2.56000E-01  -3.88381E-07 2.56256E-01 
3.17450E+01 2.54000E-01  -3.94985E-07 2.54430E-01 
3.18121E+01 2.52000E-01  -4.04046E-07 2.52298E-01 
3.18792E+01 2.50000E-01  -4.03125E-07 2.50320E-01 
3.19463E+01 2.48000E-01  -4.11418E-07 2.48341E-01 
3.20134E+01 2.46000E-01  -4.16026E-07 2.46362E-01 
3.20805E+01 2.44000E-01  -4.16179E-07 2.44383E-01 
3.21477E+01 2.42000E-01  -4.24780E-07 2.42404E-01 
3.22148E+01 2.40000E-01  -4.27237E-07 2.40425E-01 
3.22819E+01 2.38000E-01  -4.28773E-07 2.38446E-01 
3.23490E+01 2.36000E-01  -4.37373E-07 2.36315E-01 
3.24161E+01 2.34000E-01  -4.37680E-07 2.34336E-01 
3.24832E+01 2.32000E-01  -4.44131E-07 2.32358E-01 
3.25503E+01 2.30000E-01  -4.51656E-07 2.30379E-01 
3.26174E+01 2.28000E-01  -4.51349E-07 2.28248E-01 
3.26846E+01 2.26000E-01  -4.57953E-07 2.26269E-01 
3.27517E+01 2.24000E-01  -4.59950E-07 2.24290E-01 
3.28188E+01 2.22000E-01  -4.59796E-07 2.22311E-01 
3.28859E+01 2.20000E-01  -4.69164E-07 2.20332E-01 
3.29530E+01 2.18000E-01  -4.66554E-07 2.18353E-01 
3.30201E+01 2.16000E-01  -4.67321E-07 2.16374E-01 
3.30872E+01 2.14000E-01  -4.76843E-07 2.14395E-01 
3.31544E+01 2.12000E-01  -4.72850E-07 2.12417E-01 
3.32215E+01 2.10000E-01  -4.77458E-07 2.10285E-01 
3.32886E+01 2.08000E-01  -4.85137E-07 2.08307E-01 
3.33557E+01 2.06000E-01  -4.80529E-07 2.06328E-01 
3.34228E+01 2.04000E-01  -4.87287E-07 2.04349E-01 
3.34899E+01 2.02000E-01  -4.90819E-07 2.02370E-01 
3.35570E+01 2.00000E-01  -4.86980E-07 2.00391E-01 
3.36242E+01 1.98000E-01  -4.95119E-07 1.98412E-01 
3.36913E+01 1.96000E-01  -4.94198E-07 1.96433E-01 
3.37584E+01 1.94000E-01  -4.91434E-07 1.94302E-01 
3.38255E+01 1.92000E-01  -5.00648E-07 1.92323E-01 
3.38926E+01 1.90000E-01  -4.97423E-07 1.90345E-01 
3.39597E+01 1.88000E-01  -4.96502E-07 1.88366E-01 
3.40268E+01 1.86000E-01  -5.04795E-07 1.86387E-01 
3.40940E+01 1.84000E-01  -5.01109E-07 1.84408E-01 
3.41611E+01 1.82000E-01  -5.02952E-07 1.82277E-01 
3.42282E+01 1.80000E-01  -5.08327E-07 1.80298E-01 
3.42953E+01 1.78000E-01  -5.03566E-07 1.78319E-01 
3.43624E+01 1.76000E-01  -5.07867E-07 1.76340E-01 
3.44295E+01 1.74000E-01  -5.11245E-07 1.74361E-01 
3.44966E+01 1.72000E-01  -5.07713E-07 1.72382E-01 
3.45638E+01 1.70000E-01  -5.11092E-07 1.70404E-01 
3.46309E+01 1.68000E-01  -5.11553E-07 1.68273E-01 
3.46980E+01 1.66000E-01  -5.10785E-07 1.66294E-01 
3.47651E+01 1.64000E-01  -5.13703E-07 1.64315E-01 
3.48322E+01 1.62000E-01  -5.12474E-07 1.62336E-01 
3.48993E+01 1.60000E-01  -5.14624E-07 1.60357E-01 
3.49664E+01 1.58000E-01  -5.16621E-07 1.58378E-01 
3.50336E+01 1.56000E-01  -5.15392E-07 1.56247E-01 
3.51007E+01 1.54000E-01  -5.18924E-07 1.54268E-01 
3.51678E+01 1.52000E-01  -5.17081E-07 1.52289E-01 
3.52349E+01 1.50000E-01  -5.16160E-07 1.50158E-01 
3.53020E+01 1.48000E-01  -5.20460E-07 1.48179E-01 
3.53691E+01 1.46000E-01  -5.17081E-07 1.46200E-01 
3.54362E+01 1.44000E-01  -5.18924E-07 1.44222E-01 
3.55034E+01 1.42000E-01  -5.22918E-07 1.42243E-01 
3.55705E+01 1.40000E-01  -5.18617E-07 1.40112E-01 
3.56376E+01 1.38000E-01  -5.22610E-07 1.38285E-01 
3.57047E+01 1.36000E-01  -5.25682E-07 1.36458E-01 
3.57718E+01 1.34000E-01  -5.20307E-07 1.34479E-01 
3.58389E+01 1.32000E-01  -5.26296E-07 1.32348E-01 
3.59060E+01 1.30000E-01  -5.27679E-07 1.30369E-01 
3.59732E+01 1.28000E-01  -5.22303E-07 1.28543E-01 
3.60403E+01 1.26000E-01  -5.28446E-07 1.26564E-01 
3.61074E+01 1.24000E-01  -5.27679E-07 1.24585E-01 
3.61745E+01 1.22000E-01  -5.24300E-07 1.22454E-01 
3.62416E+01 1.20000E-01  -5.30904E-07 1.20475E-01 
3.63087E+01 1.18000E-01  -5.29521E-07 1.18496E-01 
3.63758E+01 1.16000E-01  -5.28446E-07 1.16365E-01 
3.64430E+01 1.14000E-01  -5.34282E-07 1.14539E-01 
3.65101E+01 1.12000E-01  -5.31672E-07 1.12407E-01 
3.65772E+01 1.10000E-01  -5.31979E-07 1.10429E-01 
3.66443E+01 1.08000E-01  -5.36433E-07 1.08450E-01 
3.67114E+01 1.06000E-01  -5.33822E-07 1.06471E-01 
3.67785E+01 1.04000E-01  -5.35204E-07 1.04492E-01 
3.68456E+01 1.02000E-01  -5.37661E-07 1.02361E-01 
3.69128E+01 1.00000E-01  -5.36586E-07 1.00382E-01 
3.69799E+01 9.80000E-02  -5.37968E-07 9.84031E-02 
3.70470E+01 9.60000E-02  -5.39197E-07 9.64242E-02 
3.71141E+01 9.40000E-02  -5.39504E-07 9.44453E-02 
3.71812E+01 9.20000E-02  -5.41654E-07 9.23142E-02 
3.72483E+01 9.00000E-02  -5.42115E-07 9.03354E-02 
3.73154E+01 8.80000E-02  -5.43958E-07 8.85087E-02 
3.73826E+01 8.60000E-02  -5.44880E-07 8.65299E-02 
3.74497E+01 8.40000E-02  -5.45955E-07 8.43988E-02 
3.75168E+01 8.20000E-02  -5.47798E-07 8.24199E-02 
3.75839E+01 8.00000E-02  -5.47183E-07 8.04410E-02 
3.76510E+01 7.80000E-02  -5.48565E-07 7.84621E-02 
3.77181E+01 7.60000E-02  -5.51483E-07 7.63310E-02 
3.77852E+01 7.40000E-02  -5.50408E-07 7.43522E-02 
3.78523E+01 7.20000E-02  -5.52098E-07 7.23733E-02 
3.79195E+01 7.00000E-02  -5.54862E-07 7.03944E-02 
3.79866E+01 6.80000E-02  -5.54094E-07 6.84156E-02 
3.80537E+01 6.60000E-02  -5.56705E-07 6.64367E-02 
3.81208E+01 6.40000E-02  -5.58395E-07 6.44578E-02 
3.81879E+01 6.20000E-02  -5.57012E-07 6.24789E-02 
3.82550E+01 6.00000E-02  -5.60698E-07 6.05001E-02 
3.83221E+01 5.80000E-02  -5.61313E-07 5.85212E-02 
3.83893E+01 5.60000E-02  -5.61005E-07 5.65423E-02 
3.84564E+01 5.40000E-02  -5.64077E-07 5.45635E-02 
3.85235E+01 5.20000E-02  -5.64538E-07 5.24324E-02 
3.85906E+01 5.00000E-02  -5.65152E-07 5.06057E-02 
3.86577E+01 4.80000E-02  -5.68070E-07 4.86268E-02 
3.87248E+01 4.60000E-02  -5.67763E-07 4.64957E-02 
3.87919E+01 4.40000E-02  -5.70220E-07 4.45169E-02 
3.88591E+01 4.20000E-02  -5.71910E-07 4.25380E-02 
3.89262E+01 4.00000E-02  -5.71142E-07 4.04069E-02 
3.89933E+01 3.80000E-02  -5.74828E-07 3.84280E-02 
3.90604E+01 3.60000E-02  -5.75596E-07 3.64492E-02 
3.91275E+01 3.40000E-02  -5.74367E-07 3.44703E-02 
3.91946E+01 3.20000E-02  -5.78360E-07 3.23392E-02 
3.92617E+01 3.00000E-02  -5.78360E-07 3.05125E-02 
3.93289E+01 2.80000E-02  -5.78360E-07 2.83814E-02 
3.93960E+01 2.60000E-02  -5.82507E-07 2.64026E-02 
3.94631E+01 2.40000E-02  -5.81739E-07 2.44237E-02 
3.95302E+01 2.20000E-02  -5.82814E-07 2.22926E-02 
3.95973E+01 2.00000E-02  -5.86807E-07 2.04660E-02 
3.96644E+01 1.80000E-02  -5.85271E-07 1.84871E-02 
3.97315E+01 1.60000E-02  -5.87268E-07 1.63560E-02 
3.97987E+01 1.40000E-02  -5.90646E-07 1.43771E-02 
3.98658E+01 1.20000E-02  -5.88957E-07 1.23982E-02 
3.99329E+01 1.00000E-02  -5.91722E-07 1.04194E-02 
4.00000E+01 8.00000E-03  -5.93718E-07 8.44050E-03 
4.00671E+01 6.00000E-03  -5.92643E-07 6.46163E-03 
4.01342E+01 4.00000E-03  -5.95407E-07 4.33053E-03 
4.02013E+01 2.00000E-03  -5.96790E-07 2.35166E-03 
4.02685E+01 4.17418E-18  -5.96790E-07 3.72789E-04 
4.03356E+01 -2.00000E-03 -5.99554E-07 -1.60608E-03
4.04027E+01 -4.00000E-03 -6.00629E-07 -3.73718E-03
4.04698E+01 -6.00000E-03 -6.01244E-07 -5.71605E-03
4.05369E+01 -8.00000E-03 -6.03547E-07 -7.69492E-03
4.06040E+01 -1.00000E-02 -6.04315E-07 -9.52157E-03
4.06711E+01 -1.20000E-02 -6.05390E-07 -1.16527E-02
4.07383E+01 -1.40000E-02 -6.06312E-07 -1.36315E-02
4.08054E+01 -1.60000E-02 -6.07233E-07 -1.57626E-02
4.08725E+01 -1.80000E-02 -6.08769E-07 -1.74371E-02
4.09396E+01 -2.00000E-02 -6.09383E-07 -1.94159E-02
4.10067E+01 -2.20000E-02 -6.11226E-07 -2.13948E-02
4.10738E+01 -2.40000E-02 -6.12916E-07 -2.33737E-02
4.11409E+01 -2.60000E-02 -6.12762E-07 -2.53526E-02
4.12081E+01 -2.80000E-02 -6.15219E-07 -2.73314E-02
4.12752E+01 -3.00000E-02 -6.16755E-07 -2.93103E-02
4.13423E+01 -3.20000E-02 -6.17062E-07 -3.12892E-02
4.14094E+01 -3.40000E-02 -6.18905E-07 -3.34203E-02
4.14765E+01 -3.60000E-02 -6.19673E-07 -3.53991E-02
4.15436E+01 -3.80000E-02 -6.20287E-07 -3.73780E-02
4.16107E+01 -4.00000E-02 -6.22898E-07 -3.93569E-02
4.16779E+01 -4.20000E-02 -6.23052E-07 -4.14880E-02
4.17450E+01 -4.40000E-02 -6.24434E-07 -4.34668E-02
4.18121E+01 -4.60000E-02 -6.30885E-07 -4.54457E-02
4.18792E+01 -4.80000E-02 -6.27352E-07 -4.74246E-02
4.19463E+01 -5.00000E-02 -6.28120E-07 -4.94035E-02
4.20134E+01 -5.20000E-02 -6.30885E-07 -5.13823E-02
4.20805E+01 -5.40000E-02 -6.29963E-07 -5.35134E-02
4.21477E+01 -5.60000E-02 -6.36260E-07 -5.54923E-02
4.22148E+01 -5.80000E-02 -6.33342E-07 -5.74712E-02
4.22819E+01 -6.00000E-02 -6.33342E-07 -5.94500E-02
4.23490E+01 -6.20000E-02 -6.36413E-07 -6.14289E-02
4.24161E+01 -6.40000E-02 -6.37028E-07 -6.34078E-02
4.24832E+01 -6.60000E-02 -6.37335E-07 -6.55389E-02
4.25503E+01 -6.80000E-02 -6.40407E-07 -6.73655E-02
4.26174E+01 -7.00000E-02 -6.40560E-07 -6.93444E-02
4.26846E+01 -7.20000E-02 -6.42096E-07 -7.14755E-02
4.27517E+01 -7.40000E-02 -6.44246E-07 -7.34544E-02
4.28188E+01 -7.60000E-02 -6.44553E-07 -7.54332E-02
4.28859E+01 -7.80000E-02 -6.46089E-07 -7.74121E-02
4.29530E+01 -8.00000E-02 -6.47625E-07 -7.95432E-02
4.30201E+01 -8.20000E-02 -6.47471E-07 -8.15221E-02
4.30872E+01 -8.40000E-02 -6.49928E-07 -8.35010E-02
4.31544E+01 -8.60000E-02 -6.50850E-07 -8.56321E-02
4.32215E+01 -8.80000E-02 -6.51618E-07 -8.74587E-02
4.32886E+01 -9.00000E-02 -6.53000E-07 -8.94376E-02
4.33557E+01 -9.20000E-02 -6.54536E-07 -9.15687E-02
4.34228E+01 -9.40000E-02 -6.56379E-07 -9.33953E-02
4.34899E+01 -9.60000E-02 -6.57608E-07 -9.55264E-02
4.35570E+01 -9.80000E-02 -6.58222E-07 -9.73531E-02
4.36242E+01 -1.00000E-01 -6.60833E-07 -9.94842E-02
4.36913E+01 -1.02000E-01 -6.60986E-07 -1.01463E-01
4.37584E+01 -1.04000E-01 -6.62061E-07 -1.03442E-01
4.38255E+01 -1.06000E-01 -6.64519E-07 -1.05421E-01
4.38926E+01 -1.08000E-01 -6.64211E-07 -1.07400E-01
4.39597E+01 -1.10000E-01 -6.66362E-07 -1.09379E-01
4.40268E+01 -1.12000E-01 -6.68051E-07 -1.11510E-01
4.40940E+01 -1.14000E-01 -6.68051E-07 -1.13488E-01
4.41611E+01 -1.16000E-01 -6.70815E-07 -1.15467E-01
4.42282E+01 -1.18000E-01 -6.73426E-07 -1.17446E-01
4.42953E+01 -1.20000E-01 -6.71890E-07 -1.19425E-01
4.43624E+01 -1.22000E-01 -6.75423E-07 -1.21556E-01
4.44295E+01 -1.24000E-01 -6.77266E-07 -1.23535E-01
4.44966E+01 -1.26000E-01 -6.75884E-07 -1.25514E-01
4.45638E+01 -1.28000E-01 -6.80030E-07 -1.27493E-01
4.46309E+01 -1.30000E-01 -6.80491E-07 -1.29472E-01
4.46980E+01 -1.32000E-01 -6.80030E-07 -1.31451E-01
4.47651E+01 -1.34000E-01 -6.84177E-07 -1.33582E-01
4.48322E+01 -1.36000E-01 -6.83870E-07 -1.35408E-01
4.48993E+01 -1.38000E-01 -6.84791E-07 -1.37387E-01
4.49664E+01 -1.40000E-01 -6.88938E-07 -1.39518E-01
4.50336E+01 -1.42000E-01 -6.88784E-07 -1.41497E-01
4.51007E+01 -1.44000E-01 -6.89552E-07 -1.43476E-01
4.51678E+01 -1.46000E-01 -6.92777E-07 -1.45455E-01
4.52349E+01 -1.48000E-01 -6.92470E-07 -1.47434E-01
4.53020E+01 -1.50000E-01 -6.94160E-07 -1.49413E-01
4.53691E+01 -1.52000E-01 -6.96617E-07 -1.51544E-01
4.54362E+01 -1.54000E-01 -6.96771E-07 -1.53523E-01
4.55034E+01 -1.56000E-01 -6.99074E-07 -1.55501E-01
4.55705E+01 -1.58000E-01 -7.00764E-07 -1.57480E-01
4.56376E+01 -1.60000E-01 -7.02299E-07 -1.59611E-01
4.57047E+01 -1.62000E-01 -7.03835E-07 -1.61590E-01
4.57718E+01 -1.64000E-01 -7.05064E-07 -1.63569E-01
4.58389E+01 -1.66000E-01 -7.07521E-07 -1.65548E-01
4.59060E+01 -1.68000E-01 -7.08289E-07 -1.67527E-01
4.59732E+01 -1.70000E-01 -7.09518E-07 -1.69506E-01
4.60403E+01 -1.72000E-01 -7.12436E-07 -1.71485E-01
4.61074E+01 -1.74000E-01 -7.12282E-07 -1.73464E-01
4.61745E+01 -1.76000E-01 -7.14279E-07 -1.75290E-01
4.62416E+01 -1.78000E-01 -7.17811E-07 -1.77269E-01
4.63087E+01 -1.80000E-01 -7.17197E-07 -1.79400E-01
4.63758E+01 -1.82000E-01 -7.19961E-07 -1.81379E-01
4.64430E+01 -1.84000E-01 -7.23340E-07 -1.83358E-01
4.65101E+01 -1.86000E-01 -7.21958E-07 -1.85185E-01
4.65772E+01 -1.88000E-01 -7.26104E-07 -1.87316E-01
4.66443E+01 -1.90000E-01 -7.27947E-07 -1.89295E-01
4.67114E+01 -1.92000E-01 -7.25490E-07 -1.91273E-01
4.67785E+01 -1.94000E-01 -7.32248E-07 -1.93404E-01
4.68456E+01 -1.96000E-01 -7.33015E-07 -1.95383E-01
4.69128E+01 -1.98000E-01 -7.32862E-07 -1.97362E-01
