time/s      E/V        I/A
0.00000E+00 -2.00000E-01 -7.14125E-07 -1.99493E-01
6.71141E-02 -1.98000E-01 -6.19520E-07 -1.97667E-01
1.34228E-01 -1.96000E-01 -5.77592E-07 -1.95536E-01
2.01342E-01 -1.94000E-01 -5.39965E-07 -1.93557E-01
2.68456E-01 -1.92000E-01 -5.14010E-07 -1.91578E-01
3.35570E-01 -1.90000E-01 -4.90666E-07 -1.89599E-01
4.02685E-01 -1.88000E-01 -4.65478E-07 -1.87468E-01
4.69799E-01 -1.86000E-01 -4.46281E-07 -1.85489E-01
5.36913E-01 -1.84000E-01 -4.28312E-07 -1.83510E-01
6.04027E-01 -1.82000E-01 -4.08193E-07 -1.81531E-01
6.71141E-01 -1.80000E-01 -3.92221E-07 -1.79552E-01
7.38255E-01 -1.78000E-01 -3.77170E-07 -1.77574E-01
8.05369E-01 -1.76000E-01 -3.60122E-07 -1.75442E-01
8.72483E-01 -1.74000E-01 -3.45839E-07 -1.73616E-01
9.39597E-01 -1.72000E-01 -3.32631E-07 -1.71789E-01
1.00671E+00 -1.70000E-01 -3.18348E-07 -1.69810E-01
1.07383E+00 -1.68000E-01 -3.04987E-07 -1.67679E-01
1.14094E+00 -1.66000E-01 -2.93622E-07 -1.65700E-01
1.20805E+00 -1.64000E-01 -2.80875E-07 -1.63721E-01
1.27517E+00 -1.62000E-01 -2.69203E-07 -1.61743E-01
1.34228E+00 -1.60000E-01 -2.58452E-07 -1.59764E-01
1.40940E+00 -1.58000E-01 -2.47394E-07 -1.57785E-01
1.47651E+00 -1.56000E-01 -2.36337E-07 -1.55806E-01
1.54362E+00 -1.54000E-01 -2.27275E-07 -1.53675E-01
1.61074E+00 -1.52000E-01 -2.16832E-07 -1.51696E-01
1.67785E+00 -1.50000E-01 -2.06081E-07 -1.49717E-01
1.74497E+00 -1.48000E-01 -1.98249E-07 -1.47738E-01
1.81208E+00 -1.46000E-01 -1.88112E-07 -1.45607E-01
1.87919E+00 -1.44000E-01 -1.77976E-07 -1.43780E-01
1.94631E+00 -1.42000E-01 -1.71372E-07 -1.41802E-01
2.01342E+00 -1.40000E-01 -1.60929E-07 -1.39670E-01
2.08054E+00 -1.38000E-01 -1.52328E-07 -1.37692E-01
2.14765E+00 -1.36000E-01 -1.46031E-07 -1.35713E-01
2.21477E+00 -1.34000E-01 -1.35895E-07 -1.33734E-01
2.28188E+00 -1.32000E-01 -1.28523E-07 -1.31755E-01
2.34899E+00 -1.30000E-01 -1.22073E-07 -1.29776E-01
2.41611E+00 -1.28000E-01 -1.12397E-07 -1.27645E-01
2.48322E+00 -1.26000E-01 -1.06254E-07 -1.25666E-01
2.55034E+00 -1.24000E-01 -1.00111E-07 -1.23840E-01
2.61745E+00 -1.22000E-01 -9.05887E-08 -1.21708E-01
2.68456E+00 -1.20000E-01 -8.52134E-08 -1.19730E-01
2.75168E+00 -1.18000E-01 -7.86095E-08 -1.17598E-01
2.81879E+00 -1.16000E-01 -6.97018E-08 -1.15772E-01
2.88591E+00 -1.14000E-01 -6.49408E-08 -1.13641E-01
2.95302E+00 -1.12000E-01 -5.80297E-08 -1.11662E-01
3.02013E+00 -1.10000E-01 -4.95828E-08 -1.09683E-01
3.08725E+00 -1.08000E-01 -4.58968E-08 -1.07552E-01
3.15436E+00 -1.06000E-01 -3.88322E-08 -1.05573E-01
3.22148E+00 -1.04000E-01 -3.03852E-08 -1.03746E-01
3.28859E+00 -1.02000E-01 -2.73136E-08 -1.01767E-01
3.35570E+00 -1.00000E-01 -1.97882E-08 -9.96364E-02
3.42282E+00 -9.80000E-02 -1.27235E-08 -9.76575E-02
3.48993E+00 -9.60000E-02 -9.80546E-09 -9.56786E-02
3.55705E+00 -9.40000E-02 -2.74076E-09 -9.36998E-02
3.62416E+00 -9.20000E-02 3.55604E-09  -9.17209E-02
3.69128E+00 -9.00000E-02 6.78122E-09  -8.97420E-02
3.75839E+00 -8.80000E-02 1.41531E-08  -8.76109E-02
3.82550E+00 -8.60000E-02 1.95284E-08  -8.56321E-02
3.89262E+00 -8.40000E-02 2.38286E-08  -8.38054E-02
3.95973E+00 -8.20000E-02 3.04326E-08  -8.16743E-02
4.02685E+00 -8.00000E-02 3.55008E-08  -7.96954E-02
4.09396E+00 -7.80000E-02 3.99546E-08  -7.77166E-02
4.16107E+00 -7.60000E-02 4.60978E-08  -7.57377E-02
4.22819E+00 -7.40000E-02 5.08588E-08  -7.36066E-02
4.29530E+00 -7.20000E-02 5.57734E-08  -7.16277E-02
4.36242E+00 -7.00000E-02 6.05344E-08  -6.96489E-02
4.42953E+00 -6.80000E-02 6.56025E-08  -6.76700E-02
4.49664E+00 -6.60000E-02 7.05171E-08  -6.56911E-02
4.56376E+00 -6.40000E-02 7.46638E-08  -6.37122E-02
4.63087E+00 -6.20000E-02 8.00391E-08  -6.17334E-02
4.69799E+00 -6.00000E-02 8.43393E-08  -5.96023E-02
4.76510E+00 -5.80000E-02 8.83324E-08  -5.76234E-02
4.83221E+00 -5.60000E-02 9.41685E-08  -5.57967E-02
4.89933E+00 -5.40000E-02 9.84687E-08  -5.36657E-02
4.96644E+00 -5.20000E-02 1.01847E-07  -5.16868E-02
5.03356E+00 -5.00000E-02 1.08759E-07  -4.95557E-02
5.10067E+00 -4.80000E-02 1.11984E-07  -4.75768E-02
5.16779E+00 -4.60000E-02 1.15209E-07  -4.57502E-02
5.23490E+00 -4.40000E-02 1.22581E-07  -4.37713E-02
5.30201E+00 -4.20000E-02 1.25499E-07  -4.16402E-02
5.36913E+00 -4.00000E-02 1.27956E-07  -3.96613E-02
5.43624E+00 -3.80000E-02 1.35174E-07  -3.76825E-02
5.50336E+00 -3.60000E-02 1.37017E-07  -3.55514E-02
5.57047E+00 -3.40000E-02 1.40243E-07  -3.35725E-02
5.63758E+00 -3.20000E-02 1.47768E-07  -3.15936E-02
5.70470E+00 -3.00000E-02 1.49304E-07  -2.96147E-02
5.77181E+00 -2.80000E-02 1.52990E-07  -2.76359E-02
5.83893E+00 -2.60000E-02 1.60208E-07  -2.56570E-02
5.90604E+00 -2.40000E-02 1.60976E-07  -2.36781E-02
5.97315E+00 -2.20000E-02 1.65583E-07  -2.15470E-02
6.04027E+00 -2.00000E-02 1.72341E-07  -1.95682E-02
6.10738E+00 -1.80000E-02 1.72955E-07  -1.75893E-02
6.17450E+00 -1.60000E-02 1.78023E-07  -1.59149E-02
6.24161E+00 -1.40000E-02 1.84167E-07  -1.39360E-02
6.30872E+00 -1.20000E-02 1.84781E-07  -1.18049E-02
6.37584E+00 -1.00000E-02 1.90310E-07  -9.82602E-03
6.44295E+00 -8.00000E-03 1.95532E-07  -7.84714E-03
6.51007E+00 -6.00000E-03 1.95992E-07  -5.86827E-03
6.57718E+00 -4.00000E-03 2.01675E-07  -3.88940E-03
6.64430E+00 -2.00000E-03 2.05821E-07  -1.91053E-03
6.71141E+00 4.16063E-18  2.07357E-07  2.20568E-04 
6.77852E+00 2.00000E-03  2.13347E-07  2.19944E-03 
6.84564E+00 4.00000E-03  2.16572E-07  4.17831E-03 
6.91275E+00 6.00000E-03  2.19183E-07  6.15719E-03 
6.97987E+00 8.00000E-03  2.24558E-07  8.28828E-03 
7.04698E+00 1.00000E-02  2.27783E-07  1.02672E-02 
7.11409E+00 1.20000E-02  2.31009E-07  1.20938E-02 
7.18121E+00 1.40000E-02  2.35923E-07  1.42249E-02 
7.24832E+00 1.60000E-02  2.38227E-07  1.62038E-02 
7.31544E+00 1.80000E-02  2.42681E-07  1.81826E-02 
7.38255E+00 2.00000E-02  2.46367E-07  2.03137E-02 
7.44966E+00 2.20000E-02  2.48977E-07  2.21404E-02 
7.51678E+00 2.40000E-02  2.53738E-07  2.42715E-02 
7.58389E+00 2.60000E-02  2.56964E-07  2.62504E-02 
7.65101E+00 2.80000E-02  2.59267E-07  2.82292E-02 
7.71812E+00 3.00000E-02  2.64796E-07  3.02081E-02 
7.78523E+00 3.20000E-02  2.67561E-07  3.21870E-02 
7.85235E+00 3.40000E-02  2.69250E-07  3.41658E-02 
7.91946E+00 3.60000E-02  2.75547E-07  3.61447E-02 
7.98658E+00 3.80000E-02  2.78158E-07  3.81236E-02 
8.05369E+00 4.00000E-02  2.80001E-07  4.02547E-02 
8.12081E+00 4.20000E-02  2.86912E-07  4.22336E-02 
8.18792E+00 4.40000E-02  2.88601E-07  4.42124E-02 
8.25503E+00 4.60000E-02  2.90751E-07  4.61913E-02 
8.32215E+00 4.80000E-02  2.97355E-07  4.83224E-02 
8.38926E+00 5.00000E-02  2.99505E-07  5.03013E-02 
8.45638E+00 5.20000E-02  3.01348E-07  5.22801E-02 
8.52349E+00 5.40000E-02  3.07492E-07  5.42590E-02 
8.59060E+00 5.60000E-02  3.10256E-07  5.62379E-02 
8.65772E+00 5.80000E-02  3.12099E-07  5.82168E-02 
8.72483E+00 6.00000E-02  3.17474E-07  6.01956E-02 
8.79195E+00 6.20000E-02  3.20853E-07  6.21745E-02 
8.85906E+00 6.40000E-02  3.23157E-07  6.41534E-02 
8.92617E+00 6.60000E-02  3.27918E-07  6.62845E-02 
8.99329E+00 6.80000E-02  3.31604E-07  6.82633E-02 
9.06040E+00 7.00000E-02  3.33140E-07  7.02422E-02 
9.12752E+00 7.20000E-02  3.39283E-07  7.22211E-02 
9.19463E+00 7.40000E-02  3.43122E-07  7.42000E-02 
9.26174E+00 7.60000E-02  3.43583E-07  7.61788E-02 
9.32886E+00 7.80000E-02  3.50033E-07  7.81577E-02 
9.39597E+00 8.00000E-02  3.54641E-07  8.02888E-02 
9.46309E+00 8.20000E-02  3.54794E-07  8.22677E-02 
9.53020E+00 8.40000E-02  3.59709E-07  8.42465E-02 
9.59732E+00 8.60000E-02  3.65852E-07  8.62254E-02 
9.66443E+00 8.80000E-02  3.64163E-07  8.83565E-02 
9.73154E+00 9.00000E-02  3.71381E-07  9.01832E-02 
9.79866E+00 9.20000E-02  3.76603E-07  9.23142E-02 
9.86577E+00 9.40000E-02  3.75374E-07  9.42931E-02 
9.93289E+00 9.60000E-02  3.82439E-07  9.62720E-02 
1.00000E+01 9.80000E-02  3.87507E-07  9.82509E-02 
1.00671E+01 1.00000E-01  3.86278E-07  1.00230E-01 
1.01342E+01 1.02000E-01  3.94418E-07  1.02209E-01 
1.02013E+01 1.04000E-01  3.98411E-07  1.04187E-01 
1.02685E+01 1.06000E-01  3.97797E-07  1.06319E-01 
1.03356E+01 1.08000E-01  4.05783E-07  1.08297E-01 
1.04027E+01 1.10000E-01  4.09776E-07  1.10124E-01 
1.04698E+01 1.12000E-01  4.09162E-07  1.12255E-01 
1.05369E+01 1.14000E-01  4.17609E-07  1.14234E-01 
1.06040E+01 1.16000E-01  4.20220E-07  1.16213E-01 
1.06711E+01 1.18000E-01  4.20527E-07  1.18344E-01 
1.07383E+01 1.20000E-01  4.28974E-07  1.20323E-01 
1.08054E+01 1.22000E-01  4.30356E-07  1.22302E-01 
1.08725E+01 1.24000E-01  4.32352E-07  1.24433E-01 
1.09396E+01 1.26000E-01  4.40953E-07  1.26412E-01 
1.10067E+01 1.28000E-01  4.40953E-07  1.28391E-01 
1.10738E+01 1.30000E-01  4.44792E-07  1.30369E-01 
1.11409E+01 1.32000E-01  4.52471E-07  1.32348E-01 
1.12081E+01 1.34000E-01  4.53086E-07  1.34327E-01 
1.12752E+01 1.36000E-01  4.57847E-07  1.36306E-01 
1.13423E+01 1.38000E-01  4.64144E-07  1.38285E-01 
1.14094E+01 1.40000E-01  4.63990E-07  1.40112E-01 
1.14765E+01 1.42000E-01  4.70440E-07  1.42091E-01 
1.15436E+01 1.44000E-01  4.74587E-07  1.44069E-01 
1.16107E+01 1.46000E-01  4.75662E-07  1.46200E-01 
1.16779E+01 1.48000E-01  4.83034E-07  1.48027E-01 
1.17450E+01 1.50000E-01  4.85798E-07  1.50158E-01 
1.18121E+01 1.52000E-01  4.86873E-07  1.52137E-01 
1.18792E+01 1.54000E-01  4.94245E-07  1.54116E-01 
1.19463E+01 1.56000E-01  4.96703E-07  1.56095E-01 
1.20134E+01 1.58000E-01  5.00542E-07  1.58074E-01 
1.20805E+01 1.60000E-01  5.06532E-07  1.60205E-01 
1.21477E+01 1.62000E-01  5.08682E-07  1.62184E-01 
1.22148E+01 1.64000E-01  5.13750E-07  1.64163E-01 
1.22819E+01 1.66000E-01  5.18665E-07  1.66141E-01 
1.23490E+01 1.68000E-01  5.21429E-07  1.68120E-01 
1.24161E+01 1.70000E-01  5.27572E-07  1.70099E-01 
1.24832E+01 1.72000E-01  5.29876E-07  1.72230E-01 
1.25503E+01 1.74000E-01  5.34483E-07  1.74209E-01 
1.26174E+01 1.76000E-01  5.38784E-07  1.76188E-01 
1.26846E+01 1.78000E-01  5.41855E-07  1.78167E-01 
1.27517E+01 1.80000E-01  5.47691E-07  1.80146E-01 
1.28188E+01 1.82000E-01  5.52145E-07  1.82125E-01 
1.28859E+01 1.84000E-01  5.53220E-07  1.84256E-01 
1.29530E+01 1.86000E-01  5.62742E-07  1.86235E-01 
1.30201E+01 1.88000E-01  5.65660E-07  1.88061E-01 
1.30872E+01 1.90000E-01  5.65967E-07  1.90192E-01 
1.31544E+01 1.92000E-01  5.77793E-07  1.92171E-01 
1.32215E+01 1.94000E-01  5.79175E-07  1.94150E-01 
1.32886E+01 1.96000E-01  5.78715E-07  1.96129E-01 
1.33557E+01 1.98000E-01  5.91462E-07  1.98108E-01 
1.34228E+01 2.00000E-01  5.91615E-07  2.00239E-01 
1.34899E+01 2.02000E-01  5.92844E-07  2.02218E-01 
1.35570E+01 2.04000E-01  6.05130E-07  2.04197E-01 
1.36242E+01 2.06000E-01  6.02827E-07  2.06328E-01 
1.36913E+01 2.08000E-01  6.05284E-07  2.08154E-01 
1.37584E+01 2.10000E-01  6.18799E-07  2.10133E-01 
1.38255E+01 2.12000E-01  6.15574E-07  2.12112E-01 
1.38926E+01 2.14000E-01  6.20796E-07  2.14243E-01 
1.39597E+01 2.16000E-01  6.35232E-07  2.16222E-01 
1.40268E+01 2.18000E-01  6.29243E-07  2.18201E-01 
1.40940E+01 2.20000E-01  6.36614E-07  2.20180E-01 
1.41611E+01 2.22000E-01  6.49208E-07  2.22159E-01 
1.42282E+01 2.24000E-01  6.42911E-07  2.24138E-01 
1.42953E+01 2.26000E-01  6.52280E-07  2.26116E-01 
1.43624E+01 2.28000E-01  6.62262E-07  2.28095E-01 
1.44295E+01 2.30000E-01  6.55044E-07  2.30074E-01 
1.44966E+01 2.32000E-01  6.66102E-07  2.32205E-01 
1.45638E+01 2.34000E-01  6.75317E-07  2.34184E-01 
1.46309E+01 2.36000E-01  6.70248E-07  2.36163E-01 
1.46980E+01 2.38000E-01  6.80692E-07  2.38142E-01 
1.47651E+01 2.40000E-01  6.88371E-07  2.40273E-01 
1.48322E+01 2.42000E-01  6.85914E-07  2.42252E-01 
1.48993E+01 2.44000E-01  6.94821E-07  2.44231E-01 
1.49664E+01 2.46000E-01  7.01118E-07  2.46210E-01 
1.50336E+01 2.48000E-01  7.02040E-07  2.48189E-01 
1.51007E+01 2.50000E-01  7.09258E-07  2.50167E-01 
1.51678E+01 2.52000E-01  7.14940E-07  2.52146E-01 
1.52349E+01 2.54000E-01  7.16937E-07  2.54277E-01 
1.53020E+01 2.56000E-01  7.22005E-07  2.56104E-01 
1.53691E+01 2.58000E-01  7.27995E-07  2.58235E-01 
1.54362E+01 2.60000E-01  7.30759E-07  2.60214E-01 
1.55034E+01 2.62000E-01  7.33831E-07  2.62193E-01 
1.55705E+01 2.64000E-01  7.41971E-07  2.64172E-01 
1.56376E+01 2.66000E-01  7.44735E-07  2.66151E-01 
1.57047E+01 2.68000E-01  7.45042E-07  2.68282E-01 
1.57718E+01 2.70000E-01  7.55793E-07  2.70261E-01 
1.58389E+01 2.72000E-01  7.58864E-07  2.72239E-01 
1.59060E+01 2.74000E-01  7.59018E-07  2.74218E-01 
1.59732E+01 2.76000E-01  7.69615E-07  2.76197E-01 
1.60403E+01 2.78000E-01  7.70229E-07  2.78176E-01 
1.61074E+01 2.80000E-01  7.69922E-07  2.80307E-01 
1.61745E+01 2.82000E-01  7.82055E-07  2.82286E-01 
1.62416E+01 2.84000E-01  7.80212E-07  2.84265E-01 
1.63087E+01 2.86000E-01  7.81748E-07  2.86244E-01 
1.63758E+01 2.88000E-01  7.93420E-07  2.88223E-01 
1.64430E+01 2.90000E-01  7.90809E-07  2.90201E-01 
1.65101E+01 2.92000E-01  7.92038E-07  2.92333E-01 
1.65772E+01 2.94000E-01  8.03710E-07  2.94159E-01 
1.66443E+01 2.96000E-01  8.01253E-07  2.96138E-01 
1.67114E+01 2.98000E-01  8.04785E-07  2.98269E-01 
1.67785E+01 3.00000E-01  8.12310E-07  3.00248E-01 
1.68456E+01 3.02000E-01  8.12003E-07  3.02227E-01 
1.69128E+01 3.04000E-01  8.17839E-07  3.04206E-01 
1.69799E+01 3.06000E-01  8.21372E-07  3.06185E-01 
1.70470E+01 3.08000E-01  8.22139E-07  3.08164E-01 
1.71141E+01 3.10000E-01  8.29511E-07  3.10295E-01 
1.71812E+01 3.12000E-01  8.27822E-07  3.12274E-01 
1.72483E+01 3.14000E-01  8.31047E-07  3.14252E-01 
1.73154E+01 3.16000E-01  8.38419E-07  3.16231E-01 
1.73826E+01 3.18000E-01  8.33197E-07  3.18362E-01 
1.74497E+01 3.20000E-01  8.39494E-07  3.20341E-01 
1.75168E+01 3.22000E-01  8.47480E-07  3.22320E-01 
1.75839E+01 3.24000E-01  8.39494E-07  3.24147E-01 
1.76510E+01 3.26000E-01  8.49630E-07  3.26278E-01 
1.77181E+01 3.28000E-01  8.56695E-07  3.28257E-01 
1.77852E+01 3.30000E-01  8.46712E-07  3.30388E-01 
1.78523E+01 3.32000E-01  8.59306E-07  3.32367E-01 
1.79195E+01 3.34000E-01  8.63760E-07  3.34193E-01 
1.79866E+01 3.36000E-01  8.54084E-07  3.36324E-01 
1.80537E+01 3.38000E-01  8.67446E-07  3.38303E-01 
1.81208E+01 3.40000E-01  8.70978E-07  3.40282E-01 
1.81879E+01 3.42000E-01  8.61149E-07  3.42413E-01 
1.82550E+01 3.44000E-01  8.75585E-07  3.44240E-01 
1.83221E+01 3.46000E-01  8.75125E-07  3.46371E-01 
1.83893E+01 3.48000E-01  8.67139E-07  3.48350E-01 
1.84564E+01 3.50000E-01  8.82804E-07  3.50329E-01 
1.85235E+01 3.52000E-01  8.81114E-07  3.52308E-01 
1.85906E+01 3.54000E-01  8.74971E-07  3.54287E-01 
1.86577E+01 3.56000E-01  8.90022E-07  3.56418E-01 
1.87248E+01 3.58000E-01  8.87411E-07  3.58396E-01 
1.87919E+01 3.60000E-01  8.83264E-07  3.60375E-01 
1.88591E+01 3.62000E-01  8.96780E-07  3.62354E-01 
1.89262E+01 3.64000E-01  8.93708E-07  3.64333E-01 
1.89933E+01 3.66000E-01  8.91865E-07  3.66312E-01 
1.90604E+01 3.68000E-01  9.00465E-07  3.68443E-01 
1.91275E+01 3.70000E-01  8.98930E-07  3.70422E-01 
1.91946E+01 3.72000E-01  8.98623E-07  3.72249E-01 
1.92617E+01 3.74000E-01  9.05073E-07  3.74227E-01 
1.93289E+01 3.76000E-01  9.04766E-07  3.76359E-01 
1.93960E+01 3.78000E-01  9.05534E-07  3.78337E-01 
1.94631E+01 3.80000E-01  9.10295E-07  3.80316E-01 
1.95302E+01 3.82000E-01  9.11216E-07  3.82295E-01 
1.95973E+01 3.84000E-01  9.11984E-07  3.84274E-01 
1.96644E+01 3.86000E-01  9.15977E-07  3.86253E-01 
1.97315E+01 3.88000E-01  9.18588E-07  3.88232E-01 
1.97987E+01 3.90000E-01  9.19509E-07  3.90363E-01 
1.98658E+01 3.92000E-01  9.21813E-07  3.92342E-01 
1.99329E+01 3.94000E-01  9.24731E-07  3.94321E-01 
2.00000E+01 3.96000E-01  9.24578E-07  3.96452E-01 
2.00671E+01 3.98000E-01  9.26881E-07  3.98431E-01 
2.01342E+01 4.00000E-01  9.29646E-07  4.00409E-01 
2.02013E+01 4.02000E-01  9.29492E-07  4.02388E-01 
2.02685E+01 4.04000E-01  9.32103E-07  4.04367E-01 
2.03356E+01 4.06000E-01  9.35789E-07  4.06346E-01 
2.04027E+01 4.08000E-01  9.35328E-07  4.08325E-01 
2.04698E+01 4.10000E-01  9.38707E-07  4.10456E-01 
2.05369E+01 4.12000E-01  9.41625E-07  4.12283E-01 
2.06040E+01 4.14000E-01  9.39936E-07  4.14414E-01 
2.06711E+01 4.16000E-01  9.45311E-07  4.16393E-01 
2.07383E+01 4.18000E-01  9.47000E-07  4.18372E-01 
2.08054E+01 4.20000E-01  9.45772E-07  4.20350E-01 
2.08725E+01 4.22000E-01  9.51147E-07  4.22329E-01 
2.09396E+01 4.24000E-01  9.51147E-07  4.24308E-01 
2.10067E+01 4.26000E-01  9.51147E-07  4.26287E-01 
2.10738E+01 4.28000E-01  9.56369E-07  4.28418E-01 
2.11409E+01 4.30000E-01  9.56062E-07  4.30397E-01 
2.12081E+01 4.32000E-01  9.56369E-07  4.32376E-01 
2.12752E+01 4.34000E-01  9.62819E-07  4.34355E-01 
2.13423E+01 4.36000E-01  9.60976E-07  4.36486E-01 
2.14094E+01 4.38000E-01  9.63280E-07  4.38465E-01 
2.14765E+01 4.40000E-01  9.68962E-07  4.40444E-01 
2.15436E+01 4.42000E-01  9.66812E-07  4.42422E-01 
2.16107E+01 4.44000E-01  9.70498E-07  4.44401E-01 
2.16779E+01 4.46000E-01  9.74798E-07  4.46380E-01 
2.17450E+01 4.48000E-01  9.73263E-07  4.48359E-01 
2.18121E+01 4.50000E-01  9.76488E-07  4.50186E-01 
2.18792E+01 4.52000E-01  9.81249E-07  4.52165E-01 
2.19463E+01 4.54000E-01  9.78638E-07  4.54143E-01 
2.20134E+01 4.56000E-01  9.83245E-07  4.56275E-01 
2.20805E+01 4.58000E-01  9.86931E-07  4.58253E-01 
2.21477E+01 4.60000E-01  9.85395E-07  4.60080E-01 
2.22148E+01 4.62000E-01  9.91078E-07  4.62059E-01 
2.22819E+01 4.64000E-01  9.93996E-07  4.64190E-01 
2.23490E+01 4.66000E-01  9.93382E-07  4.66169E-01 
2.24161E+01 4.68000E-01  9.98143E-07  4.68148E-01 
2.24832E+01 4.70000E-01  1.00075E-06  4.70127E-01 
2.25503E+01 4.72000E-01  1.00060E-06  4.72258E-01 
2.26174E+01 4.74000E-01  1.00459E-06  4.74237E-01 
2.26846E+01 4.76000E-01  1.00720E-06  4.76216E-01 
2.27517E+01 4.78000E-01  1.00859E-06  4.78347E-01 
2.28188E+01 4.80000E-01  1.01089E-06  4.80173E-01 
2.28859E+01 4.82000E-01  1.01365E-06  4.82152E-01 
2.29530E+01 4.84000E-01  1.01580E-06  4.84283E-01 
2.30201E+01 4.86000E-01  1.01765E-06  4.86262E-01 
2.30872E+01 4.88000E-01  1.02225E-06  4.88241E-01 
2.31544E+01 4.90000E-01  1.02456E-06  4.90220E-01 
2.32215E+01 4.92000E-01  1.02579E-06  4.92199E-01 
2.32886E+01 4.94000E-01  1.03086E-06  4.94178E-01 
2.33557E+01 4.96000E-01  1.03254E-06  4.96309E-01 
2.34228E+01 4.98000E-01  1.03454E-06  4.98288E-01 
2.34899E+01 5.00000E-01  1.04115E-06  5.00114E-01 
2.35570E+01 4.98000E-01  9.27035E-07  4.98440E-01 
2.36242E+01 4.96000E-01  8.73128E-07  4.96461E-01 
2.36913E+01 4.94000E-01  8.37958E-07  4.94330E-01 
2.37584E+01 4.92000E-01  8.01713E-07  4.92351E-01 
2.38255E+01 4.90000E-01  7.70690E-07  4.90372E-01 
2.38926E+01 4.88000E-01  7.47807E-07  4.88393E-01 
2.39597E+01 4.86000E-01  7.18319E-07  4.86414E-01 
2.40268E+01 4.84000E-01  6.94361E-07  4.84435E-01 
2.40940E+01 4.82000E-01  6.77620E-07  4.82304E-01 
2.41611E+01 4.80000E-01  6.51358E-07  4.80325E-01 
2.42282E+01 4.78000E-01  6.31085E-07  4.78499E-01 
2.42953E+01 4.76000E-01  6.16495E-07  4.76368E-01 
2.43624E+01 4.74000E-01  5.92690E-07  4.74389E-01 
2.44295E+01 4.72000E-01  5.75489E-07  4.72410E-01 
2.44966E+01 4.70000E-01  5.62742E-07  4.70431E-01 
2.45638E+01 4.68000E-01  5.40934E-07  4.68300E-01 
2.46309E+01 4.66000E-01  5.26651E-07  4.66321E-01 
2.46980E+01 4.64000E-01  5.13750E-07  4.64342E-01 
2.47651E+01 4.62000E-01  4.93785E-07  4.62363E-01 
2.48322E+01 4.60000E-01  4.81191E-07  4.60232E-01 
2.48993E+01 4.58000E-01  4.68444E-07  4.58406E-01 
2.49664E+01 4.56000E-01  4.50014E-07  4.56275E-01 
2.50336E+01 4.54000E-01  4.39110E-07  4.54296E-01 
2.51007E+01 4.52000E-01  4.26209E-07  4.52317E-01 
2.51678E+01 4.50000E-01  4.09315E-07  4.50338E-01 
2.52349E+01 4.48000E-01  3.99640E-07  4.48664E-01 
2.53020E+01 4.46000E-01  3.86586E-07  4.46532E-01 
2.53691E+01 4.44000E-01  3.71995E-07  4.44554E-01 
2.54362E+01 4.42000E-01  3.61859E-07  4.42575E-01 
2.55034E+01 4.40000E-01  3.48498E-07  4.40596E-01 
2.55705E+01 4.38000E-01  3.36058E-07  4.38617E-01 
2.56376E+01 4.36000E-01  3.25461E-07  4.36638E-01 
2.57047E+01 4.34000E-01  3.12406E-07  4.34507E-01 
2.57718E+01 4.32000E-01  3.01656E-07  4.32528E-01 
2.58389E+01 4.30000E-01  2.90291E-07  4.30549E-01 
2.59060E+01 4.28000E-01  2.78004E-07  4.28570E-01 
2.59732E+01 4.26000E-01  2.69097E-07  4.26439E-01 
2.60403E+01 4.24000E-01  2.56349E-07  4.24460E-01 
2.61074E+01 4.22000E-01  2.44984E-07  4.22482E-01 
2.61745E+01 4.20000E-01  2.36998E-07  4.20503E-01 
2.62416E+01 4.18000E-01  2.24251E-07  4.18524E-01 
2.63087E+01 4.16000E-01  2.13500E-07  4.16545E-01 
2.63758E+01 4.14000E-01  2.06436E-07  4.14566E-01 
2.64430E+01 4.12000E-01  1.93996E-07  4.12435E-01 
2.65101E+01 4.10000E-01  1.82784E-07  4.10456E-01 
2.65772E+01 4.08000E-01  1.76795E-07  4.08477E-01 
2.66443E+01 4.06000E-01  1.64048E-07  4.06498E-01 
2.67114E+01 4.04000E-01  1.52836E-07  4.04519E-01 
2.67785E+01 4.02000E-01  1.46386E-07  4.02541E-01 
2.68456E+01 4.00000E-01  1.34714E-07  4.00562E-01 
2.69128E+01 3.98000E-01  1.23195E-07  3.98583E-01 
2.69799E+01 3.96000E-01  1.16591E-07  3.96452E-01 
2.70470E+01 3.94000E-01  1.06762E-07  3.94473E-01 
2.71141E+01 3.92000E-01  9.43220E-08  3.92494E-01 
2.71812E+01 3.90000E-01  8.83324E-08  3.90515E-01 
2.72483E+01 3.88000E-01  7.94247E-08  3.88384E-01 
2.73154E+01 3.86000E-01  6.60633E-08  3.86405E-01 
2.73826E+01 3.84000E-01  6.02272E-08  3.84426E-01 
2.74497E+01 3.82000E-01  5.34697E-08  3.82295E-01 
2.75168E+01 3.80000E-01  3.91867E-08  3.80469E-01 
2.75839E+01 3.78000E-01  3.36578E-08  3.78490E-01 
2.76510E+01 3.76000E-01  2.72074E-08  3.76511E-01 
2.77181E+01 3.74000E-01  1.07743E-08  3.74380E-01 
2.77852E+01 3.72000E-01  7.85629E-09  3.72401E-01 
2.78523E+01 3.70000E-01  1.71307E-09  3.70574E-01 
2.79195E+01 3.68000E-01  -1.61023E-08 3.68443E-01 
2.79866E+01 3.66000E-01  -1.84060E-08 3.66464E-01 
2.80537E+01 3.64000E-01  -2.47028E-08 3.64485E-01 
2.81208E+01 3.62000E-01  -4.25181E-08 3.62506E-01 
2.81879E+01 3.60000E-01  -4.32860E-08 3.60528E-01 
2.82550E+01 3.58000E-01  -4.94292E-08 3.58549E-01 
2.83221E+01 3.56000E-01  -6.78588E-08 3.56418E-01 
2.83893E+01 3.54000E-01  -6.69374E-08 3.54439E-01 
2.84564E+01 3.52000E-01  -7.52307E-08 3.52460E-01 
2.85235E+01 3.50000E-01  -9.27389E-08 3.50481E-01 
2.85906E+01 3.48000E-01  -9.16638E-08 3.48350E-01 
2.86577E+01 3.46000E-01  -9.96500E-08 3.46371E-01 
2.87248E+01 3.44000E-01  -1.17158E-07 3.44392E-01 
2.87919E+01 3.42000E-01  -1.15162E-07 3.42413E-01 
2.88591E+01 3.40000E-01  -1.26219E-07 3.40434E-01 
2.89262E+01 3.38000E-01  -1.41424E-07 3.38456E-01 
2.89933E+01 3.36000E-01  -1.39274E-07 3.36477E-01 
2.90604E+01 3.34000E-01  -1.51714E-07 3.34346E-01 
2.91275E+01 3.32000E-01  -1.64000E-07 3.32519E-01 
2.91946E+01 3.30000E-01  -1.64768E-07 3.30540E-01 
2.92617E+01 3.28000E-01  -1.75672E-07 3.28409E-01 
2.93289E+01 3.26000E-01  -1.85809E-07 3.26430E-01 
2.93960E+01 3.24000E-01  -1.86116E-07 3.24299E-01 
2.94631E+01 3.22000E-01  -1.99016E-07 3.22472E-01 
2.95302E+01 3.20000E-01  -2.06388E-07 3.20493E-01 
2.95973E+01 3.18000E-01  -2.09153E-07 3.18515E-01 
2.96644E+01 3.16000E-01  -2.23129E-07 3.16384E-01 
2.97315E+01 3.14000E-01  -2.27275E-07 3.14405E-01 
2.97987E+01 3.12000E-01  -2.33572E-07 3.12426E-01 
2.98658E+01 3.10000E-01  -2.46319E-07 3.10295E-01 
2.99329E+01 3.08000E-01  -2.49852E-07 3.08316E-01 
3.00000E+01 3.06000E-01  -2.56302E-07 3.06337E-01 
3.00671E+01 3.04000E-01  -2.67974E-07 3.04358E-01 
3.01342E+01 3.02000E-01  -2.70739E-07 3.02379E-01 
3.02013E+01 3.00000E-01  -2.78725E-07 3.00400E-01 
3.02685E+01 2.98000E-01  -2.87940E-07 2.98421E-01 
3.03356E+01 2.96000E-01  -2.91165E-07 2.96290E-01 
3.04027E+01 2.94000E-01  -2.99612E-07 2.94311E-01 
3.04698E+01 2.92000E-01  -3.06830E-07 2.92485E-01 
3.05369E+01 2.90000E-01  -3.10823E-07 2.90354E-01 
3.06040E+01 2.88000E-01  -3.20191E-07 2.88375E-01 
3.06711E+01 2.86000E-01  -3.25874E-07 2.86396E-01 
3.07383E+01 2.84000E-01  -3.35089E-07 2.84417E-01 
3.08054E+01 2.82000E-01  -3.40771E-07 2.82438E-01 
3.08725E+01 2.80000E-01  -3.44918E-07 2.80459E-01 
3.09396E+01 2.78000E-01  -3.54133E-07 2.78328E-01 
3.10067E+01 2.76000E-01  -3.59662E-07 2.76349E-01 
3.10738E+01 2.74000E-01  -3.63347E-07 2.74371E-01 
3.11409E+01 2.72000E-01  -3.74098E-07 2.72392E-01 
3.12081E+01 2.70000E-01  -3.74405E-07 2.70261E-01 
3.12752E+01 2.68000E-01  -3.80702E-07 2.68282E-01 
3.13423E+01 2.66000E-01  -3.91453E-07 2.66303E-01 
3.14094E+01 2.64000E-01  -3.89917E-07 2.64324E-01 
3.14765E+01 2.62000E-01  -3.97750E-07 2.62345E-01 
3.15436E+01 2.60000E-01  -4.08039E-07 2.60366E-01 
3.16107E+01 2.58000E-01  -4.04353E-07 2.58235E-01 
3.16779E+01 2.56000E-01  -4.14490E-07 2.56256E-01 
3.17450E+01 2.54000E-01  -4.25701E-07 2.54430E-01 
3.18121E+01 2.52000E-01  -4.18483E-07 2.52451E-01 
3.18792E+01 2.50000E-01  -4.31537E-07 2.50320E-01 
3.19463E+01 2.48000E-01  -4.40598E-07 2.48341E-01 
3.20134E+01 2.46000E-01  -4.32305E-07 2.46362E-01 
3.20805E+01 2.44000E-01  -4.48277E-07 2.44383E-01 
3.21477E+01 2.42000E-01  -4.53499E-07 2.42404E-01 
3.22148E+01 2.40000E-01  -4.45206E-07 2.40425E-01 
3.22819E+01 2.38000E-01  -4.61793E-07 2.38294E-01 
3.23490E+01 2.36000E-01  -4.63482E-07 2.36315E-01 
3.24161E+01 2.34000E-01  -4.58107E-07 2.34336E-01 
3.24832E+01 2.32000E-01  -4.84062E-07 2.32205E-01 
3.25503E+01 2.30000E-01  -4.72543E-07 2.30226E-01 
3.26174E+01 2.28000E-01  -4.71007E-07 2.28248E-01 
3.26846E+01 2.26000E-01  -4.85905E-07 2.26269E-01 
3.27517E+01 2.24000E-01  -4.84062E-07 2.24290E-01 
3.28188E+01 2.22000E-01  -4.56878E-07 2.22311E-01 
3.28859E+01 2.20000E-01  -5.02798E-07 2.20180E-01 
3.29530E+01 2.18000E-01  -4.93276E-07 2.18201E-01 
3.30201E+01 2.16000E-01  -4.93430E-07 2.16374E-01 
3.30872E+01 2.14000E-01  -5.04949E-07 2.14395E-01 
3.31544E+01 2.12000E-01  -5.01416E-07 2.12417E-01 
3.32215E+01 2.10000E-01  -5.00802E-07 2.10285E-01 
3.32886E+01 2.08000E-01  -5.10785E-07 2.08307E-01 
3.33557E+01 2.06000E-01  -5.08635E-07 2.06328E-01 
3.34228E+01 2.04000E-01  -5.08481E-07 2.04349E-01 
3.34899E+01 2.02000E-01  -5.15392E-07 2.02370E-01 
3.35570E+01 2.00000E-01  -5.15853E-07 2.00391E-01 
3.36242E+01 1.98000E-01  -5.15392E-07 1.98412E-01 
3.36913E+01 1.96000E-01  -5.21382E-07 1.96281E-01 
3.37584E+01 1.94000E-01  -5.24300E-07 1.94302E-01 
3.38255E+01 1.92000E-01  -5.21842E-07 1.92323E-01 
3.38926E+01 1.90000E-01  -5.25682E-07 1.90192E-01 
3.39597E+01 1.88000E-01  -5.30289E-07 1.88213E-01 
3.40268E+01 1.86000E-01  -5.25375E-07 1.86387E-01 
3.40940E+01 1.84000E-01  -5.29368E-07 1.84408E-01 
3.41611E+01 1.82000E-01  -5.33515E-07 1.82277E-01 
3.42282E+01 1.80000E-01  -5.27986E-07 1.80298E-01 
3.42953E+01 1.78000E-01  -5.32593E-07 1.78319E-01 
3.43624E+01 1.76000E-01  -5.36433E-07 1.76340E-01 
3.44295E+01 1.74000E-01  -5.30750E-07 1.74209E-01 
3.44966E+01 1.72000E-01  -5.35050E-07 1.72230E-01 
3.45638E+01 1.70000E-01  -5.39965E-07 1.70251E-01 
3.46309E+01 1.68000E-01  -5.32439E-07 1.68273E-01 
3.46980E+01 1.66000E-01  -5.38890E-07 1.66446E-01 
3.47651E+01 1.64000E-01  -5.43037E-07 1.64315E-01 
3.48322E+01 1.62000E-01  -5.36433E-07 1.62336E-01 
3.48993E+01 1.60000E-01  -5.42729E-07 1.60357E-01 
3.49664E+01 1.58000E-01  -5.43651E-07 1.58226E-01 
3.50336E+01 1.56000E-01  -5.38890E-07 1.56247E-01 
3.51007E+01 1.54000E-01  -5.44880E-07 1.54268E-01 
3.51678E+01 1.52000E-01  -5.43344E-07 1.52289E-01 
3.52349E+01 1.50000E-01  -5.41040E-07 1.50158E-01 
3.53020E+01 1.48000E-01  -5.46262E-07 1.48179E-01 
3.53691E+01 1.46000E-01  -5.43804E-07 1.46353E-01 
3.54362E+01 1.44000E-01  -5.43497E-07 1.44222E-01 
3.55034E+01 1.42000E-01  -5.47030E-07 1.42243E-01 
3.55705E+01 1.40000E-01  -5.45647E-07 1.40264E-01 
3.56376E+01 1.38000E-01  -5.47337E-07 1.38285E-01 
3.57047E+01 1.36000E-01  -5.48565E-07 1.36458E-01 
3.57718E+01 1.34000E-01  -5.45647E-07 1.34479E-01 
3.58389E+01 1.32000E-01  -5.50869E-07 1.32501E-01 
3.59060E+01 1.30000E-01  -5.49333E-07 1.30369E-01 
3.59732E+01 1.28000E-01  -5.46262E-07 1.28543E-01 
3.60403E+01 1.26000E-01  -5.54094E-07 1.26564E-01 
3.61074E+01 1.24000E-01  -5.48719E-07 1.24433E-01 
3.61745E+01 1.22000E-01  -5.47337E-07 1.22454E-01 
3.62416E+01 1.20000E-01  -5.56091E-07 1.20475E-01 
3.63087E+01 1.18000E-01  -5.49487E-07 1.18496E-01 
3.63758E+01 1.16000E-01  -5.49487E-07 1.16365E-01 
3.64430E+01 1.14000E-01  -5.57780E-07 1.14386E-01 
3.65101E+01 1.12000E-01  -5.50869E-07 1.12407E-01 
3.65772E+01 1.10000E-01  -5.51944E-07 1.10276E-01 
3.66443E+01 1.08000E-01  -5.59470E-07 1.08450E-01 
3.67114E+01 1.06000E-01  -5.52559E-07 1.06471E-01 
3.67785E+01 1.04000E-01  -5.54401E-07 1.04492E-01 
3.68456E+01 1.02000E-01  -5.61159E-07 1.02361E-01 
3.69128E+01 1.00000E-01  -5.53787E-07 1.00382E-01 
3.69799E+01 9.80000E-02  -5.56398E-07 9.84031E-02 
3.70470E+01 9.60000E-02  -5.62081E-07 9.64242E-02 
3.71141E+01 9.40000E-02  -5.54862E-07 9.44453E-02 
3.71812E+01 9.20000E-02  -5.57934E-07 9.23142E-02 
3.72483E+01 9.00000E-02  -5.62695E-07 9.03354E-02 
3.73154E+01 8.80000E-02  -5.57320E-07 8.85087E-02 
3.73826E+01 8.60000E-02  -5.61005E-07 8.63776E-02 
3.74497E+01 8.40000E-02  -5.63923E-07 8.43988E-02 
3.75168E+01 8.20000E-02  -5.60084E-07 8.24199E-02 
3.75839E+01 8.00000E-02  -5.63156E-07 8.04410E-02 
3.76510E+01 7.80000E-02  -5.65766E-07 7.83099E-02 
3.77181E+01 7.60000E-02  -5.63156E-07 7.63310E-02 
3.77852E+01 7.40000E-02  -5.64999E-07 7.43522E-02 
3.78523E+01 7.20000E-02  -5.67456E-07 7.22211E-02 
3.79195E+01 7.00000E-02  -5.65920E-07 7.03944E-02 
3.79866E+01 6.80000E-02  -5.66227E-07 6.84156E-02 
3.80537E+01 6.60000E-02  -5.68992E-07 6.64367E-02 
3.81208E+01 6.40000E-02  -5.68377E-07 6.43056E-02 
3.81879E+01 6.20000E-02  -5.68684E-07 6.23267E-02 
3.82550E+01 6.00000E-02  -5.71756E-07 6.03478E-02 
3.83221E+01 5.80000E-02  -5.71142E-07 5.83690E-02 
3.83893E+01 5.60000E-02  -5.71142E-07 5.63901E-02 
3.84564E+01 5.40000E-02  -5.74367E-07 5.44112E-02 
3.85235E+01 5.20000E-02  -5.74213E-07 5.24324E-02 
3.85906E+01 5.00000E-02  -5.73906E-07 5.04535E-02 
3.86577E+01 4.80000E-02  -5.77285E-07 4.84746E-02 
3.87248E+01 4.60000E-02  -5.76517E-07 4.64957E-02 
3.87919E+01 4.40000E-02  -5.76517E-07 4.43646E-02 
3.88591E+01 4.20000E-02  -5.80049E-07 4.23858E-02 
3.89262E+01 4.00000E-02  -5.78821E-07 4.04069E-02 
3.89933E+01 3.80000E-02  -5.79742E-07 3.82758E-02 
3.90604E+01 3.60000E-02  -5.82507E-07 3.62969E-02 
3.91275E+01 3.40000E-02  -5.81432E-07 3.43181E-02 
3.91946E+01 3.20000E-02  -5.83428E-07 3.23392E-02 
3.92617E+01 3.00000E-02  -5.85578E-07 3.03603E-02 
3.93289E+01 2.80000E-02  -5.84196E-07 2.83814E-02 
3.93960E+01 2.60000E-02  -5.86500E-07 2.64026E-02 
3.94631E+01 2.40000E-02  -5.88496E-07 2.42715E-02 
3.95302E+01 2.20000E-02  -5.86346E-07 2.22926E-02 
3.95973E+01 2.00000E-02  -5.90032E-07 2.03137E-02 
3.96644E+01 1.80000E-02  -5.91107E-07 1.83349E-02 
3.97315E+01 1.60000E-02  -5.89418E-07 1.63560E-02 
3.97987E+01 1.40000E-02  -5.92950E-07 1.43771E-02 
3.98658E+01 1.20000E-02  -5.95100E-07 1.22460E-02 
3.99329E+01 1.00000E-02  -5.92489E-07 1.04194E-02 
4.00000E+01 8.00000E-03  -5.96483E-07 8.44050E-03 
4.00671E+01 6.00000E-03  -5.96175E-07 6.30941E-03 
4.01342E+01 4.00000E-03  -5.96483E-07 4.33053E-03 
4.02013E+01 2.00000E-03  -5.99554E-07 2.35166E-03 
4.02685E+01 4.17418E-18  -5.98633E-07 3.72789E-04 
4.03356E+01 -2.00000E-03 -5.99554E-07 -1.75830E-03
4.04027E+01 -4.00000E-03 -6.02779E-07 -3.73718E-03
4.04698E+01 -6.00000E-03 -6.02011E-07 -5.71605E-03
4.05369E+01 -8.00000E-03 -6.02472E-07 -7.69492E-03
4.06040E+01 -1.00000E-02 -6.05237E-07 -9.67379E-03
4.06711E+01 -1.20000E-02 -6.04929E-07 -1.16527E-02
4.07383E+01 -1.40000E-02 -6.05544E-07 -1.37838E-02
4.08054E+01 -1.60000E-02 -6.08001E-07 -1.57626E-02
4.08725E+01 -1.80000E-02 -6.07847E-07 -1.75893E-02
4.09396E+01 -2.00000E-02 -6.08923E-07 -1.94159E-02
4.10067E+01 -2.20000E-02 -6.10305E-07 -2.13948E-02
4.10738E+01 -2.40000E-02 -6.11994E-07 -2.35259E-02
4.11409E+01 -2.60000E-02 -6.11994E-07 -2.55048E-02
4.12081E+01 -2.80000E-02 -6.13837E-07 -2.74836E-02
4.12752E+01 -3.00000E-02 -6.15373E-07 -2.94625E-02
4.13423E+01 -3.20000E-02 -6.15219E-07 -3.14414E-02
4.14094E+01 -3.40000E-02 -6.15987E-07 -3.34203E-02
4.14765E+01 -3.60000E-02 -6.18598E-07 -3.53991E-02
4.15436E+01 -3.80000E-02 -6.17216E-07 -3.73780E-02
4.16107E+01 -4.00000E-02 -6.19212E-07 -3.95091E-02
4.16779E+01 -4.20000E-02 -6.21516E-07 -4.14880E-02
4.17450E+01 -4.40000E-02 -6.20287E-07 -4.34668E-02
4.18121E+01 -4.60000E-02 -6.22745E-07 -4.55979E-02
4.18792E+01 -4.80000E-02 -6.25048E-07 -4.74246E-02
4.19463E+01 -5.00000E-02 -6.22898E-07 -4.94035E-02
4.20134E+01 -5.20000E-02 -6.26584E-07 -5.15346E-02
4.20805E+01 -5.40000E-02 -6.27966E-07 -5.35134E-02
4.21477E+01 -5.60000E-02 -6.25816E-07 -5.54923E-02
4.22148E+01 -5.80000E-02 -6.29656E-07 -5.74712E-02
4.22819E+01 -6.00000E-02 -6.31038E-07 -5.94500E-02
4.23490E+01 -6.20000E-02 -6.28274E-07 -6.15811E-02
4.24161E+01 -6.40000E-02 -6.33035E-07 -6.35600E-02
4.24832E+01 -6.60000E-02 -6.33342E-07 -6.55389E-02
4.25503E+01 -6.80000E-02 -6.31192E-07 -6.75178E-02
4.26174E+01 -7.00000E-02 -6.35953E-07 -6.94966E-02
4.26846E+01 -7.20000E-02 -6.35953E-07 -7.14755E-02
4.27517E+01 -7.40000E-02 -6.34570E-07 -7.36066E-02
4.28188E+01 -7.60000E-02 -6.39639E-07 -7.55855E-02
4.28859E+01 -7.80000E-02 -6.38871E-07 -7.75643E-02
4.29530E+01 -8.00000E-02 -6.38871E-07 -7.95432E-02
4.30201E+01 -8.20000E-02 -6.43171E-07 -8.16743E-02
4.30872E+01 -8.40000E-02 -6.42249E-07 -8.36532E-02
4.31544E+01 -8.60000E-02 -6.42096E-07 -8.56321E-02
4.32215E+01 -8.80000E-02 -6.45475E-07 -8.74587E-02
4.32886E+01 -9.00000E-02 -6.45167E-07 -8.95898E-02
4.33557E+01 -9.20000E-02 -6.45782E-07 -9.15687E-02
4.34228E+01 -9.40000E-02 -6.48239E-07 -9.35475E-02
4.34899E+01 -9.60000E-02 -6.48086E-07 -9.55264E-02
4.35570E+01 -9.80000E-02 -6.49314E-07 -9.75053E-02
4.36242E+01 -1.00000E-01 -6.51311E-07 -9.94842E-02
4.36913E+01 -1.02000E-01 -6.52079E-07 -1.01463E-01
4.37584E+01 -1.04000E-01 -6.53768E-07 -1.03594E-01
4.38255E+01 -1.06000E-01 -6.54536E-07 -1.05421E-01
4.38926E+01 -1.08000E-01 -6.56225E-07 -1.07400E-01
4.39597E+01 -1.10000E-01 -6.57300E-07 -1.09531E-01
4.40268E+01 -1.12000E-01 -6.57761E-07 -1.11510E-01
4.40940E+01 -1.14000E-01 -6.60065E-07 -1.13488E-01
4.41611E+01 -1.16000E-01 -6.60833E-07 -1.15467E-01
4.42282E+01 -1.18000E-01 -6.61140E-07 -1.17446E-01
4.42953E+01 -1.20000E-01 -6.63751E-07 -1.19577E-01
4.43624E+01 -1.22000E-01 -6.63751E-07 -1.21708E-01
4.44295E+01 -1.24000E-01 -6.65133E-07 -1.23687E-01
4.44966E+01 -1.26000E-01 -6.67437E-07 -1.25514E-01
4.45638E+01 -1.28000E-01 -6.68205E-07 -1.27493E-01
4.46309E+01 -1.30000E-01 -6.69126E-07 -1.29624E-01
4.46980E+01 -1.32000E-01 -6.71583E-07 -1.31603E-01
4.47651E+01 -1.34000E-01 -6.72044E-07 -1.33582E-01
4.48322E+01 -1.36000E-01 -6.73580E-07 -1.35561E-01
4.48993E+01 -1.38000E-01 -6.74962E-07 -1.37539E-01
4.49664E+01 -1.40000E-01 -6.76037E-07 -1.39518E-01
4.50336E+01 -1.42000E-01 -6.77112E-07 -1.41497E-01
4.51007E+01 -1.44000E-01 -6.78187E-07 -1.43628E-01
4.51678E+01 -1.46000E-01 -6.80337E-07 -1.45455E-01
4.52349E+01 -1.48000E-01 -6.81259E-07 -1.47586E-01
4.53020E+01 -1.50000E-01 -6.81566E-07 -1.49565E-01
4.53691E+01 -1.52000E-01 -6.85406E-07 -1.51544E-01
4.54362E+01 -1.54000E-01 -6.84945E-07 -1.53523E-01
4.55034E+01 -1.56000E-01 -6.85406E-07 -1.55654E-01
4.55705E+01 -1.58000E-01 -6.90474E-07 -1.57633E-01
4.56376E+01 -1.60000E-01 -6.89552E-07 -1.59611E-01
4.57047E+01 -1.62000E-01 -6.89245E-07 -1.61743E-01
4.57718E+01 -1.64000E-01 -6.95542E-07 -1.63569E-01
4.58389E+01 -1.66000E-01 -6.93238E-07 -1.65548E-01
4.59060E+01 -1.68000E-01 -6.93699E-07 -1.67679E-01
4.59732E+01 -1.70000E-01 -7.00456E-07 -1.69658E-01
4.60403E+01 -1.72000E-01 -6.97231E-07 -1.71637E-01
4.61074E+01 -1.74000E-01 -6.97999E-07 -1.73616E-01
4.61745E+01 -1.76000E-01 -7.05064E-07 -1.75442E-01
4.62416E+01 -1.78000E-01 -7.01224E-07 -1.77421E-01
4.63087E+01 -1.80000E-01 -7.02760E-07 -1.79400E-01
4.63758E+01 -1.82000E-01 -7.09825E-07 -1.81379E-01
4.64430E+01 -1.84000E-01 -7.05678E-07 -1.83358E-01
4.65101E+01 -1.86000E-01 -7.07982E-07 -1.85337E-01
4.65772E+01 -1.88000E-01 -7.14739E-07 -1.87316E-01
4.66443E+01 -1.90000E-01 -7.10132E-07 -1.89447E-01
4.67114E+01 -1.92000E-01 -7.13664E-07 -1.91426E-01
4.67785E+01 -1.94000E-01 -7.18579E-07 -1.93404E-01
4.68456E+01 -1.96000E-01 -7.15354E-07 -1.95383E-01
4.69128E+01 -1.98000E-01 -7.18733E-07 -1.97362E-01
