time/s      E/V        I/A
0.00000E+00 -2.00000E-01 -7.08596E-07 -1.99493E-01
6.71141E-02 -1.98000E-01 -6.15680E-07 -1.97667E-01
1.34228E-01 -1.96000E-01 -5.69145E-07 -1.95536E-01
2.01342E-01 -1.94000E-01 -5.33668E-07 -1.93557E-01
2.68456E-01 -1.92000E-01 -5.09556E-07 -1.91578E-01
3.35570E-01 -1.90000E-01 -4.82372E-07 -1.89447E-01
4.02685E-01 -1.88000E-01 -4.58721E-07 -1.87468E-01
4.69799E-01 -1.86000E-01 -4.41827E-07 -1.85489E-01
5.36913E-01 -1.84000E-01 -4.19558E-07 -1.83510E-01
6.04027E-01 -1.82000E-01 -4.01743E-07 -1.81531E-01
6.71141E-01 -1.80000E-01 -3.88535E-07 -1.79552E-01
7.38255E-01 -1.78000E-01 -3.68723E-07 -1.77574E-01
8.05369E-01 -1.76000E-01 -3.54440E-07 -1.75442E-01
8.72483E-01 -1.74000E-01 -3.42768E-07 -1.73616E-01
9.39597E-01 -1.72000E-01 -3.24492E-07 -1.71789E-01
1.00671E+00 -1.70000E-01 -3.12359E-07 -1.69810E-01
1.07383E+00 -1.68000E-01 -3.02223E-07 -1.67679E-01
1.14094E+00 -1.66000E-01 -2.86097E-07 -1.65700E-01
1.20805E+00 -1.64000E-01 -2.76114E-07 -1.63721E-01
1.27517E+00 -1.62000E-01 -2.65670E-07 -1.61743E-01
1.34228E+00 -1.60000E-01 -2.52462E-07 -1.59764E-01
1.40940E+00 -1.58000E-01 -2.42173E-07 -1.57785E-01
1.47651E+00 -1.56000E-01 -2.32651E-07 -1.55806E-01
1.54362E+00 -1.54000E-01 -2.20364E-07 -1.53675E-01
1.61074E+00 -1.52000E-01 -2.12224E-07 -1.51696E-01
1.67785E+00 -1.50000E-01 -2.02242E-07 -1.49717E-01
1.74497E+00 -1.48000E-01 -1.91952E-07 -1.47738E-01
1.81208E+00 -1.46000E-01 -1.83812E-07 -1.45607E-01
1.87919E+00 -1.44000E-01 -1.74136E-07 -1.43780E-01
1.94631E+00 -1.42000E-01 -1.65229E-07 -1.41802E-01
2.01342E+00 -1.40000E-01 -1.57243E-07 -1.39823E-01
2.08054E+00 -1.38000E-01 -1.48028E-07 -1.37692E-01
2.14765E+00 -1.36000E-01 -1.40195E-07 -1.35713E-01
2.21477E+00 -1.34000E-01 -1.31748E-07 -1.33734E-01
2.28188E+00 -1.32000E-01 -1.23916E-07 -1.31755E-01
2.34899E+00 -1.30000E-01 -1.16544E-07 -1.29624E-01
2.41611E+00 -1.28000E-01 -1.08865E-07 -1.27645E-01
2.48322E+00 -1.26000E-01 -1.01493E-07 -1.25666E-01
2.55034E+00 -1.24000E-01 -9.47354E-08 -1.23840E-01
2.61745E+00 -1.22000E-01 -8.67492E-08 -1.21708E-01
2.68456E+00 -1.20000E-01 -8.04524E-08 -1.19730E-01
2.75168E+00 -1.18000E-01 -7.33877E-08 -1.17751E-01
2.81879E+00 -1.16000E-01 -6.57087E-08 -1.15620E-01
2.88591E+00 -1.14000E-01 -6.03334E-08 -1.13641E-01
2.95302E+00 -1.12000E-01 -5.29615E-08 -1.11662E-01
3.02013E+00 -1.10000E-01 -4.60504E-08 -1.09683E-01
3.08725E+00 -1.08000E-01 -4.11359E-08 -1.07552E-01
3.15436E+00 -1.06000E-01 -3.33033E-08 -1.05573E-01
3.22148E+00 -1.04000E-01 -2.74672E-08 -1.03746E-01
3.28859E+00 -1.02000E-01 -2.27062E-08 -1.01615E-01
3.35570E+00 -1.00000E-01 -1.48736E-08 -9.96364E-02
3.42282E+00 -9.80000E-02 -1.04198E-08 -9.76575E-02
3.48993E+00 -9.60000E-02 -5.04447E-09 -9.56786E-02
3.55705E+00 -9.40000E-02 2.17381E-09  -9.36998E-02
3.62416E+00 -9.20000E-02 5.70616E-09  -9.17209E-02
3.69128E+00 -9.00000E-02 1.13886E-08  -8.97420E-02
3.75839E+00 -8.80000E-02 1.89141E-08  -8.76109E-02
3.82550E+00 -8.60000E-02 2.26000E-08  -8.56321E-02
3.89262E+00 -8.40000E-02 2.78217E-08  -8.38054E-02
3.95973E+00 -8.20000E-02 3.50400E-08  -8.18265E-02
4.02685E+00 -8.00000E-02 3.82652E-08  -7.96954E-02
4.09396E+00 -7.80000E-02 4.41013E-08  -7.77166E-02
4.16107E+00 -7.60000E-02 5.03981E-08  -7.55855E-02
4.22819E+00 -7.40000E-02 5.33161E-08  -7.36066E-02
4.29530E+00 -7.20000E-02 5.93057E-08  -7.16277E-02
4.36242E+00 -7.00000E-02 6.46810E-08  -6.96489E-02
4.42953E+00 -6.80000E-02 6.79062E-08  -6.75178E-02
4.49664E+00 -6.60000E-02 7.42030E-08  -6.56911E-02
4.56376E+00 -6.40000E-02 7.89640E-08  -6.37122E-02
4.63087E+00 -6.20000E-02 8.20356E-08  -6.15811E-02
4.69799E+00 -6.00000E-02 8.83324E-08  -5.96023E-02
4.76510E+00 -5.80000E-02 9.34006E-08  -5.76234E-02
4.83221E+00 -5.60000E-02 9.64722E-08  -5.56445E-02
4.89933E+00 -5.40000E-02 1.02462E-07  -5.36657E-02
4.96644E+00 -5.20000E-02 1.06762E-07  -5.16868E-02
5.03356E+00 -5.00000E-02 1.11369E-07  -4.95557E-02
5.10067E+00 -4.80000E-02 1.15516E-07  -4.75768E-02
5.16779E+00 -4.60000E-02 1.19970E-07  -4.57502E-02
5.23490E+00 -4.40000E-02 1.23502E-07  -4.36191E-02
5.30201E+00 -4.20000E-02 1.28110E-07  -4.16402E-02
5.36913E+00 -4.00000E-02 1.32256E-07  -3.96613E-02
5.43624E+00 -3.80000E-02 1.36557E-07  -3.76825E-02
5.50336E+00 -3.60000E-02 1.40089E-07  -3.55514E-02
5.57047E+00 -3.40000E-02 1.45311E-07  -3.35725E-02
5.63758E+00 -3.20000E-02 1.49304E-07  -3.15936E-02
5.70470E+00 -3.00000E-02 1.52375E-07  -2.96147E-02
5.77181E+00 -2.80000E-02 1.57904E-07  -2.76359E-02
5.83893E+00 -2.60000E-02 1.61437E-07  -2.56570E-02
5.90604E+00 -2.40000E-02 1.64048E-07  -2.36781E-02
5.97315E+00 -2.20000E-02 1.70805E-07  -2.15470E-02
6.04027E+00 -2.00000E-02 1.72955E-07  -1.95682E-02
6.10738E+00 -1.80000E-02 1.76180E-07  -1.75893E-02
6.17450E+00 -1.60000E-02 1.82631E-07  -1.59149E-02
6.24161E+00 -1.40000E-02 1.84474E-07  -1.37838E-02
6.30872E+00 -1.20000E-02 1.87699E-07  -1.18049E-02
6.37584E+00 -1.00000E-02 1.94610E-07  -9.82602E-03
6.44295E+00 -8.00000E-03 1.95378E-07  -7.84714E-03
6.51007E+00 -6.00000E-03 1.99371E-07  -5.86827E-03
6.57718E+00 -4.00000E-03 2.06282E-07  -3.88940E-03
6.64430E+00 -2.00000E-03 2.06896E-07  -1.91053E-03
6.71141E+00 4.16063E-18  2.11504E-07  2.20568E-04 
6.77852E+00 2.00000E-03  2.17647E-07  2.19944E-03 
6.84564E+00 4.00000E-03  2.17494E-07  4.17831E-03 
6.91275E+00 6.00000E-03  2.23483E-07  6.15719E-03 
6.97987E+00 8.00000E-03  2.28091E-07  8.28828E-03 
7.04698E+00 1.00000E-02  2.28705E-07  1.02672E-02 
7.11409E+00 1.20000E-02  2.34387E-07  1.20938E-02 
7.18121E+00 1.40000E-02  2.39456E-07  1.42249E-02 
7.24832E+00 1.60000E-02  2.39609E-07  1.62038E-02 
7.31544E+00 1.80000E-02  2.45292E-07  1.81826E-02 
7.38255E+00 2.00000E-02  2.49285E-07  2.01615E-02 
7.44966E+00 2.20000E-02  2.51435E-07  2.21404E-02 
7.51678E+00 2.40000E-02  2.56349E-07  2.41193E-02 
7.58389E+00 2.60000E-02  2.60035E-07  2.62504E-02 
7.65101E+00 2.80000E-02  2.62953E-07  2.82292E-02 
7.71812E+00 3.00000E-02  2.67407E-07  3.02081E-02 
7.78523E+00 3.20000E-02  2.70479E-07  3.21870E-02 
7.85235E+00 3.40000E-02  2.74165E-07  3.41658E-02 
7.91946E+00 3.60000E-02  2.77851E-07  3.61447E-02 
7.98658E+00 3.80000E-02  2.80769E-07  3.82758E-02 
8.05369E+00 4.00000E-02  2.84608E-07  4.02547E-02 
8.12081E+00 4.20000E-02  2.87833E-07  4.22336E-02 
8.18792E+00 4.40000E-02  2.91059E-07  4.42124E-02 
8.25503E+00 4.60000E-02  2.95820E-07  4.63435E-02 
8.32215E+00 4.80000E-02  2.98277E-07  4.83224E-02 
8.38926E+00 5.00000E-02  3.01963E-07  5.03013E-02 
8.45638E+00 5.20000E-02  3.06417E-07  5.22801E-02 
8.52349E+00 5.40000E-02  3.09181E-07  5.42590E-02 
8.59060E+00 5.60000E-02  3.12713E-07  5.62379E-02 
8.65772E+00 5.80000E-02  3.17167E-07  5.83690E-02 
8.72483E+00 6.00000E-02  3.19624E-07  6.01956E-02 
8.79195E+00 6.20000E-02  3.22850E-07  6.21745E-02 
8.85906E+00 6.40000E-02  3.26996E-07  6.41534E-02 
8.92617E+00 6.60000E-02  3.29914E-07  6.62845E-02 
8.99329E+00 6.80000E-02  3.33293E-07  6.82633E-02 
9.06040E+00 7.00000E-02  3.37286E-07  7.02422E-02 
9.12752E+00 7.20000E-02  3.40665E-07  7.22211E-02 
9.19463E+00 7.40000E-02  3.43429E-07  7.42000E-02 
9.26174E+00 7.60000E-02  3.48190E-07  7.61788E-02 
9.32886E+00 7.80000E-02  3.51876E-07  7.81577E-02 
9.39597E+00 8.00000E-02  3.53719E-07  8.02888E-02 
9.46309E+00 8.20000E-02  3.58787E-07  8.22677E-02 
9.53020E+00 8.40000E-02  3.62781E-07  8.42465E-02 
9.59732E+00 8.60000E-02  3.64624E-07  8.62254E-02 
9.66443E+00 8.80000E-02  3.69385E-07  8.83565E-02 
9.73154E+00 9.00000E-02  3.74606E-07  9.01832E-02 
9.79866E+00 9.20000E-02  3.74453E-07  9.23142E-02 
9.86577E+00 9.40000E-02  3.80442E-07  9.42931E-02 
9.93289E+00 9.60000E-02  3.85050E-07  9.62720E-02 
1.00000E+01 9.80000E-02  3.85050E-07  9.82509E-02 
1.00671E+01 1.00000E-01  3.90732E-07  1.00230E-01 
1.01342E+01 1.02000E-01  3.96568E-07  1.02209E-01 
1.02013E+01 1.04000E-01  3.95340E-07  1.04340E-01 
1.02685E+01 1.06000E-01  4.02558E-07  1.06319E-01 
1.03356E+01 1.08000E-01  4.07626E-07  1.08297E-01 
1.04027E+01 1.10000E-01  4.06397E-07  1.10276E-01 
1.04698E+01 1.12000E-01  4.14691E-07  1.12255E-01 
1.05369E+01 1.14000E-01  4.18837E-07  1.14234E-01 
1.06040E+01 1.16000E-01  4.17148E-07  1.16213E-01 
1.06711E+01 1.18000E-01  4.26056E-07  1.18344E-01 
1.07383E+01 1.20000E-01  4.29281E-07  1.20323E-01 
1.08054E+01 1.22000E-01  4.28974E-07  1.22302E-01 
1.08725E+01 1.24000E-01  4.37728E-07  1.24433E-01 
1.09396E+01 1.26000E-01  4.39878E-07  1.26412E-01 
1.10067E+01 1.28000E-01  4.40492E-07  1.28391E-01 
1.10738E+01 1.30000E-01  4.49246E-07  1.30217E-01 
1.11409E+01 1.32000E-01  4.50321E-07  1.32348E-01 
1.12081E+01 1.34000E-01  4.52625E-07  1.34327E-01 
1.12752E+01 1.36000E-01  4.61226E-07  1.36306E-01 
1.13423E+01 1.38000E-01  4.61533E-07  1.38133E-01 
1.14094E+01 1.40000E-01  4.66447E-07  1.40112E-01 
1.14765E+01 1.42000E-01  4.72898E-07  1.42091E-01 
1.15436E+01 1.44000E-01  4.73819E-07  1.44069E-01 
1.16107E+01 1.46000E-01  4.79041E-07  1.46200E-01 
1.16779E+01 1.48000E-01  4.83955E-07  1.48027E-01 
1.17450E+01 1.50000E-01  4.84416E-07  1.50006E-01 
1.18121E+01 1.52000E-01  4.91481E-07  1.52137E-01 
1.18792E+01 1.54000E-01  4.94706E-07  1.54116E-01 
1.19463E+01 1.56000E-01  4.95935E-07  1.56095E-01 
1.20134E+01 1.58000E-01  5.03921E-07  1.58074E-01 
1.20805E+01 1.60000E-01  5.06071E-07  1.60205E-01 
1.21477E+01 1.62000E-01  5.09450E-07  1.62184E-01 
1.22148E+01 1.64000E-01  5.16361E-07  1.64163E-01 
1.22819E+01 1.66000E-01  5.18818E-07  1.66294E-01 
1.23490E+01 1.68000E-01  5.23733E-07  1.68120E-01 
1.24161E+01 1.70000E-01  5.28647E-07  1.70099E-01 
1.24832E+01 1.72000E-01  5.30030E-07  1.72078E-01 
1.25503E+01 1.74000E-01  5.36941E-07  1.74209E-01 
1.26174E+01 1.76000E-01  5.39244E-07  1.76188E-01 
1.26846E+01 1.78000E-01  5.44005E-07  1.78167E-01 
1.27517E+01 1.80000E-01  5.49688E-07  1.80146E-01 
1.28188E+01 1.82000E-01  5.51992E-07  1.82125E-01 
1.28859E+01 1.84000E-01  5.56753E-07  1.84256E-01 
1.29530E+01 1.86000E-01  5.63971E-07  1.86235E-01 
1.30201E+01 1.88000E-01  5.63817E-07  1.88061E-01 
1.30872E+01 1.90000E-01  5.71650E-07  1.90040E-01 
1.31544E+01 1.92000E-01  5.76104E-07  1.92171E-01 
1.32215E+01 1.94000E-01  5.77640E-07  1.94150E-01 
1.32886E+01 1.96000E-01  5.86394E-07  1.96129E-01 
1.33557E+01 1.98000E-01  5.89619E-07  1.98260E-01 
1.34228E+01 2.00000E-01  5.90540E-07  2.00239E-01 
1.34899E+01 2.02000E-01  6.00369E-07  2.02218E-01 
1.35570E+01 2.04000E-01  6.02059E-07  2.04197E-01 
1.36242E+01 2.06000E-01  6.03441E-07  2.06176E-01 
1.36913E+01 2.08000E-01  6.14192E-07  2.08154E-01 
1.37584E+01 2.10000E-01  6.14192E-07  2.10285E-01 
1.38255E+01 2.12000E-01  6.18031E-07  2.12264E-01 
1.38926E+01 2.14000E-01  6.30318E-07  2.14243E-01 
1.39597E+01 2.16000E-01  6.25864E-07  2.16222E-01 
1.40268E+01 2.18000E-01  6.32621E-07  2.18049E-01 
1.40940E+01 2.20000E-01  6.45368E-07  2.20180E-01 
1.41611E+01 2.22000E-01  6.41375E-07  2.22159E-01 
1.42282E+01 2.24000E-01  6.49362E-07  2.24138E-01 
1.42953E+01 2.26000E-01  6.58423E-07  2.26116E-01 
1.43624E+01 2.28000E-01  6.53508E-07  2.28095E-01 
1.44295E+01 2.30000E-01  6.63645E-07  2.30074E-01 
1.44966E+01 2.32000E-01  6.72091E-07  2.32053E-01 
1.45638E+01 2.34000E-01  6.68406E-07  2.34184E-01 
1.46309E+01 2.36000E-01  6.79310E-07  2.36163E-01 
1.46980E+01 2.38000E-01  6.85453E-07  2.38142E-01 
1.47651E+01 2.40000E-01  6.83764E-07  2.40273E-01 
1.48322E+01 2.42000E-01  6.94207E-07  2.42252E-01 
1.48993E+01 2.44000E-01  6.98968E-07  2.44231E-01 
1.49664E+01 2.46000E-01  7.00350E-07  2.46210E-01 
1.50336E+01 2.48000E-01  7.07722E-07  2.48189E-01 
1.51007E+01 2.50000E-01  7.12637E-07  2.50167E-01 
1.51678E+01 2.52000E-01  7.14633E-07  2.52146E-01 
1.52349E+01 2.54000E-01  7.20776E-07  2.54277E-01 
1.53020E+01 2.56000E-01  7.27534E-07  2.56104E-01 
1.53691E+01 2.58000E-01  7.29684E-07  2.58235E-01 
1.54362E+01 2.60000E-01  7.32602E-07  2.60214E-01 
1.55034E+01 2.62000E-01  7.40435E-07  2.62193E-01 
1.55705E+01 2.64000E-01  7.43813E-07  2.64172E-01 
1.56376E+01 2.66000E-01  7.45810E-07  2.66151E-01 
1.57047E+01 2.68000E-01  7.54871E-07  2.68129E-01 
1.57718E+01 2.70000E-01  7.56868E-07  2.70108E-01 
1.58389E+01 2.72000E-01  7.57636E-07  2.72239E-01 
1.59060E+01 2.74000E-01  7.68847E-07  2.74218E-01 
1.59732E+01 2.76000E-01  7.70844E-07  2.76349E-01 
1.60403E+01 2.78000E-01  7.70997E-07  2.78328E-01 
1.61074E+01 2.80000E-01  7.83130E-07  2.80307E-01 
1.61745E+01 2.82000E-01  7.82976E-07  2.82286E-01 
1.62416E+01 2.84000E-01  7.82516E-07  2.84265E-01 
1.63087E+01 2.86000E-01  7.96184E-07  2.86244E-01 
1.63758E+01 2.88000E-01  7.91731E-07  2.88223E-01 
1.64430E+01 2.90000E-01  7.93727E-07  2.90201E-01 
1.65101E+01 2.92000E-01  8.07242E-07  2.92333E-01 
1.65772E+01 2.94000E-01  8.02788E-07  2.94159E-01 
1.66443E+01 2.96000E-01  8.05246E-07  2.96138E-01 
1.67114E+01 2.98000E-01  8.19221E-07  2.98269E-01 
1.67785E+01 3.00000E-01  8.12771E-07  3.00248E-01 
1.68456E+01 3.02000E-01  8.19375E-07  3.02227E-01 
1.69128E+01 3.04000E-01  8.28590E-07  3.04206E-01 
1.69799E+01 3.06000E-01  8.23675E-07  3.06185E-01 
1.70470E+01 3.08000E-01  8.29972E-07  3.08164E-01 
1.71141E+01 3.10000E-01  8.37958E-07  3.10295E-01 
1.71812E+01 3.12000E-01  8.33044E-07  3.12274E-01 
1.72483E+01 3.14000E-01  8.40723E-07  3.14252E-01 
1.73154E+01 3.16000E-01  8.43487E-07  3.16231E-01 
1.73826E+01 3.18000E-01  8.42259E-07  3.18362E-01 
1.74497E+01 3.20000E-01  8.50091E-07  3.20341E-01 
1.75168E+01 3.22000E-01  8.50245E-07  3.22320E-01 
1.75839E+01 3.24000E-01  8.51013E-07  3.24299E-01 
1.76510E+01 3.26000E-01  8.59613E-07  3.26278E-01 
1.77181E+01 3.28000E-01  8.56541E-07  3.28257E-01 
1.77852E+01 3.30000E-01  8.62070E-07  3.30236E-01 
1.78523E+01 3.32000E-01  8.67906E-07  3.32367E-01 
1.79195E+01 3.34000E-01  8.64220E-07  3.34193E-01 
1.79866E+01 3.36000E-01  8.70978E-07  3.36324E-01 
1.80537E+01 3.38000E-01  8.74203E-07  3.38303E-01 
1.81208E+01 3.40000E-01  8.71285E-07  3.40282E-01 
1.81879E+01 3.42000E-01  8.79271E-07  3.42261E-01 
1.82550E+01 3.44000E-01  8.81575E-07  3.44240E-01 
1.83221E+01 3.46000E-01  8.76507E-07  3.46219E-01 
1.83893E+01 3.48000E-01  8.86643E-07  3.48350E-01 
1.84564E+01 3.50000E-01  8.87104E-07  3.50329E-01 
1.85235E+01 3.52000E-01  8.82497E-07  3.52308E-01 
1.85906E+01 3.54000E-01  8.94937E-07  3.54287E-01 
1.86577E+01 3.56000E-01  8.93247E-07  3.56265E-01 
1.87248E+01 3.58000E-01  8.90329E-07  3.58396E-01 
1.87919E+01 3.60000E-01  9.01387E-07  3.60375E-01 
1.88591E+01 3.62000E-01  9.00005E-07  3.62354E-01 
1.89262E+01 3.64000E-01  8.97087E-07  3.64333E-01 
1.89933E+01 3.66000E-01  9.07223E-07  3.66312E-01 
1.90604E+01 3.68000E-01  9.05841E-07  3.68291E-01 
1.91275E+01 3.70000E-01  8.98008E-07  3.70422E-01 
1.91946E+01 3.72000E-01  9.13213E-07  3.72249E-01 
1.92617E+01 3.74000E-01  9.12445E-07  3.74227E-01 
1.93289E+01 3.76000E-01  9.10755E-07  3.76206E-01 
1.93960E+01 3.78000E-01  9.16438E-07  3.78337E-01 
1.94631E+01 3.80000E-01  9.27035E-07  3.80316E-01 
1.95302E+01 3.82000E-01  9.17666E-07  3.82295E-01 
1.95973E+01 3.84000E-01  9.22274E-07  3.84274E-01 
1.96644E+01 3.86000E-01  9.25038E-07  3.86253E-01 
1.97315E+01 3.88000E-01  9.23963E-07  3.88232E-01 
1.97987E+01 3.90000E-01  9.28724E-07  3.90363E-01 
1.98658E+01 3.92000E-01  9.31489E-07  3.92342E-01 
1.99329E+01 3.94000E-01  9.29492E-07  3.94321E-01 
2.00000E+01 3.96000E-01  9.33946E-07  3.96300E-01 
2.00671E+01 3.98000E-01  9.41011E-07  3.98278E-01 
2.01342E+01 4.00000E-01  9.37171E-07  4.00409E-01 
2.02013E+01 4.02000E-01  9.40550E-07  4.02236E-01 
2.02685E+01 4.04000E-01  9.44543E-07  4.04367E-01 
2.03356E+01 4.06000E-01  9.42086E-07  4.06346E-01 
2.04027E+01 4.08000E-01  9.45157E-07  4.08325E-01 
2.04698E+01 4.10000E-01  9.50226E-07  4.10456E-01 
2.05369E+01 4.12000E-01  9.47154E-07  4.12283E-01 
2.06040E+01 4.14000E-01  9.52222E-07  4.14262E-01 
2.06711E+01 4.16000E-01  9.55294E-07  4.16393E-01 
2.07383E+01 4.18000E-01  9.53911E-07  4.18372E-01 
2.08054E+01 4.20000E-01  9.58980E-07  4.20350E-01 
2.08725E+01 4.22000E-01  9.61130E-07  4.22329E-01 
2.09396E+01 4.24000E-01  9.60055E-07  4.24308E-01 
2.10067E+01 4.26000E-01  9.65891E-07  4.26287E-01 
2.10738E+01 4.28000E-01  9.65891E-07  4.28418E-01 
2.11409E+01 4.30000E-01  9.65737E-07  4.30397E-01 
2.12081E+01 4.32000E-01  9.70805E-07  4.32376E-01 
2.12752E+01 4.34000E-01  9.70498E-07  4.34355E-01 
2.13423E+01 4.36000E-01  9.71420E-07  4.36486E-01 
2.14094E+01 4.38000E-01  9.77563E-07  4.38465E-01 
2.14765E+01 4.40000E-01  9.76488E-07  4.40444E-01 
2.15436E+01 4.42000E-01  9.79099E-07  4.42422E-01 
2.16107E+01 4.44000E-01  9.83552E-07  4.44401E-01 
2.16779E+01 4.46000E-01  9.82017E-07  4.46380E-01 
2.17450E+01 4.48000E-01  9.85088E-07  4.48511E-01 
2.18121E+01 4.50000E-01  9.88774E-07  4.50186E-01 
2.18792E+01 4.52000E-01  9.87853E-07  4.52165E-01 
2.19463E+01 4.54000E-01  9.91539E-07  4.54143E-01 
2.20134E+01 4.56000E-01  9.94457E-07  4.56122E-01 
2.20805E+01 4.58000E-01  9.93074E-07  4.58253E-01 
2.21477E+01 4.60000E-01  9.96914E-07  4.60080E-01 
2.22148E+01 4.62000E-01  9.99371E-07  4.62059E-01 
2.22819E+01 4.64000E-01  9.98450E-07  4.64190E-01 
2.23490E+01 4.66000E-01  1.00383E-06  4.66169E-01 
2.24161E+01 4.68000E-01  1.00505E-06  4.68148E-01 
2.24832E+01 4.70000E-01  1.00613E-06  4.70127E-01 
2.25503E+01 4.72000E-01  1.01028E-06  4.72258E-01 
2.26174E+01 4.74000E-01  1.01273E-06  4.74237E-01 
2.26846E+01 4.76000E-01  1.01534E-06  4.76216E-01 
2.27517E+01 4.78000E-01  1.01918E-06  4.78347E-01 
2.28188E+01 4.80000E-01  1.02133E-06  4.80173E-01 
2.28859E+01 4.82000E-01  1.02348E-06  4.82152E-01 
2.29530E+01 4.84000E-01  1.02533E-06  4.84131E-01 
2.30201E+01 4.86000E-01  1.02778E-06  4.86262E-01 
2.30872E+01 4.88000E-01  1.03147E-06  4.88241E-01 
2.31544E+01 4.90000E-01  1.03239E-06  4.90220E-01 
2.32215E+01 4.92000E-01  1.03623E-06  4.92199E-01 
2.32886E+01 4.94000E-01  1.03930E-06  4.94178E-01 
2.33557E+01 4.96000E-01  1.04084E-06  4.96309E-01 
2.34228E+01 4.98000E-01  1.04560E-06  4.98288E-01 
2.34899E+01 5.00000E-01  1.04775E-06  5.00114E-01 
2.35570E+01 4.98000E-01  9.32717E-07  4.98440E-01 
2.36242E+01 4.96000E-01  8.82650E-07  4.96309E-01 
2.36913E+01 4.94000E-01  8.53931E-07  4.94330E-01 
2.37584E+01 4.92000E-01  8.14768E-07  4.92351E-01 
2.38255E+01 4.90000E-01  7.85895E-07  4.90372E-01 
2.38926E+01 4.88000E-01  7.54564E-07  4.88393E-01 
2.39597E+01 4.86000E-01  7.26920E-07  4.86414E-01 
2.40268E+01 4.84000E-01  7.06340E-07  4.84283E-01 
2.40940E+01 4.82000E-01  6.80692E-07  4.82304E-01 
2.41611E+01 4.80000E-01  6.58269E-07  4.80325E-01 
2.42282E+01 4.78000E-01  6.41683E-07  4.78499E-01 
2.42953E+01 4.76000E-01  6.17417E-07  4.76368E-01 
2.43624E+01 4.74000E-01  5.98834E-07  4.74389E-01 
2.44295E+01 4.72000E-01  5.84090E-07  4.72410E-01 
2.44966E+01 4.70000E-01  5.62435E-07  4.70279E-01 
2.45638E+01 4.68000E-01  5.46156E-07  4.68300E-01 
2.46309E+01 4.66000E-01  5.33255E-07  4.66321E-01 
2.46980E+01 4.64000E-01  5.13289E-07  4.64342E-01 
2.47651E+01 4.62000E-01  4.99006E-07  4.62211E-01 
2.48322E+01 4.60000E-01  4.85798E-07  4.60232E-01 
2.48993E+01 4.58000E-01  4.67062E-07  4.58406E-01 
2.49664E+01 4.56000E-01  4.54468E-07  4.56427E-01 
2.50336E+01 4.54000E-01  4.42028E-07  4.54296E-01 
2.51007E+01 4.52000E-01  4.24520E-07  4.52317E-01 
2.51678E+01 4.50000E-01  4.13923E-07  4.50338E-01 
2.52349E+01 4.48000E-01  4.01022E-07  4.48664E-01 
2.53020E+01 4.46000E-01  3.85510E-07  4.46532E-01 
2.53691E+01 4.44000E-01  3.75221E-07  4.44554E-01 
2.54362E+01 4.42000E-01  3.64163E-07  4.42575E-01 
2.55034E+01 4.40000E-01  3.48190E-07  4.40596E-01 
2.55705E+01 4.38000E-01  3.38361E-07  4.38617E-01 
2.56376E+01 4.36000E-01  3.26536E-07  4.36638E-01 
2.57047E+01 4.34000E-01  3.13635E-07  4.34507E-01 
2.57718E+01 4.32000E-01  3.02577E-07  4.32528E-01 
2.58389E+01 4.30000E-01  2.91826E-07  4.30549E-01 
2.59060E+01 4.28000E-01  2.79540E-07  4.28418E-01 
2.59732E+01 4.26000E-01  2.68482E-07  4.26439E-01 
2.60403E+01 4.24000E-01  2.58192E-07  4.24460E-01 
2.61074E+01 4.22000E-01  2.46827E-07  4.22482E-01 
2.61745E+01 4.20000E-01  2.35309E-07  4.20503E-01 
2.62416E+01 4.18000E-01  2.26708E-07  4.18524E-01 
2.63087E+01 4.16000E-01  2.15804E-07  4.16545E-01 
2.63758E+01 4.14000E-01  2.03978E-07  4.14566E-01 
2.64430E+01 4.12000E-01  1.95992E-07  4.12435E-01 
2.65101E+01 4.10000E-01  1.86163E-07  4.10456E-01 
2.65772E+01 4.08000E-01  1.73262E-07  4.08477E-01 
2.66443E+01 4.06000E-01  1.65430E-07  4.06498E-01 
2.67114E+01 4.04000E-01  1.55908E-07  4.04367E-01 
2.67785E+01 4.02000E-01  1.43775E-07  4.02388E-01 
2.68456E+01 4.00000E-01  1.36249E-07  4.00562E-01 
2.69128E+01 3.98000E-01  1.25652E-07  3.98583E-01 
2.69799E+01 3.96000E-01  1.15055E-07  3.96452E-01 
2.70470E+01 3.94000E-01  1.06762E-07  3.94473E-01 
2.71141E+01 3.92000E-01  9.63186E-08  3.92494E-01 
2.71812E+01 3.90000E-01  8.69502E-08  3.90515E-01 
2.72483E+01 3.88000E-01  7.83497E-08  3.88384E-01 
2.73154E+01 3.86000E-01  6.82134E-08  3.86405E-01 
2.73826E+01 3.84000E-01  6.02272E-08  3.84426E-01 
2.74497E+01 3.82000E-01  5.03981E-08  3.82295E-01 
2.75168E+01 3.80000E-01  4.08761E-08  3.80469E-01 
2.75839E+01 3.78000E-01  3.41185E-08  3.78490E-01 
2.76510E+01 3.76000E-01  2.18321E-08  3.76359E-01 
2.77181E+01 3.74000E-01  1.32316E-08  3.74380E-01 
2.77852E+01 3.72000E-01  8.00987E-09  3.72401E-01 
2.78523E+01 3.70000E-01  -7.34817E-09 3.70574E-01 
2.79195E+01 3.68000E-01  -1.22627E-08 3.68443E-01 
2.79866E+01 3.66000E-01  -1.77916E-08 3.66464E-01 
2.80537E+01 3.64000E-01  -3.48391E-08 3.64485E-01 
2.81208E+01 3.62000E-01  -3.80642E-08 3.62506E-01 
2.81879E+01 3.60000E-01  -4.31324E-08 3.60528E-01 
2.82550E+01 3.58000E-01  -6.14085E-08 3.58549E-01 
2.83221E+01 3.56000E-01  -6.14085E-08 3.56570E-01 
2.83893E+01 3.54000E-01  -6.83196E-08 3.54439E-01 
2.84564E+01 3.52000E-01  -8.70564E-08 3.52460E-01 
2.85235E+01 3.50000E-01  -8.56742E-08 3.50329E-01 
2.85906E+01 3.48000E-01  -9.35068E-08 3.48350E-01 
2.86577E+01 3.46000E-01  -1.11936E-07 3.46371E-01 
2.87248E+01 3.44000E-01  -1.10247E-07 3.44392E-01 
2.87919E+01 3.42000E-01  -1.19923E-07 3.42413E-01 
2.88591E+01 3.40000E-01  -1.37584E-07 3.40434E-01 
2.89262E+01 3.38000E-01  -1.35741E-07 3.38456E-01 
2.89933E+01 3.36000E-01  -1.45571E-07 3.36477E-01 
2.90604E+01 3.34000E-01  -1.59700E-07 3.34346E-01 
2.91275E+01 3.32000E-01  -1.57089E-07 3.32367E-01 
2.91946E+01 3.30000E-01  -1.69529E-07 3.30388E-01 
2.92617E+01 3.28000E-01  -1.81815E-07 3.28409E-01 
2.93289E+01 3.26000E-01  -1.81048E-07 3.26430E-01 
2.93960E+01 3.24000E-01  -1.94563E-07 3.24451E-01 
2.94631E+01 3.22000E-01  -2.02395E-07 3.22472E-01 
2.95302E+01 3.20000E-01  -2.04699E-07 3.20493E-01 
2.95973E+01 3.18000E-01  -2.16525E-07 3.18515E-01 
2.96644E+01 3.16000E-01  -2.24511E-07 3.16384E-01 
2.97315E+01 3.14000E-01  -2.30347E-07 3.14405E-01 
2.97987E+01 3.12000E-01  -2.40944E-07 3.12426E-01 
2.98658E+01 3.10000E-01  -2.46012E-07 3.10447E-01 
2.99329E+01 3.08000E-01  -2.53691E-07 3.08316E-01 
3.00000E+01 3.06000E-01  -2.62445E-07 3.06337E-01 
3.00671E+01 3.04000E-01  -2.67053E-07 3.04358E-01 
3.01342E+01 3.02000E-01  -2.75960E-07 3.02379E-01 
3.02013E+01 3.00000E-01  -2.81950E-07 3.00400E-01 
3.02685E+01 2.98000E-01  -2.87018E-07 2.98421E-01 
3.03356E+01 2.96000E-01  -2.95926E-07 2.96443E-01 
3.04027E+01 2.94000E-01  -3.01455E-07 2.94311E-01 
3.04698E+01 2.92000E-01  -3.08519E-07 2.92485E-01 
3.05369E+01 2.90000E-01  -3.18502E-07 2.90506E-01 
3.06040E+01 2.88000E-01  -3.21113E-07 2.88375E-01 
3.06711E+01 2.86000E-01  -3.30021E-07 2.86396E-01 
3.07383E+01 2.84000E-01  -3.37853E-07 2.84417E-01 
3.08054E+01 2.82000E-01  -3.40157E-07 2.82438E-01 
3.08725E+01 2.80000E-01  -3.50754E-07 2.80459E-01 
3.09396E+01 2.78000E-01  -3.57051E-07 2.78480E-01 
3.10067E+01 2.76000E-01  -3.59201E-07 2.76349E-01 
3.10738E+01 2.74000E-01  -3.68876E-07 2.74371E-01 
3.11409E+01 2.72000E-01  -3.71487E-07 2.72392E-01 
3.12081E+01 2.70000E-01  -3.77477E-07 2.70261E-01 
3.12752E+01 2.68000E-01  -3.88074E-07 2.68282E-01 
3.13423E+01 2.66000E-01  -3.86077E-07 2.66303E-01 
3.14094E+01 2.64000E-01  -3.96060E-07 2.64476E-01 
3.14765E+01 2.62000E-01  -4.05889E-07 2.62345E-01 
3.15436E+01 2.60000E-01  -4.02050E-07 2.60366E-01 
3.16107E+01 2.58000E-01  -4.14797E-07 2.58387E-01 
3.16779E+01 2.56000E-01  -4.22169E-07 2.56408E-01 
3.17450E+01 2.54000E-01  -4.18176E-07 2.54277E-01 
3.18121E+01 2.52000E-01  -4.30769E-07 2.52298E-01 
3.18792E+01 2.50000E-01  -4.35684E-07 2.50320E-01 
3.19463E+01 2.48000E-01  -4.31998E-07 2.48341E-01 
3.20134E+01 2.46000E-01  -4.45974E-07 2.46362E-01 
3.20805E+01 2.44000E-01  -4.47663E-07 2.44383E-01 
3.21477E+01 2.42000E-01  -4.45974E-07 2.42404E-01 
3.22148E+01 2.40000E-01  -4.60103E-07 2.40273E-01 
3.22819E+01 2.38000E-01  -4.58721E-07 2.38294E-01 
3.23490E+01 2.36000E-01  -4.59950E-07 2.36315E-01 
3.24161E+01 2.34000E-01  -4.72390E-07 2.34336E-01 
3.24832E+01 2.32000E-01  -4.71315E-07 2.32205E-01 
3.25503E+01 2.30000E-01  -4.72850E-07 2.30226E-01 
3.26174E+01 2.28000E-01  -4.84369E-07 2.28248E-01 
3.26846E+01 2.26000E-01  -4.81758E-07 2.26269E-01 
3.27517E+01 2.24000E-01  -4.85290E-07 2.24290E-01 
3.28188E+01 2.22000E-01  -4.92662E-07 2.22311E-01 
3.28859E+01 2.20000E-01  -4.90205E-07 2.20332E-01 
3.29530E+01 2.18000E-01  -4.94044E-07 2.18201E-01 
3.30201E+01 2.16000E-01  -5.00648E-07 2.16222E-01 
3.30872E+01 2.14000E-01  -4.98959E-07 2.14395E-01 
3.31544E+01 2.12000E-01  -5.02952E-07 2.12417E-01 
3.32215E+01 2.10000E-01  -5.06484E-07 2.10285E-01 
3.32886E+01 2.08000E-01  -5.08174E-07 2.08307E-01 
3.33557E+01 2.06000E-01  -5.10478E-07 2.06328E-01 
3.34228E+01 2.04000E-01  -5.11860E-07 2.04349E-01 
3.34899E+01 2.02000E-01  -5.17849E-07 2.02370E-01 
3.35570E+01 2.00000E-01  -5.16006E-07 2.00391E-01 
3.36242E+01 1.98000E-01  -5.18464E-07 1.98260E-01 
3.36913E+01 1.96000E-01  -5.24453E-07 1.96281E-01 
3.37584E+01 1.94000E-01  -5.19539E-07 1.94302E-01 
3.38255E+01 1.92000E-01  -5.22918E-07 1.92323E-01 
3.38926E+01 1.90000E-01  -5.28907E-07 1.90345E-01 
3.39597E+01 1.88000E-01  -5.21842E-07 1.88213E-01 
3.40268E+01 1.86000E-01  -5.27525E-07 1.86387E-01 
3.40940E+01 1.84000E-01  -5.32747E-07 1.84256E-01 
3.41611E+01 1.82000E-01  -5.24760E-07 1.82277E-01 
3.42282E+01 1.80000E-01  -5.31672E-07 1.80298E-01 
3.42953E+01 1.78000E-01  -5.36433E-07 1.78167E-01 
3.43624E+01 1.76000E-01  -5.26911E-07 1.76340E-01 
3.44295E+01 1.74000E-01  -5.36125E-07 1.74361E-01 
3.44966E+01 1.72000E-01  -5.37508E-07 1.72230E-01 
3.45638E+01 1.70000E-01  -5.28754E-07 1.70251E-01 
3.46309E+01 1.68000E-01  -5.39504E-07 1.68273E-01 
3.46980E+01 1.66000E-01  -5.38122E-07 1.66294E-01 
3.47651E+01 1.64000E-01  -5.31518E-07 1.64315E-01 
3.48322E+01 1.62000E-01  -5.41194E-07 1.62336E-01 
3.48993E+01 1.60000E-01  -5.38583E-07 1.60357E-01 
3.49664E+01 1.58000E-01  -5.33822E-07 1.58226E-01 
3.50336E+01 1.56000E-01  -5.43497E-07 1.56247E-01 
3.51007E+01 1.54000E-01  -5.39965E-07 1.54268E-01 
3.51678E+01 1.52000E-01  -5.36586E-07 1.52289E-01 
3.52349E+01 1.50000E-01  -5.44112E-07 1.50158E-01 
3.53020E+01 1.48000E-01  -5.39811E-07 1.48179E-01 
3.53691E+01 1.46000E-01  -5.40272E-07 1.46353E-01 
3.54362E+01 1.44000E-01  -5.44880E-07 1.44222E-01 
3.55034E+01 1.42000E-01  -5.40886E-07 1.42243E-01 
3.55705E+01 1.40000E-01  -5.40886E-07 1.40264E-01 
3.56376E+01 1.38000E-01  -5.45033E-07 1.38285E-01 
3.57047E+01 1.36000E-01  -5.41961E-07 1.36458E-01 
3.57718E+01 1.34000E-01  -5.43804E-07 1.34479E-01 
3.58389E+01 1.32000E-01  -5.44419E-07 1.32501E-01 
3.59060E+01 1.30000E-01  -5.43497E-07 1.30522E-01 
3.59732E+01 1.28000E-01  -5.46722E-07 1.28391E-01 
3.60403E+01 1.26000E-01  -5.43651E-07 1.26564E-01 
3.61074E+01 1.24000E-01  -5.45801E-07 1.24433E-01 
3.61745E+01 1.22000E-01  -5.49180E-07 1.22454E-01 
3.62416E+01 1.20000E-01  -5.45647E-07 1.20475E-01 
3.63087E+01 1.18000E-01  -5.47644E-07 1.18496E-01 
3.63758E+01 1.16000E-01  -5.49794E-07 1.16365E-01 
3.64430E+01 1.14000E-01  -5.46876E-07 1.14386E-01 
3.65101E+01 1.12000E-01  -5.49026E-07 1.12407E-01 
3.65772E+01 1.10000E-01  -5.50716E-07 1.10276E-01 
3.66443E+01 1.08000E-01  -5.47951E-07 1.08450E-01 
3.67114E+01 1.06000E-01  -5.50255E-07 1.06471E-01 
3.67785E+01 1.04000E-01  -5.51944E-07 1.04340E-01 
3.68456E+01 1.02000E-01  -5.49948E-07 1.02361E-01 
3.69128E+01 1.00000E-01  -5.52098E-07 1.00382E-01 
3.69799E+01 9.80000E-02  -5.53787E-07 9.84031E-02 
3.70470E+01 9.60000E-02  -5.51791E-07 9.64242E-02 
3.71141E+01 9.40000E-02  -5.53634E-07 9.44453E-02 
3.71812E+01 9.20000E-02  -5.56091E-07 9.23142E-02 
3.72483E+01 9.00000E-02  -5.54094E-07 9.03354E-02 
3.73154E+01 8.80000E-02  -5.54862E-07 8.83565E-02 
3.73826E+01 8.60000E-02  -5.57473E-07 8.63776E-02 
3.74497E+01 8.40000E-02  -5.56244E-07 8.43988E-02 
3.75168E+01 8.20000E-02  -5.55784E-07 8.24199E-02 
3.75839E+01 8.00000E-02  -5.59777E-07 8.04410E-02 
3.76510E+01 7.80000E-02  -5.58241E-07 7.83099E-02 
3.77181E+01 7.60000E-02  -5.58087E-07 7.63310E-02 
3.77852E+01 7.40000E-02  -5.62388E-07 7.43522E-02 
3.78523E+01 7.20000E-02  -5.60698E-07 7.22211E-02 
3.79195E+01 7.00000E-02  -5.60084E-07 7.02422E-02 
3.79866E+01 6.80000E-02  -5.65459E-07 6.84156E-02 
3.80537E+01 6.60000E-02  -5.63156E-07 6.64367E-02 
3.81208E+01 6.40000E-02  -5.62848E-07 6.43056E-02 
3.81879E+01 6.20000E-02  -5.67917E-07 6.23267E-02 
3.82550E+01 6.00000E-02  -5.65613E-07 6.03478E-02 
3.83221E+01 5.80000E-02  -5.64691E-07 5.83690E-02 
3.83893E+01 5.60000E-02  -5.70220E-07 5.63901E-02 
3.84564E+01 5.40000E-02  -5.67149E-07 5.44112E-02 
3.85235E+01 5.20000E-02  -5.67302E-07 5.24324E-02 
3.85906E+01 5.00000E-02  -5.72217E-07 5.04535E-02 
3.86577E+01 4.80000E-02  -5.69299E-07 4.84746E-02 
3.87248E+01 4.60000E-02  -5.70374E-07 4.64957E-02 
3.87919E+01 4.40000E-02  -5.74828E-07 4.43646E-02 
3.88591E+01 4.20000E-02  -5.71449E-07 4.23858E-02 
3.89262E+01 4.00000E-02  -5.74060E-07 4.04069E-02 
3.89933E+01 3.80000E-02  -5.77285E-07 3.82758E-02 
3.90604E+01 3.60000E-02  -5.74828E-07 3.62969E-02 
3.91275E+01 3.40000E-02  -5.77439E-07 3.43181E-02 
3.91946E+01 3.20000E-02  -5.79128E-07 3.23392E-02 
3.92617E+01 3.00000E-02  -5.77131E-07 3.03603E-02 
3.93289E+01 2.80000E-02  -5.80203E-07 2.83814E-02 
3.93960E+01 2.60000E-02  -5.80971E-07 2.64026E-02 
3.94631E+01 2.40000E-02  -5.80049E-07 2.42715E-02 
3.95302E+01 2.20000E-02  -5.83582E-07 2.22926E-02 
3.95973E+01 2.00000E-02  -5.83582E-07 2.03137E-02 
3.96644E+01 1.80000E-02  -5.83121E-07 1.83349E-02 
3.97315E+01 1.60000E-02  -5.86500E-07 1.63560E-02 
3.97987E+01 1.40000E-02  -5.85885E-07 1.42249E-02 
3.98658E+01 1.20000E-02  -5.86961E-07 1.22460E-02 
3.99329E+01 1.00000E-02  -5.89418E-07 1.04194E-02 
4.00000E+01 8.00000E-03  -5.88957E-07 8.28828E-03 
4.00671E+01 6.00000E-03  -5.90186E-07 6.30941E-03 
4.01342E+01 4.00000E-03  -5.91875E-07 4.33053E-03 
4.02013E+01 2.00000E-03  -5.91107E-07 2.35166E-03 
4.02685E+01 4.17418E-18  -5.93411E-07 2.20568E-04 
4.03356E+01 -2.00000E-03 -5.93872E-07 -1.60608E-03
4.04027E+01 -4.00000E-03 -5.94179E-07 -3.73718E-03
4.04698E+01 -6.00000E-03 -5.96022E-07 -5.71605E-03
4.05369E+01 -8.00000E-03 -5.96943E-07 -7.69492E-03
4.06040E+01 -1.00000E-02 -5.97711E-07 -9.67379E-03
4.06711E+01 -1.20000E-02 -5.99401E-07 -1.16527E-02
4.07383E+01 -1.40000E-02 -5.99861E-07 -1.37838E-02
4.08054E+01 -1.60000E-02 -6.01551E-07 -1.57626E-02
4.08725E+01 -1.80000E-02 -6.01858E-07 -1.75893E-02
4.09396E+01 -2.00000E-02 -6.02933E-07 -1.94159E-02
4.10067E+01 -2.20000E-02 -6.04469E-07 -2.13948E-02
4.10738E+01 -2.40000E-02 -6.04776E-07 -2.35259E-02
4.11409E+01 -2.60000E-02 -6.05390E-07 -2.55048E-02
4.12081E+01 -2.80000E-02 -6.08001E-07 -2.74836E-02
4.12752E+01 -3.00000E-02 -6.07080E-07 -2.94625E-02
4.13423E+01 -3.20000E-02 -6.08615E-07 -3.14414E-02
4.14094E+01 -3.40000E-02 -6.11073E-07 -3.34203E-02
4.14765E+01 -3.60000E-02 -6.09537E-07 -3.53991E-02
4.15436E+01 -3.80000E-02 -6.11687E-07 -3.75302E-02
4.16107E+01 -4.00000E-02 -6.14759E-07 -3.95091E-02
4.16779E+01 -4.20000E-02 -6.12608E-07 -4.14880E-02
4.17450E+01 -4.40000E-02 -6.15834E-07 -4.36191E-02
4.18121E+01 -4.60000E-02 -6.17830E-07 -4.55979E-02
4.18792E+01 -4.80000E-02 -6.15680E-07 -4.74246E-02
4.19463E+01 -5.00000E-02 -6.19366E-07 -4.94035E-02
4.20134E+01 -5.20000E-02 -6.20595E-07 -5.15346E-02
4.20805E+01 -5.40000E-02 -6.18598E-07 -5.35134E-02
4.21477E+01 -5.60000E-02 -6.22745E-07 -5.54923E-02
4.22148E+01 -5.80000E-02 -6.22745E-07 -5.74712E-02
4.22819E+01 -6.00000E-02 -6.21516E-07 -5.94500E-02
4.23490E+01 -6.20000E-02 -6.25816E-07 -6.14289E-02
4.24161E+01 -6.40000E-02 -6.25509E-07 -6.35600E-02
4.24832E+01 -6.60000E-02 -6.24895E-07 -6.55389E-02
4.25503E+01 -6.80000E-02 -6.29349E-07 -6.75178E-02
4.26174E+01 -7.00000E-02 -6.28734E-07 -6.94966E-02
4.26846E+01 -7.20000E-02 -6.28581E-07 -7.14755E-02
4.27517E+01 -7.40000E-02 -6.32881E-07 -7.36066E-02
4.28188E+01 -7.60000E-02 -6.31806E-07 -7.55855E-02
4.28859E+01 -7.80000E-02 -6.32113E-07 -7.75643E-02
4.29530E+01 -8.00000E-02 -6.35185E-07 -7.95432E-02
4.30201E+01 -8.20000E-02 -6.34878E-07 -8.16743E-02
4.30872E+01 -8.40000E-02 -6.35799E-07 -8.36532E-02
4.31544E+01 -8.60000E-02 -6.37949E-07 -8.56321E-02
4.32215E+01 -8.80000E-02 -6.38256E-07 -8.74587E-02
4.32886E+01 -9.00000E-02 -6.39024E-07 -8.95898E-02
4.33557E+01 -9.20000E-02 -6.41328E-07 -9.15687E-02
4.34228E+01 -9.40000E-02 -6.41635E-07 -9.35475E-02
4.34899E+01 -9.60000E-02 -6.42710E-07 -9.55264E-02
4.35570E+01 -9.80000E-02 -6.44092E-07 -9.75053E-02
4.36242E+01 -1.00000E-01 -6.45628E-07 -9.94842E-02
4.36913E+01 -1.02000E-01 -6.46550E-07 -1.01463E-01
4.37584E+01 -1.04000E-01 -6.47625E-07 -1.03442E-01
4.38255E+01 -1.06000E-01 -6.49621E-07 -1.05421E-01
4.38926E+01 -1.08000E-01 -6.49775E-07 -1.07400E-01
4.39597E+01 -1.10000E-01 -6.51004E-07 -1.09531E-01
4.40268E+01 -1.12000E-01 -6.53307E-07 -1.11510E-01
4.40940E+01 -1.14000E-01 -6.52232E-07 -1.13488E-01
4.41611E+01 -1.16000E-01 -6.54229E-07 -1.15620E-01
4.42282E+01 -1.18000E-01 -6.56840E-07 -1.17598E-01
4.42953E+01 -1.20000E-01 -6.55765E-07 -1.19577E-01
4.43624E+01 -1.22000E-01 -6.58529E-07 -1.21556E-01
4.44295E+01 -1.24000E-01 -6.60986E-07 -1.23535E-01
4.44966E+01 -1.26000E-01 -6.59297E-07 -1.25514E-01
4.45638E+01 -1.28000E-01 -6.62829E-07 -1.27493E-01
4.46309E+01 -1.30000E-01 -6.64519E-07 -1.29624E-01
4.46980E+01 -1.32000E-01 -6.62983E-07 -1.31603E-01
4.47651E+01 -1.34000E-01 -6.66669E-07 -1.33582E-01
4.48322E+01 -1.36000E-01 -6.68205E-07 -1.35561E-01
4.48993E+01 -1.38000E-01 -6.67437E-07 -1.37539E-01
4.49664E+01 -1.40000E-01 -6.70815E-07 -1.39518E-01
4.50336E+01 -1.42000E-01 -6.64365E-07 -1.41649E-01
4.51007E+01 -1.44000E-01 -6.74041E-07 -1.43628E-01
4.51678E+01 -1.46000E-01 -6.74962E-07 -1.45455E-01
4.52349E+01 -1.48000E-01 -6.75116E-07 -1.47586E-01
4.53020E+01 -1.50000E-01 -6.76191E-07 -1.49565E-01
4.53691E+01 -1.52000E-01 -6.79416E-07 -1.51544E-01
4.54362E+01 -1.54000E-01 -6.79109E-07 -1.53675E-01
4.55034E+01 -1.56000E-01 -6.82180E-07 -1.55654E-01
4.55705E+01 -1.58000E-01 -6.82948E-07 -1.57633E-01
4.56376E+01 -1.60000E-01 -6.82948E-07 -1.59611E-01
4.57047E+01 -1.62000E-01 -6.86941E-07 -1.61743E-01
4.57718E+01 -1.64000E-01 -6.87556E-07 -1.63569E-01
4.58389E+01 -1.66000E-01 -6.86788E-07 -1.65548E-01
4.59060E+01 -1.68000E-01 -6.92010E-07 -1.67527E-01
4.59732E+01 -1.70000E-01 -6.91242E-07 -1.69658E-01
4.60403E+01 -1.72000E-01 -6.91549E-07 -1.71637E-01
4.61074E+01 -1.74000E-01 -6.96924E-07 -1.73616E-01
4.61745E+01 -1.76000E-01 -6.95542E-07 -1.75290E-01
4.62416E+01 -1.78000E-01 -6.96310E-07 -1.77421E-01
4.63087E+01 -1.80000E-01 -7.01992E-07 -1.79400E-01
4.63758E+01 -1.82000E-01 -6.99842E-07 -1.81379E-01
4.64430E+01 -1.84000E-01 -7.01685E-07 -1.83358E-01
4.65101E+01 -1.86000E-01 -7.07214E-07 -1.85337E-01
4.65772E+01 -1.88000E-01 -7.04296E-07 -1.87316E-01
4.66443E+01 -1.90000E-01 -7.06907E-07 -1.89447E-01
4.67114E+01 -1.92000E-01 -7.12896E-07 -1.91426E-01
4.67785E+01 -1.94000E-01 -7.09211E-07 -1.93404E-01
4.68456E+01 -1.96000E-01 -7.12589E-07 -1.95383E-01
4.69128E+01 -1.98000E-01 -7.17657E-07 -1.97362E-01
