time/s      E/V        I/A
0.00000E+00 -1.50000E-01 5.01310E-07  -1.49413E-01
6.71141E-02 -1.48000E-01 5.09143E-07  -1.47586E-01
1.34228E-01 -1.46000E-01 5.14518E-07  -1.45455E-01
2.01342E-01 -1.44000E-01 5.19893E-07  -1.43628E-01
2.68456E-01 -1.42000E-01 5.24040E-07  -1.41649E-01
3.35570E-01 -1.40000E-01 5.28647E-07  -1.39518E-01
4.02685E-01 -1.38000E-01 5.33562E-07  -1.37539E-01
4.69799E-01 -1.36000E-01 5.37401E-07  -1.35561E-01
5.36913E-01 -1.34000E-01 5.41855E-07  -1.33582E-01
6.04027E-01 -1.32000E-01 5.46156E-07  -1.31603E-01
6.71141E-01 -1.30000E-01 5.49841E-07  -1.29624E-01
7.38255E-01 -1.28000E-01 5.53374E-07  -1.27493E-01
8.05369E-01 -1.26000E-01 5.57828E-07  -1.25514E-01
8.72483E-01 -1.24000E-01 5.61974E-07  -1.23687E-01
9.39597E-01 -1.22000E-01 5.65814E-07  -1.21556E-01
1.00671E+00 -1.20000E-01 5.69960E-07  -1.19577E-01
1.07383E+00 -1.18000E-01 5.73493E-07  -1.17598E-01
1.14094E+00 -1.16000E-01 5.77179E-07  -1.15620E-01
1.20805E+00 -1.14000E-01 5.81633E-07  -1.13641E-01
1.27517E+00 -1.12000E-01 5.84858E-07  -1.11510E-01
1.34228E+00 -1.10000E-01 5.88237E-07  -1.09531E-01
1.40940E+00 -1.08000E-01 5.92537E-07  -1.07552E-01
1.47651E+00 -1.06000E-01 5.95762E-07  -1.05421E-01
1.54362E+00 -1.04000E-01 5.99294E-07  -1.03594E-01
1.61074E+00 -1.02000E-01 6.03441E-07  -1.01615E-01
1.67785E+00 -1.00000E-01 6.06513E-07  -9.94842E-02
1.74497E+00 -9.80000E-02 6.10045E-07  -9.75053E-02
1.81208E+00 -9.60000E-02 6.14192E-07  -9.55264E-02
1.87919E+00 -9.40000E-02 6.17110E-07  -9.36998E-02
1.94631E+00 -9.20000E-02 6.20642E-07  -9.15687E-02
2.01342E+00 -9.00000E-02 6.24328E-07  -8.95898E-02
2.08054E+00 -8.80000E-02 6.27246E-07  -8.76109E-02
2.14765E+00 -8.60000E-02 6.30778E-07  -8.56321E-02
2.21477E+00 -8.40000E-02 6.34618E-07  -8.36532E-02
2.28188E+00 -8.20000E-02 6.37536E-07  -8.16743E-02
2.34899E+00 -8.00000E-02 6.40915E-07  -7.95432E-02
2.41611E+00 -7.80000E-02 6.44908E-07  -7.75643E-02
2.48322E+00 -7.60000E-02 6.47672E-07  -7.55855E-02
2.55034E+00 -7.40000E-02 6.51205E-07  -7.36066E-02
2.61745E+00 -7.20000E-02 6.55044E-07  -7.16277E-02
2.68456E+00 -7.00000E-02 6.57808E-07  -6.94966E-02
2.75168E+00 -6.80000E-02 6.61187E-07  -6.75178E-02
2.81879E+00 -6.60000E-02 6.64873E-07  -6.55389E-02
2.88591E+00 -6.40000E-02 6.67791E-07  -6.35600E-02
2.95302E+00 -6.20000E-02 6.71016E-07  -6.15811E-02
3.02013E+00 -6.00000E-02 6.74856E-07  -5.96023E-02
3.08725E+00 -5.80000E-02 6.77467E-07  -5.74712E-02
3.15436E+00 -5.60000E-02 6.80846E-07  -5.56445E-02
3.22148E+00 -5.40000E-02 6.84224E-07  -5.35134E-02
3.28859E+00 -5.20000E-02 6.87296E-07  -5.15346E-02
3.35570E+00 -5.00000E-02 6.90675E-07  -4.95557E-02
3.42282E+00 -4.80000E-02 6.93900E-07  -4.75768E-02
3.48993E+00 -4.60000E-02 6.97125E-07  -4.55979E-02
3.55705E+00 -4.40000E-02 7.00350E-07  -4.36191E-02
3.62416E+00 -4.20000E-02 7.03268E-07  -4.16402E-02
3.69128E+00 -4.00000E-02 7.06493E-07  -3.95091E-02
3.75839E+00 -3.80000E-02 7.09872E-07  -3.75302E-02
3.82550E+00 -3.60000E-02 7.12637E-07  -3.55514E-02
3.89262E+00 -3.40000E-02 7.16015E-07  -3.35725E-02
3.95973E+00 -3.20000E-02 7.19241E-07  -3.14414E-02
4.02685E+00 -3.00000E-02 7.22005E-07  -2.94625E-02
4.09396E+00 -2.80000E-02 7.25537E-07  -2.74836E-02
4.16107E+00 -2.60000E-02 7.28916E-07  -2.55048E-02
4.22819E+00 -2.40000E-02 7.31373E-07  -2.35259E-02
4.29530E+00 -2.20000E-02 7.35213E-07  -2.13948E-02
4.36242E+00 -2.00000E-02 7.38592E-07  -1.94159E-02
4.42953E+00 -1.80000E-02 7.40742E-07  -1.75893E-02
4.49664E+00 -1.60000E-02 7.44889E-07  -1.57626E-02
4.56376E+00 -1.40000E-02 7.48114E-07  -1.37838E-02
4.63087E+00 -1.20000E-02 7.50264E-07  -1.18049E-02
4.69799E+00 -1.00000E-02 7.54257E-07  -9.67379E-03
4.76510E+00 -8.00000E-03 7.57482E-07  -7.69492E-03
4.83221E+00 -6.00000E-03 7.59479E-07  -5.71605E-03
4.89933E+00 -4.00000E-03 7.63933E-07  -3.73718E-03
4.96644E+00 -2.00000E-03 7.67158E-07  -1.75830E-03
5.03356E+00 3.11708E-18  7.69154E-07  2.20568E-04 
5.10067E+00 2.00000E-03  7.73454E-07  2.35166E-03 
5.16779E+00 4.00000E-03  7.76526E-07  4.33053E-03 
5.23490E+00 6.00000E-03  7.78523E-07  6.30941E-03 
5.30201E+00 8.00000E-03  7.82362E-07  8.28828E-03 
5.36913E+00 1.00000E-02  7.85587E-07  1.04194E-02 
5.43624E+00 1.20000E-02  7.87891E-07  1.22460E-02 
5.50336E+00 1.40000E-02  7.91731E-07  1.42249E-02 
5.57047E+00 1.60000E-02  7.94802E-07  1.63560E-02 
5.63758E+00 1.80000E-02  7.97106E-07  1.83349E-02 
5.70470E+00 2.00000E-02  8.01253E-07  2.03137E-02 
5.77181E+00 2.20000E-02  8.04171E-07  2.22926E-02 
5.83893E+00 2.40000E-02  8.06628E-07  2.42715E-02 
5.90604E+00 2.60000E-02  8.10621E-07  2.62504E-02 
5.97315E+00 2.80000E-02  8.13385E-07  2.83814E-02 
6.04027E+00 3.00000E-02  8.15996E-07  3.03603E-02 
6.10738E+00 3.20000E-02  8.19836E-07  3.21870E-02 
6.17450E+00 3.40000E-02  8.22754E-07  3.43181E-02 
6.24161E+00 3.60000E-02  8.25365E-07  3.62969E-02 
6.30872E+00 3.80000E-02  8.29051E-07  3.82758E-02 
6.37584E+00 4.00000E-02  8.32122E-07  4.02547E-02 
6.44295E+00 4.20000E-02  8.34733E-07  4.23858E-02 
6.51007E+00 4.40000E-02  8.38419E-07  4.43646E-02 
6.57718E+00 4.60000E-02  8.41491E-07  4.63435E-02 
6.64430E+00 4.80000E-02  8.44255E-07  4.83224E-02 
6.71141E+00 5.00000E-02  8.47941E-07  5.04535E-02 
6.77852E+00 5.20000E-02  8.51013E-07  5.22801E-02 
6.84564E+00 5.40000E-02  8.53623E-07  5.44112E-02 
6.91275E+00 5.60000E-02  8.57156E-07  5.63901E-02 
6.97987E+00 5.80000E-02  8.60074E-07  5.83690E-02 
7.04698E+00 6.00000E-02  8.63145E-07  6.03478E-02 
7.11409E+00 6.20000E-02  8.66678E-07  6.23267E-02 
7.18121E+00 6.40000E-02  8.69442E-07  6.43056E-02 
7.24832E+00 6.60000E-02  8.72667E-07  6.62845E-02 
7.31544E+00 6.80000E-02  8.76046E-07  6.82633E-02 
7.38255E+00 7.00000E-02  8.78811E-07  7.02422E-02 
7.44966E+00 7.20000E-02  8.82189E-07  7.22211E-02 
7.51678E+00 7.40000E-02  8.85261E-07  7.43522E-02 
7.58389E+00 7.60000E-02  8.88640E-07  7.63310E-02 
7.65101E+00 7.80000E-02  8.91711E-07  7.83099E-02 
7.71812E+00 8.00000E-02  8.94629E-07  8.02888E-02 
7.78523E+00 8.20000E-02  8.98162E-07  8.24199E-02 
7.85235E+00 8.40000E-02  9.01387E-07  8.43988E-02 
7.91946E+00 8.60000E-02  9.05380E-07  8.63776E-02 
7.98658E+00 8.80000E-02  9.07684E-07  8.83565E-02 
8.05369E+00 9.00000E-02  9.11216E-07  9.03354E-02 
8.12081E+00 9.20000E-02  9.15056E-07  9.23142E-02 
8.18792E+00 9.40000E-02  9.17513E-07  9.44453E-02 
8.25503E+00 9.60000E-02  9.21045E-07  9.64242E-02 
8.32215E+00 9.80000E-02  9.25038E-07  9.84031E-02 
8.38926E+00 1.00000E-01  9.27188E-07  1.00382E-01 
8.45638E+00 1.02000E-01  9.30874E-07  1.02361E-01 
8.52349E+00 1.04000E-01  9.35021E-07  1.04492E-01 
8.59060E+00 1.06000E-01  9.37325E-07  1.06471E-01 
8.65772E+00 1.08000E-01  9.41011E-07  1.08450E-01 
8.72483E+00 1.10000E-01  9.45157E-07  1.10276E-01 
8.79195E+00 1.12000E-01  9.47461E-07  1.12407E-01 
8.85906E+00 1.14000E-01  9.50993E-07  1.14386E-01 
8.92617E+00 1.16000E-01  9.55601E-07  1.16365E-01 
8.99329E+00 1.18000E-01  9.57751E-07  1.18344E-01 
9.06040E+00 1.20000E-01  9.61283E-07  1.20475E-01 
9.12752E+00 1.22000E-01  9.66505E-07  1.22454E-01 
9.19463E+00 1.24000E-01  9.68041E-07  1.24433E-01 
9.26174E+00 1.26000E-01  9.71573E-07  1.26564E-01 
9.32886E+00 1.28000E-01  9.76795E-07  1.28391E-01 
9.39597E+00 1.30000E-01  9.78484E-07  1.30369E-01 
9.46309E+00 1.32000E-01  9.82631E-07  1.32348E-01 
9.53020E+00 1.34000E-01  9.87853E-07  1.34479E-01 
9.59732E+00 1.36000E-01  9.89542E-07  1.36458E-01 
9.66443E+00 1.38000E-01  9.93382E-07  1.38285E-01 
9.73154E+00 1.40000E-01  9.99064E-07  1.40112E-01 
9.79866E+00 1.42000E-01  1.00075E-06  1.42243E-01 
9.86577E+00 1.44000E-01  1.00413E-06  1.44222E-01 
9.93289E+00 1.46000E-01  1.01028E-06  1.46200E-01 
1.00000E+01 1.48000E-01  1.00659E-06  1.48179E-01 
1.00671E+01 1.50000E-01  1.01719E-06  1.50158E-01 
1.01342E+01 1.52000E-01  1.02164E-06  1.52137E-01 
1.02013E+01 1.54000E-01  1.02272E-06  1.54268E-01 
1.02685E+01 1.56000E-01  1.02609E-06  1.56247E-01 
1.03356E+01 1.58000E-01  1.03270E-06  1.58226E-01 
1.04027E+01 1.60000E-01  1.03347E-06  1.60205E-01 
1.04698E+01 1.62000E-01  1.03746E-06  1.62336E-01 
1.05369E+01 1.64000E-01  1.04498E-06  1.64315E-01 
1.06040E+01 1.66000E-01  1.04514E-06  1.66294E-01 
1.06711E+01 1.68000E-01  1.04913E-06  1.68273E-01 
1.07383E+01 1.70000E-01  1.05666E-06  1.70251E-01 
1.08054E+01 1.72000E-01  1.05620E-06  1.72230E-01 
1.08725E+01 1.74000E-01  1.06065E-06  1.74209E-01 
1.09396E+01 1.76000E-01  1.06818E-06  1.76340E-01 
1.10067E+01 1.78000E-01  1.06818E-06  1.78167E-01 
1.10738E+01 1.80000E-01  1.07232E-06  1.80298E-01 
1.11409E+01 1.82000E-01  1.08062E-06  1.82277E-01 
1.12081E+01 1.84000E-01  1.07954E-06  1.84256E-01 
1.12752E+01 1.86000E-01  1.08461E-06  1.86387E-01 
1.13423E+01 1.88000E-01  1.09275E-06  1.88213E-01 
1.14094E+01 1.90000E-01  1.09198E-06  1.90345E-01 
1.14765E+01 1.92000E-01  1.09628E-06  1.92323E-01 
1.15436E+01 1.94000E-01  1.10365E-06  1.94302E-01 
1.16107E+01 1.96000E-01  1.10335E-06  1.96281E-01 
1.16779E+01 1.98000E-01  1.10841E-06  1.98260E-01 
1.17450E+01 2.00000E-01  1.11548E-06  2.00239E-01 
1.18121E+01 2.02000E-01  1.11563E-06  2.02370E-01 
1.18792E+01 2.04000E-01  1.12131E-06  2.04349E-01 
1.19463E+01 2.06000E-01  1.12884E-06  2.06328E-01 
1.20134E+01 2.08000E-01  1.12715E-06  2.08307E-01 
1.20805E+01 2.10000E-01  1.13345E-06  2.10285E-01 
1.21477E+01 2.12000E-01  1.13805E-06  2.12264E-01 
1.22148E+01 2.14000E-01  1.14082E-06  2.14395E-01 
1.22819E+01 2.16000E-01  1.14497E-06  2.16222E-01 
1.23490E+01 2.18000E-01  1.14819E-06  2.18201E-01 
1.24161E+01 2.20000E-01  1.15311E-06  2.20332E-01 
1.24832E+01 2.22000E-01  1.15756E-06  2.22311E-01 
1.25503E+01 2.24000E-01  1.15956E-06  2.24290E-01 
1.26174E+01 2.26000E-01  1.16539E-06  2.26269E-01 
1.26846E+01 2.28000E-01  1.17000E-06  2.28248E-01 
1.27517E+01 2.30000E-01  1.17000E-06  2.30226E-01 
1.28188E+01 2.32000E-01  1.17737E-06  2.32205E-01 
1.28859E+01 2.34000E-01  1.18152E-06  2.34336E-01 
1.29530E+01 2.36000E-01  1.18014E-06  2.36315E-01 
1.30201E+01 2.38000E-01  1.18935E-06  2.38294E-01 
1.30872E+01 2.40000E-01  1.19258E-06  2.40425E-01 
1.31544E+01 2.42000E-01  1.19058E-06  2.42404E-01 
1.32215E+01 2.44000E-01  1.20041E-06  2.44383E-01 
1.32886E+01 2.46000E-01  1.20394E-06  2.46362E-01 
1.33557E+01 2.48000E-01  1.20179E-06  2.48341E-01 
1.34228E+01 2.50000E-01  1.21131E-06  2.50320E-01 
1.34899E+01 2.52000E-01  1.21592E-06  2.52298E-01 
1.35570E+01 2.54000E-01  1.21193E-06  2.54430E-01 
1.36242E+01 2.56000E-01  1.22252E-06  2.56256E-01 
1.36913E+01 2.58000E-01  1.22606E-06  2.58235E-01 
1.37584E+01 2.60000E-01  1.22176E-06  2.60366E-01 
1.38255E+01 2.62000E-01  1.23389E-06  2.62345E-01 
1.38926E+01 2.64000E-01  1.23573E-06  2.64324E-01 
1.39597E+01 2.66000E-01  1.23235E-06  2.66303E-01 
1.40268E+01 2.68000E-01  1.24356E-06  2.68282E-01 
1.40940E+01 2.70000E-01  1.24679E-06  2.70261E-01 
1.41611E+01 2.72000E-01  1.24218E-06  2.72392E-01 
1.42282E+01 2.74000E-01  1.25339E-06  2.74371E-01 
1.42953E+01 2.76000E-01  1.25646E-06  2.76349E-01 
1.43624E+01 2.78000E-01  1.25170E-06  2.78328E-01 
1.44295E+01 2.80000E-01  1.26245E-06  2.80307E-01 
1.44966E+01 2.82000E-01  1.26476E-06  2.82438E-01 
1.45638E+01 2.84000E-01  1.26123E-06  2.84265E-01 
1.46309E+01 2.86000E-01  1.27182E-06  2.86244E-01 
1.46980E+01 2.88000E-01  1.27382E-06  2.88223E-01 
1.47651E+01 2.90000E-01  1.27136E-06  2.90354E-01 
1.48322E+01 2.92000E-01  1.27950E-06  2.92333E-01 
1.48993E+01 2.94000E-01  1.28288E-06  2.94311E-01 
1.49664E+01 2.96000E-01  1.28027E-06  2.96290E-01 
1.50336E+01 2.98000E-01  1.28826E-06  2.98269E-01 
1.51007E+01 3.00000E-01  1.29179E-06  3.00248E-01 
1.51678E+01 3.02000E-01  1.28810E-06  3.02227E-01 
1.52349E+01 3.04000E-01  1.29578E-06  3.04206E-01 
1.53020E+01 3.06000E-01  1.29732E-06  3.06185E-01 
1.53691E+01 3.08000E-01  1.29670E-06  3.08164E-01 
1.54362E+01 3.10000E-01  1.30315E-06  3.10295E-01 
1.55034E+01 3.12000E-01  1.30438E-06  3.12274E-01 
1.55705E+01 3.14000E-01  1.30469E-06  3.14252E-01 
1.56376E+01 3.16000E-01  1.30991E-06  3.16231E-01 
1.57047E+01 3.18000E-01  1.31145E-06  3.18362E-01 
1.57718E+01 3.20000E-01  1.31160E-06  3.20341E-01 
1.58389E+01 3.22000E-01  1.31636E-06  3.22320E-01 
1.59060E+01 3.24000E-01  1.31759E-06  3.24299E-01 
1.59732E+01 3.26000E-01  1.31851E-06  3.26278E-01 
1.60403E+01 3.28000E-01  1.32250E-06  3.28257E-01 
1.61074E+01 3.30000E-01  1.32327E-06  3.30388E-01 
1.61745E+01 3.32000E-01  1.32481E-06  3.32367E-01 
1.62416E+01 3.34000E-01  1.32834E-06  3.34346E-01 
1.63087E+01 3.36000E-01  1.32895E-06  3.36324E-01 
1.63758E+01 3.38000E-01  1.33049E-06  3.38303E-01 
1.64430E+01 3.40000E-01  1.33356E-06  3.40282E-01 
1.65101E+01 3.42000E-01  1.33433E-06  3.42413E-01 
1.65772E+01 3.44000E-01  1.33602E-06  3.44240E-01 
1.66443E+01 3.46000E-01  1.33909E-06  3.46371E-01 
1.67114E+01 3.48000E-01  1.33955E-06  3.48350E-01 
1.67785E+01 3.50000E-01  1.34109E-06  3.50329E-01 
1.68456E+01 3.52000E-01  1.34370E-06  3.52308E-01 
1.69128E+01 3.54000E-01  1.34416E-06  3.54287E-01 
1.69799E+01 3.56000E-01  1.34539E-06  3.56418E-01 
1.70470E+01 3.58000E-01  1.34785E-06  3.58396E-01 
1.71141E+01 3.60000E-01  1.34877E-06  3.60375E-01 
1.71812E+01 3.62000E-01  1.35015E-06  3.62354E-01 
1.72483E+01 3.64000E-01  1.35353E-06  3.64333E-01 
1.73154E+01 3.66000E-01  1.35337E-06  3.66312E-01 
1.73826E+01 3.68000E-01  1.35430E-06  3.68291E-01 
1.74497E+01 3.70000E-01  1.35737E-06  3.70422E-01 
1.75168E+01 3.72000E-01  1.35706E-06  3.72249E-01 
1.75839E+01 3.74000E-01  1.35814E-06  3.74227E-01 
1.76510E+01 3.76000E-01  1.36105E-06  3.76359E-01 
1.77181E+01 3.78000E-01  1.36059E-06  3.78337E-01 
1.77852E+01 3.80000E-01  1.36197E-06  3.80316E-01 
1.78523E+01 3.82000E-01  1.36459E-06  3.82295E-01 
1.79195E+01 3.84000E-01  1.36443E-06  3.84274E-01 
1.79866E+01 3.86000E-01  1.36566E-06  3.86253E-01 
1.80537E+01 3.88000E-01  1.36827E-06  3.88232E-01 
1.81208E+01 3.90000E-01  1.36873E-06  3.90363E-01 
1.81879E+01 3.92000E-01  1.36981E-06  3.92342E-01 
1.82550E+01 3.94000E-01  1.37226E-06  3.94321E-01 
1.83221E+01 3.96000E-01  1.37226E-06  3.96452E-01 
1.83893E+01 3.98000E-01  1.37395E-06  3.98431E-01 
1.84564E+01 4.00000E-01  1.37672E-06  4.00409E-01 
1.85235E+01 4.02000E-01  1.37672E-06  4.02388E-01 
1.85906E+01 4.04000E-01  1.37841E-06  4.04367E-01 
1.86577E+01 4.06000E-01  1.38102E-06  4.06346E-01 
1.87248E+01 4.08000E-01  1.38148E-06  4.08325E-01 
1.87919E+01 4.10000E-01  1.38317E-06  4.10456E-01 
1.88591E+01 4.12000E-01  1.38593E-06  4.12283E-01 
1.89262E+01 4.14000E-01  1.38655E-06  4.14414E-01 
1.89933E+01 4.16000E-01  1.38839E-06  4.16393E-01 
1.90604E+01 4.18000E-01  1.39115E-06  4.18372E-01 
1.91275E+01 4.20000E-01  1.39177E-06  4.20350E-01 
1.91946E+01 4.22000E-01  1.39361E-06  4.22329E-01 
1.92617E+01 4.24000E-01  1.39668E-06  4.24308E-01 
1.93289E+01 4.26000E-01  1.39730E-06  4.26439E-01 
1.93960E+01 4.28000E-01  1.39929E-06  4.28418E-01 
1.94631E+01 4.30000E-01  1.40237E-06  4.30397E-01 
1.95302E+01 4.32000E-01  1.40329E-06  4.32376E-01 
1.95973E+01 4.34000E-01  1.40544E-06  4.34355E-01 
1.96644E+01 4.36000E-01  1.40820E-06  4.36486E-01 
1.97315E+01 4.38000E-01  1.40912E-06  4.38465E-01 
1.97987E+01 4.40000E-01  1.41158E-06  4.40444E-01 
1.98658E+01 4.42000E-01  1.41450E-06  4.42422E-01 
1.99329E+01 4.44000E-01  1.41573E-06  4.44401E-01 
2.00000E+01 4.46000E-01  1.41803E-06  4.46380E-01 
2.00671E+01 4.48000E-01  1.42095E-06  4.48359E-01 
2.01342E+01 4.50000E-01  1.42233E-06  4.50186E-01 
2.02013E+01 4.52000E-01  1.42479E-06  4.52165E-01 
2.02685E+01 4.54000E-01  1.42801E-06  4.54143E-01 
2.03356E+01 4.56000E-01  1.42955E-06  4.56122E-01 
2.04027E+01 4.58000E-01  1.43201E-06  4.58253E-01 
2.04698E+01 4.60000E-01  1.43508E-06  4.60080E-01 
2.05369E+01 4.62000E-01  1.43692E-06  4.62211E-01 
2.06040E+01 4.64000E-01  1.43923E-06  4.64190E-01 
2.06711E+01 4.66000E-01  1.44230E-06  4.66169E-01 
2.07383E+01 4.68000E-01  1.44414E-06  4.68148E-01 
2.08054E+01 4.70000E-01  1.44675E-06  4.70279E-01 
2.08725E+01 4.72000E-01  1.44982E-06  4.72258E-01 
2.09396E+01 4.74000E-01  1.45182E-06  4.74237E-01 
2.10067E+01 4.76000E-01  1.45458E-06  4.76368E-01 
2.10738E+01 4.78000E-01  1.45766E-06  4.78347E-01 
2.11409E+01 4.80000E-01  1.45965E-06  4.80173E-01 
2.12081E+01 4.82000E-01  1.46242E-06  4.82304E-01 
2.12752E+01 4.84000E-01  1.46549E-06  4.84283E-01 
2.13423E+01 4.86000E-01  1.46779E-06  4.86262E-01 
2.14094E+01 4.88000E-01  1.47056E-06  4.88241E-01 
2.14765E+01 4.90000E-01  1.47363E-06  4.90220E-01 
2.15436E+01 4.92000E-01  1.47593E-06  4.92199E-01 
2.16107E+01 4.94000E-01  1.47870E-06  4.94330E-01 
2.16779E+01 4.96000E-01  1.48161E-06  4.96309E-01 
2.17450E+01 4.98000E-01  1.48422E-06  4.98288E-01 
2.18121E+01 5.00000E-01  1.48699E-06  5.00266E-01 
2.18792E+01 5.02000E-01  1.48991E-06  5.02245E-01 
2.19463E+01 5.04000E-01  1.49282E-06  5.04224E-01 
2.20134E+01 5.06000E-01  1.49574E-06  5.06203E-01 
2.20805E+01 5.08000E-01  1.49851E-06  5.08334E-01 
2.21477E+01 5.10000E-01  1.50143E-06  5.10313E-01 
2.22148E+01 5.12000E-01  1.50434E-06  5.12292E-01 
2.22819E+01 5.14000E-01  1.50680E-06  5.14271E-01 
2.23490E+01 5.16000E-01  1.51049E-06  5.16250E-01 
2.24161E+01 5.18000E-01  1.51325E-06  5.18381E-01 
2.24832E+01 5.20000E-01  1.51571E-06  5.20360E-01 
2.25503E+01 5.22000E-01  1.51909E-06  5.22338E-01 
2.26174E+01 5.24000E-01  1.52216E-06  5.24317E-01 
2.26846E+01 5.26000E-01  1.52446E-06  5.26448E-01 
2.27517E+01 5.28000E-01  1.52830E-06  5.28275E-01 
2.28188E+01 5.30000E-01  1.53137E-06  5.30254E-01 
2.28859E+01 5.32000E-01  1.53352E-06  5.32233E-01 
2.29530E+01 5.34000E-01  1.53752E-06  5.34212E-01 
2.30201E+01 5.36000E-01  1.54059E-06  5.36343E-01 
2.30872E+01 5.38000E-01  1.54259E-06  5.38322E-01 
2.31544E+01 5.40000E-01  1.54689E-06  5.40148E-01 
2.32215E+01 5.42000E-01  1.54996E-06  5.42279E-01 
2.32886E+01 5.44000E-01  1.55211E-06  5.44258E-01 
2.33557E+01 5.46000E-01  1.55641E-06  5.46237E-01 
2.34228E+01 5.48000E-01  1.55948E-06  5.48216E-01 
2.34899E+01 5.50000E-01  1.56163E-06  5.50347E-01 
2.35570E+01 5.52000E-01  1.56593E-06  5.52326E-01 
2.36242E+01 5.54000E-01  1.56915E-06  5.54305E-01 
2.36913E+01 5.56000E-01  1.57115E-06  5.56436E-01 
2.37584E+01 5.58000E-01  1.57576E-06  5.58263E-01 
2.38255E+01 5.60000E-01  1.57898E-06  5.60394E-01 
2.38926E+01 5.62000E-01  1.58113E-06  5.62373E-01 
2.39597E+01 5.64000E-01  1.58559E-06  5.64351E-01 
2.40268E+01 5.66000E-01  1.58897E-06  5.66330E-01 
2.40940E+01 5.68000E-01  1.59142E-06  5.68309E-01 
2.41611E+01 5.70000E-01  1.59572E-06  5.70288E-01 
2.42282E+01 5.72000E-01  1.59910E-06  5.72419E-01 
2.42953E+01 5.74000E-01  1.60171E-06  5.74398E-01 
2.43624E+01 5.76000E-01  1.60601E-06  5.76377E-01 
2.44295E+01 5.78000E-01  1.60939E-06  5.78204E-01 
2.44966E+01 5.80000E-01  1.61216E-06  5.80335E-01 
2.45638E+01 5.82000E-01  1.61646E-06  5.82314E-01 
2.46309E+01 5.84000E-01  1.61999E-06  5.84292E-01 
2.46980E+01 5.86000E-01  1.62291E-06  5.86423E-01 
2.47651E+01 5.88000E-01  1.62736E-06  5.88402E-01 
2.48322E+01 5.90000E-01  1.63074E-06  5.90381E-01 
2.48993E+01 5.92000E-01  1.63381E-06  5.92360E-01 
2.49664E+01 5.94000E-01  1.63827E-06  5.94339E-01 
2.50336E+01 5.96000E-01  1.64180E-06  5.96318E-01 
2.51007E+01 5.98000E-01  1.64502E-06  5.98297E-01 
2.51678E+01 6.00000E-01  1.64932E-06  6.00276E-01 
2.52349E+01 5.98000E-01  1.63734E-06  5.98449E-01 
2.53020E+01 5.96000E-01  1.62982E-06  5.96470E-01 
2.53691E+01 5.94000E-01  1.62352E-06  5.94643E-01 
2.54362E+01 5.92000E-01  1.61707E-06  5.92512E-01 
2.55034E+01 5.90000E-01  1.61108E-06  5.90533E-01 
2.55705E+01 5.88000E-01  1.60571E-06  5.88555E-01 
2.56376E+01 5.86000E-01  1.60002E-06  5.86576E-01 
2.57047E+01 5.84000E-01  1.59480E-06  5.84445E-01 
2.57718E+01 5.82000E-01  1.58989E-06  5.82466E-01 
2.58389E+01 5.80000E-01  1.58467E-06  5.80487E-01 
2.59060E+01 5.78000E-01  1.57975E-06  5.78356E-01 
2.59732E+01 5.76000E-01  1.57514E-06  5.76529E-01 
2.60403E+01 5.74000E-01  1.57008E-06  5.74550E-01 
2.61074E+01 5.72000E-01  1.56562E-06  5.72419E-01 
2.61745E+01 5.70000E-01  1.56117E-06  5.70440E-01 
2.62416E+01 5.68000E-01  1.55641E-06  5.68461E-01 
2.63087E+01 5.66000E-01  1.55226E-06  5.66483E-01 
2.63758E+01 5.64000E-01  1.54796E-06  5.64504E-01 
2.64430E+01 5.62000E-01  1.54335E-06  5.62525E-01 
2.65101E+01 5.60000E-01  1.53921E-06  5.60394E-01 
2.65772E+01 5.58000E-01  1.53521E-06  5.58415E-01 
2.66443E+01 5.56000E-01  1.53076E-06  5.56588E-01 
2.67114E+01 5.54000E-01  1.52692E-06  5.54457E-01 
2.67785E+01 5.52000E-01  1.52308E-06  5.52478E-01 
2.68456E+01 5.50000E-01  1.51878E-06  5.50499E-01 
2.69128E+01 5.48000E-01  1.51479E-06  5.48368E-01 
2.69799E+01 5.46000E-01  1.51125E-06  5.46542E-01 
2.70470E+01 5.44000E-01  1.50695E-06  5.44411E-01 
2.71141E+01 5.42000E-01  1.50296E-06  5.42432E-01 
2.71812E+01 5.40000E-01  1.49943E-06  5.40453E-01 
2.72483E+01 5.38000E-01  1.49544E-06  5.38322E-01 
2.73154E+01 5.36000E-01  1.49160E-06  5.36495E-01 
2.73826E+01 5.34000E-01  1.48822E-06  5.34516E-01 
2.74497E+01 5.32000E-01  1.48407E-06  5.32385E-01 
2.75168E+01 5.30000E-01  1.48038E-06  5.30406E-01 
2.75839E+01 5.28000E-01  1.47701E-06  5.28427E-01 
2.76510E+01 5.26000E-01  1.47301E-06  5.26448E-01 
2.77181E+01 5.24000E-01  1.46902E-06  5.24470E-01 
2.77852E+01 5.22000E-01  1.46595E-06  5.22491E-01 
2.78523E+01 5.20000E-01  1.46180E-06  5.20512E-01 
2.79195E+01 5.18000E-01  1.45827E-06  5.18533E-01 
2.79866E+01 5.16000E-01  1.45520E-06  5.16554E-01 
2.80537E+01 5.14000E-01  1.45028E-06  5.14423E-01 
2.81208E+01 5.12000E-01  1.44767E-06  5.12444E-01 
2.81879E+01 5.10000E-01  1.44460E-06  5.10465E-01 
2.82550E+01 5.08000E-01  1.44045E-06  5.08486E-01 
2.83221E+01 5.06000E-01  1.43708E-06  5.06507E-01 
2.83893E+01 5.04000E-01  1.43539E-06  5.04376E-01 
2.84564E+01 5.02000E-01  1.42970E-06  5.02398E-01 
2.85235E+01 5.00000E-01  1.42632E-06  5.00419E-01 
2.85906E+01 4.98000E-01  1.42341E-06  4.98440E-01 
2.86577E+01 4.96000E-01  1.41941E-06  4.96461E-01 
2.87248E+01 4.94000E-01  1.41603E-06  4.94330E-01 
2.87919E+01 4.92000E-01  1.41312E-06  4.92351E-01 
2.88591E+01 4.90000E-01  1.40912E-06  4.90372E-01 
2.89262E+01 4.88000E-01  1.40574E-06  4.88393E-01 
2.89933E+01 4.86000E-01  1.40313E-06  4.86414E-01 
2.90604E+01 4.84000E-01  1.39899E-06  4.84435E-01 
2.91275E+01 4.82000E-01  1.39576E-06  4.82457E-01 
2.91946E+01 4.80000E-01  1.39284E-06  4.80325E-01 
2.92617E+01 4.78000E-01  1.38885E-06  4.78499E-01 
2.93289E+01 4.76000E-01  1.38532E-06  4.76368E-01 
2.93960E+01 4.74000E-01  1.38255E-06  4.74389E-01 
2.94631E+01 4.72000E-01  1.37871E-06  4.72410E-01 
2.95302E+01 4.70000E-01  1.37534E-06  4.70431E-01 
2.95973E+01 4.68000E-01  1.37257E-06  4.68300E-01 
2.96644E+01 4.66000E-01  1.36858E-06  4.66321E-01 
2.97315E+01 4.64000E-01  1.36520E-06  4.64342E-01 
2.97987E+01 4.62000E-01  1.36244E-06  4.62363E-01 
2.98658E+01 4.60000E-01  1.35844E-06  4.60232E-01 
2.99329E+01 4.58000E-01  1.35506E-06  4.58406E-01 
3.00000E+01 4.56000E-01  1.35230E-06  4.56427E-01 
3.00671E+01 4.54000E-01  1.34831E-06  4.54448E-01 
3.01342E+01 4.52000E-01  1.34477E-06  4.52317E-01 
3.02013E+01 4.50000E-01  1.34216E-06  4.50338E-01 
3.02685E+01 4.48000E-01  1.33817E-06  4.48664E-01 
3.03356E+01 4.46000E-01  1.33494E-06  4.46532E-01 
3.04027E+01 4.44000E-01  1.33203E-06  4.44554E-01 
3.04698E+01 4.42000E-01  1.32819E-06  4.42575E-01 
3.05369E+01 4.40000E-01  1.32496E-06  4.40596E-01 
3.06040E+01 4.38000E-01  1.32189E-06  4.38617E-01 
3.06711E+01 4.36000E-01  1.31820E-06  4.36638E-01 
3.07383E+01 4.34000E-01  1.31513E-06  4.34659E-01 
3.08054E+01 4.32000E-01  1.31160E-06  4.32528E-01 
3.08725E+01 4.30000E-01  1.30791E-06  4.30549E-01 
3.09396E+01 4.28000E-01  1.30454E-06  4.28570E-01 
3.10067E+01 4.26000E-01  1.30116E-06  4.26591E-01 
3.10738E+01 4.24000E-01  1.29778E-06  4.24460E-01 
3.11409E+01 4.22000E-01  1.29440E-06  4.22482E-01 
3.12081E+01 4.20000E-01  1.29056E-06  4.20503E-01 
3.12752E+01 4.18000E-01  1.28749E-06  4.18524E-01 
3.13423E+01 4.16000E-01  1.28426E-06  4.16545E-01 
3.14094E+01 4.14000E-01  1.27996E-06  4.14566E-01 
3.14765E+01 4.12000E-01  1.27735E-06  4.12435E-01 
3.15436E+01 4.10000E-01  1.27382E-06  4.10608E-01 
3.16107E+01 4.08000E-01  1.26921E-06  4.08477E-01 
3.16779E+01 4.06000E-01  1.26660E-06  4.06498E-01 
3.17450E+01 4.04000E-01  1.26353E-06  4.04519E-01 
3.18121E+01 4.02000E-01  1.25846E-06  4.02388E-01 
3.18792E+01 4.00000E-01  1.25631E-06  4.00562E-01 
3.19463E+01 3.98000E-01  1.25309E-06  3.98583E-01 
3.20134E+01 3.96000E-01  1.24786E-06  3.96604E-01 
3.20805E+01 3.94000E-01  1.24602E-06  3.94625E-01 
3.21477E+01 3.92000E-01  1.24264E-06  3.92646E-01 
3.22148E+01 3.90000E-01  1.23742E-06  3.90515E-01 
3.22819E+01 3.88000E-01  1.23512E-06  3.88536E-01 
3.23490E+01 3.86000E-01  1.23189E-06  3.86557E-01 
3.24161E+01 3.84000E-01  1.22560E-06  3.84578E-01 
3.24832E+01 3.82000E-01  1.22452E-06  3.82447E-01 
3.25503E+01 3.80000E-01  1.22114E-06  3.80621E-01 
3.26174E+01 3.78000E-01  1.21469E-06  3.78642E-01 
3.26846E+01 3.76000E-01  1.21408E-06  3.76511E-01 
3.27517E+01 3.74000E-01  1.21100E-06  3.74532E-01 
3.28188E+01 3.72000E-01  1.20348E-06  3.72553E-01 
3.28859E+01 3.70000E-01  1.20317E-06  3.70574E-01 
3.29530E+01 3.68000E-01  1.19933E-06  3.68595E-01 
3.30201E+01 3.66000E-01  1.19211E-06  3.66616E-01 
3.30872E+01 3.64000E-01  1.19211E-06  3.64638E-01 
3.31544E+01 3.62000E-01  1.18797E-06  3.62506E-01 
3.32215E+01 3.60000E-01  1.18106E-06  3.60680E-01 
3.32886E+01 3.58000E-01  1.18075E-06  3.58701E-01 
3.33557E+01 3.56000E-01  1.17660E-06  3.56570E-01 
3.34228E+01 3.54000E-01  1.17031E-06  3.54591E-01 
3.34899E+01 3.52000E-01  1.16969E-06  3.52612E-01 
3.35570E+01 3.50000E-01  1.16555E-06  3.50633E-01 
3.36242E+01 3.48000E-01  1.15863E-06  3.48502E-01 
3.36913E+01 3.46000E-01  1.15848E-06  3.46523E-01 
3.37584E+01 3.44000E-01  1.15387E-06  3.44544E-01 
3.38255E+01 3.42000E-01  1.14712E-06  3.42566E-01 
3.38926E+01 3.40000E-01  1.14635E-06  3.40587E-01 
3.39597E+01 3.38000E-01  1.14189E-06  3.38608E-01 
3.40268E+01 3.36000E-01  1.13590E-06  3.36629E-01 
3.40940E+01 3.34000E-01  1.13498E-06  3.34498E-01 
3.41611E+01 3.32000E-01  1.13007E-06  3.32519E-01 
3.42282E+01 3.30000E-01  1.12454E-06  3.30540E-01 
3.42953E+01 3.28000E-01  1.12331E-06  3.28561E-01 
3.43624E+01 3.26000E-01  1.11855E-06  3.26582E-01 
3.44295E+01 3.24000E-01  1.11348E-06  3.24451E-01 
3.44966E+01 3.22000E-01  1.11195E-06  3.22625E-01 
3.45638E+01 3.20000E-01  1.10626E-06  3.20646E-01 
3.46309E+01 3.18000E-01  1.10150E-06  3.18515E-01 
3.46980E+01 3.16000E-01  1.09981E-06  3.16536E-01 
3.47651E+01 3.14000E-01  1.09413E-06  3.14557E-01 
3.48322E+01 3.12000E-01  1.09014E-06  3.12426E-01 
3.48993E+01 3.10000E-01  1.08845E-06  3.10447E-01 
3.49664E+01 3.08000E-01  1.08246E-06  3.08468E-01 
3.50336E+01 3.06000E-01  1.07862E-06  3.06489E-01 
3.51007E+01 3.04000E-01  1.07662E-06  3.04510E-01 
3.51678E+01 3.02000E-01  1.07109E-06  3.02531E-01 
3.52349E+01 3.00000E-01  1.06710E-06  3.00400E-01 
3.53020E+01 2.98000E-01  1.06418E-06  2.98421E-01 
3.53691E+01 2.96000E-01  1.05881E-06  2.96443E-01 
3.54362E+01 2.94000E-01  1.05497E-06  2.94464E-01 
3.55034E+01 2.92000E-01  1.05297E-06  2.92485E-01 
3.55705E+01 2.90000E-01  1.04683E-06  2.90506E-01 
3.56376E+01 2.88000E-01  1.04283E-06  2.88527E-01 
3.57047E+01 2.86000E-01  1.04130E-06  2.86548E-01 
3.57718E+01 2.84000E-01  1.03531E-06  2.84569E-01 
3.58389E+01 2.82000E-01  1.03116E-06  2.82590E-01 
3.59060E+01 2.80000E-01  1.02932E-06  2.80612E-01 
3.59732E+01 2.78000E-01  1.02379E-06  2.78480E-01 
3.60403E+01 2.76000E-01  1.01949E-06  2.76502E-01 
3.61074E+01 2.74000E-01  1.01934E-06  2.74523E-01 
3.61745E+01 2.72000E-01  1.01135E-06  2.72392E-01 
3.62416E+01 2.70000E-01  1.00782E-06  2.70413E-01 
3.63087E+01 2.68000E-01  1.00782E-06  2.68434E-01 
3.63758E+01 2.66000E-01  1.00075E-06  2.66455E-01 
3.64430E+01 2.64000E-01  9.96914E-07  2.64476E-01 
3.65101E+01 2.62000E-01  9.97989E-07  2.62497E-01 
3.65772E+01 2.60000E-01  9.89696E-07  2.60518E-01 
3.66443E+01 2.58000E-01  9.86010E-07  2.58387E-01 
3.67114E+01 2.56000E-01  9.88006E-07  2.56408E-01 
3.67785E+01 2.54000E-01  9.79099E-07  2.54430E-01 
3.68456E+01 2.52000E-01  9.74952E-07  2.52451E-01 
3.69128E+01 2.50000E-01  9.77870E-07  2.50472E-01 
3.69799E+01 2.48000E-01  9.68194E-07  2.48341E-01 
3.70470E+01 2.46000E-01  9.65584E-07  2.46362E-01 
3.71141E+01 2.44000E-01  9.67273E-07  2.44383E-01 
3.71812E+01 2.42000E-01  9.58519E-07  2.42404E-01 
3.72483E+01 2.40000E-01  9.55447E-07  2.40425E-01 
3.73154E+01 2.38000E-01  9.56676E-07  2.38446E-01 
3.73826E+01 2.36000E-01  9.48997E-07  2.36315E-01 
3.74497E+01 2.34000E-01  9.47461E-07  2.34336E-01 
3.75168E+01 2.32000E-01  9.49304E-07  2.32358E-01 
3.75839E+01 2.30000E-01  9.39475E-07  2.30379E-01 
3.76510E+01 2.28000E-01  9.36403E-07  2.28400E-01 
3.77181E+01 2.26000E-01  9.40550E-07  2.26421E-01 
3.77852E+01 2.24000E-01  9.30567E-07  2.24442E-01 
3.78523E+01 2.22000E-01  9.27803E-07  2.22463E-01 
3.79195E+01 2.20000E-01  9.35328E-07  2.20332E-01 
3.79866E+01 2.18000E-01  9.22888E-07  2.18353E-01 
3.80537E+01 2.16000E-01  9.20738E-07  2.16374E-01 
3.81208E+01 2.14000E-01  9.24117E-07  2.14395E-01 
3.81879E+01 2.12000E-01  9.15670E-07  2.12417E-01 
3.82550E+01 2.10000E-01  9.12445E-07  2.10438E-01 
3.83221E+01 2.08000E-01  9.18127E-07  2.08459E-01 
3.83893E+01 2.06000E-01  9.07223E-07  2.06480E-01 
3.84564E+01 2.04000E-01  9.04612E-07  2.04501E-01 
3.85235E+01 2.02000E-01  9.10602E-07  2.02522E-01 
3.85906E+01 2.00000E-01  8.99851E-07  2.00391E-01 
3.86577E+01 1.98000E-01  8.97240E-07  1.98412E-01 
3.87248E+01 1.96000E-01  9.02155E-07  1.96433E-01 
3.87919E+01 1.94000E-01  8.93862E-07  1.94455E-01 
3.88591E+01 1.92000E-01  8.91251E-07  1.92323E-01 
3.89262E+01 1.90000E-01  8.95551E-07  1.90345E-01 
3.89933E+01 1.88000E-01  8.88640E-07  1.88366E-01 
3.90604E+01 1.86000E-01  8.85415E-07  1.86387E-01 
3.91275E+01 1.84000E-01  8.89408E-07  1.84408E-01 
3.91946E+01 1.82000E-01  8.79886E-07  1.82429E-01 
3.92617E+01 1.80000E-01  8.79425E-07  1.80298E-01 
3.93289E+01 1.78000E-01  8.82650E-07  1.78319E-01 
3.93960E+01 1.76000E-01  8.74510E-07  1.76492E-01 
3.94631E+01 1.74000E-01  8.73435E-07  1.74514E-01 
3.95302E+01 1.72000E-01  8.74818E-07  1.72382E-01 
3.95973E+01 1.70000E-01  8.69442E-07  1.70404E-01 
3.96644E+01 1.68000E-01  8.67753E-07  1.68273E-01 
3.97315E+01 1.66000E-01  8.69289E-07  1.66446E-01 
3.97987E+01 1.64000E-01  8.63606E-07  1.64467E-01 
3.98658E+01 1.62000E-01  8.63453E-07  1.62336E-01 
3.99329E+01 1.60000E-01  8.63145E-07  1.60357E-01 
4.00000E+01 1.58000E-01  8.58845E-07  1.58378E-01 
4.00671E+01 1.56000E-01  8.57617E-07  1.56399E-01 
4.01342E+01 1.54000E-01  8.56695E-07  1.54268E-01 
4.02013E+01 1.52000E-01  8.53931E-07  1.52289E-01 
4.02685E+01 1.50000E-01  8.52548E-07  1.50310E-01 
4.03356E+01 1.48000E-01  8.50705E-07  1.48332E-01 
4.04027E+01 1.46000E-01  8.49170E-07  1.46353E-01 
4.04698E+01 1.44000E-01  8.47787E-07  1.44374E-01 
4.05369E+01 1.42000E-01  8.44101E-07  1.42395E-01 
4.06040E+01 1.40000E-01  8.44101E-07  1.40264E-01 
4.06711E+01 1.38000E-01  8.42873E-07  1.38437E-01 
4.07383E+01 1.36000E-01  8.37190E-07  1.36611E-01 
4.08054E+01 1.34000E-01  8.39648E-07  1.34632E-01 
4.08725E+01 1.32000E-01  8.37805E-07  1.32501E-01 
4.09396E+01 1.30000E-01  8.32276E-07  1.30522E-01 
4.10067E+01 1.28000E-01  8.34733E-07  1.28543E-01 
4.10738E+01 1.26000E-01  8.33197E-07  1.26564E-01 
4.11409E+01 1.24000E-01  8.27208E-07  1.24585E-01 
4.12081E+01 1.22000E-01  8.29511E-07  1.22606E-01 
4.12752E+01 1.20000E-01  8.27822E-07  1.20475E-01 
4.13423E+01 1.18000E-01  8.21372E-07  1.18496E-01 
4.14094E+01 1.16000E-01  8.24443E-07  1.16517E-01 
4.14765E+01 1.14000E-01  8.22600E-07  1.14539E-01 
4.15436E+01 1.12000E-01  8.16303E-07  1.12407E-01 
4.16107E+01 1.10000E-01  8.19068E-07  1.10429E-01 
4.16779E+01 1.08000E-01  8.17071E-07  1.08602E-01 
4.17450E+01 1.06000E-01  8.11696E-07  1.06471E-01 
4.18121E+01 1.04000E-01  8.13539E-07  1.04492E-01 
4.18792E+01 1.02000E-01  8.11542E-07  1.02513E-01 
4.19463E+01 1.00000E-01  8.06167E-07  1.00534E-01 
4.20134E+01 9.80000E-02  8.08317E-07  9.85553E-02 
4.20805E+01 9.60000E-02  8.06014E-07  9.65764E-02 
4.21477E+01 9.40000E-02  8.00638E-07  9.44453E-02 
4.22148E+01 9.20000E-02  8.02635E-07  9.24665E-02 
4.22819E+01 9.00000E-02  8.00177E-07  9.04876E-02 
4.23490E+01 8.80000E-02  7.95263E-07  8.85087E-02 
4.24161E+01 8.60000E-02  7.96184E-07  8.65299E-02 
4.24832E+01 8.40000E-02  7.94034E-07  8.45510E-02 
4.25503E+01 8.20000E-02  7.89888E-07  8.25721E-02 
4.26174E+01 8.00000E-02  7.90195E-07  8.04410E-02 
4.26846E+01 7.80000E-02  7.88352E-07  7.84621E-02 
4.27517E+01 7.60000E-02  7.84052E-07  7.64833E-02 
4.28188E+01 7.40000E-02  7.84666E-07  7.45044E-02 
4.28859E+01 7.20000E-02  7.82209E-07  7.23733E-02 
4.29530E+01 7.00000E-02  7.78369E-07  7.03944E-02 
4.30201E+01 6.80000E-02  7.78215E-07  6.85678E-02 
4.30872E+01 6.60000E-02  7.75758E-07  6.64367E-02 
4.31544E+01 6.40000E-02  7.72226E-07  6.44578E-02 
4.32215E+01 6.20000E-02  7.72072E-07  6.24789E-02 
4.32886E+01 6.00000E-02  7.69001E-07  6.05001E-02 
4.33557E+01 5.80000E-02  7.66083E-07  5.85212E-02 
4.34228E+01 5.60000E-02  7.65008E-07  5.65423E-02 
4.34899E+01 5.40000E-02  7.62704E-07  5.45635E-02 
4.35570E+01 5.20000E-02  7.59632E-07  5.24324E-02 
4.36242E+01 5.00000E-02  7.58250E-07  5.04535E-02 
4.36913E+01 4.80000E-02  7.55793E-07  4.86268E-02 
4.37584E+01 4.60000E-02  7.53182E-07  4.64957E-02 
4.38255E+01 4.40000E-02  7.51646E-07  4.45169E-02 
4.38926E+01 4.20000E-02  7.48114E-07  4.25380E-02 
4.39597E+01 4.00000E-02  7.45964E-07  4.05591E-02 
4.40268E+01 3.80000E-02  7.44735E-07  3.84280E-02 
4.40940E+01 3.60000E-02  7.41203E-07  3.64492E-02 
4.41611E+01 3.40000E-02  7.39206E-07  3.44703E-02 
4.42282E+01 3.20000E-02  7.37363E-07  3.23392E-02 
4.42953E+01 3.00000E-02  7.34445E-07  3.05125E-02 
4.43624E+01 2.80000E-02  7.32141E-07  2.85337E-02 
4.44295E+01 2.60000E-02  7.30298E-07  2.64026E-02 
4.44966E+01 2.40000E-02  7.27380E-07  2.44237E-02 
4.45638E+01 2.20000E-02  7.25077E-07  2.24448E-02 
4.46309E+01 2.00000E-02  7.22773E-07  2.04660E-02 
4.46980E+01 1.80000E-02  7.20009E-07  1.84871E-02 
4.47651E+01 1.60000E-02  7.17551E-07  1.65082E-02 
4.48322E+01 1.40000E-02  7.15248E-07  1.43771E-02 
4.48993E+01 1.20000E-02  7.12483E-07  1.23982E-02 
4.49664E+01 1.00000E-02  7.10026E-07  1.04194E-02 
4.50336E+01 8.00000E-03  7.07876E-07  8.44050E-03 
4.51007E+01 6.00000E-03  7.05111E-07  6.46163E-03 
4.51678E+01 4.00000E-03  7.02500E-07  4.48276E-03 
4.52349E+01 2.00000E-03  7.00504E-07  2.35166E-03 
4.53020E+01 3.14419E-18  6.97739E-07  3.72789E-04 
4.53691E+01 -2.00000E-03 6.95128E-07  -1.60608E-03
4.54362E+01 -4.00000E-03 6.93132E-07  -3.58496E-03
4.55034E+01 -6.00000E-03 6.90214E-07  -5.71605E-03
4.55705E+01 -8.00000E-03 6.87603E-07  -7.69492E-03
4.56376E+01 -1.00000E-02 6.85453E-07  -9.52157E-03
4.57047E+01 -1.20000E-02 6.82381E-07  -1.16527E-02
4.57718E+01 -1.40000E-02 6.80078E-07  -1.36315E-02
4.58389E+01 -1.60000E-02 6.77927E-07  -1.56104E-02
4.59060E+01 -1.80000E-02 6.74702E-07  -1.74371E-02
4.59732E+01 -2.00000E-02 6.72399E-07  -1.92637E-02
4.60403E+01 -2.20000E-02 6.70402E-07  -2.12426E-02
4.61074E+01 -2.40000E-02 6.67330E-07  -2.33737E-02
4.61745E+01 -2.60000E-02 6.64720E-07  -2.53526E-02
4.62416E+01 -2.80000E-02 6.62569E-07  -2.73314E-02
4.63087E+01 -3.00000E-02 6.59498E-07  -2.93103E-02
4.63758E+01 -3.20000E-02 6.57041E-07  -3.12892E-02
4.64430E+01 -3.40000E-02 6.54890E-07  -3.32680E-02
4.65101E+01 -3.60000E-02 6.51819E-07  -3.53991E-02
4.65772E+01 -3.80000E-02 6.49362E-07  -3.73780E-02
4.66443E+01 -4.00000E-02 6.47058E-07  -3.93569E-02
4.67114E+01 -4.20000E-02 6.43986E-07  -4.13358E-02
4.67785E+01 -4.40000E-02 6.41529E-07  -4.34668E-02
4.68456E+01 -4.60000E-02 6.39686E-07  -4.54457E-02
4.69128E+01 -4.80000E-02 6.36154E-07  -4.72724E-02
4.69799E+01 -5.00000E-02 6.33850E-07  -4.92512E-02
4.70470E+01 -5.20000E-02 6.31546E-07  -5.13823E-02
4.71141E+01 -5.40000E-02 6.28475E-07  -5.33612E-02
4.71812E+01 -5.60000E-02 6.26017E-07  -5.54923E-02
4.72483E+01 -5.80000E-02 6.23714E-07  -5.73190E-02
4.73154E+01 -6.00000E-02 6.20949E-07  -5.92978E-02
4.73826E+01 -6.20000E-02 6.18338E-07  -6.14289E-02
4.74497E+01 -6.40000E-02 6.16188E-07  -6.34078E-02
4.75168E+01 -6.60000E-02 6.13117E-07  -6.55389E-02
4.75839E+01 -6.80000E-02 6.10659E-07  -6.73655E-02
4.76510E+01 -7.00000E-02 6.08663E-07  -6.93444E-02
4.77181E+01 -7.20000E-02 6.05130E-07  -7.14755E-02
4.77852E+01 -7.40000E-02 6.02673E-07  -7.34544E-02
4.78523E+01 -7.60000E-02 6.00677E-07  -7.54332E-02
4.79195E+01 -7.80000E-02 5.97298E-07  -7.74121E-02
4.79866E+01 -8.00000E-02 5.94841E-07  -7.93910E-02
4.80537E+01 -8.20000E-02 5.92844E-07  -8.15221E-02
4.81208E+01 -8.40000E-02 5.89619E-07  -8.35010E-02
4.81879E+01 -8.60000E-02 5.87161E-07  -8.54798E-02
4.82550E+01 -8.80000E-02 5.85011E-07  -8.74587E-02
4.83221E+01 -9.00000E-02 5.81786E-07  -8.94376E-02
4.83893E+01 -9.20000E-02 5.79175E-07  -9.14165E-02
4.84564E+01 -9.40000E-02 5.77179E-07  -9.35475E-02
4.85235E+01 -9.60000E-02 5.73954E-07  -9.53742E-02
4.85906E+01 -9.80000E-02 5.71496E-07  -9.73531E-02
4.86577E+01 -1.00000E-01 5.69346E-07  -9.93319E-02
4.87248E+01 -1.02000E-01 5.66121E-07  -1.01463E-01
4.87919E+01 -1.04000E-01 5.63510E-07  -1.03442E-01
4.88591E+01 -1.06000E-01 5.61360E-07  -1.05421E-01
4.89262E+01 -1.08000E-01 5.58135E-07  -1.07400E-01
4.89933E+01 -1.10000E-01 5.55524E-07  -1.09379E-01
4.90604E+01 -1.12000E-01 5.53374E-07  -1.11510E-01
4.91275E+01 -1.14000E-01 5.50456E-07  -1.13336E-01
4.91946E+01 -1.16000E-01 5.47691E-07  -1.15467E-01
4.92617E+01 -1.18000E-01 5.45388E-07  -1.17446E-01
4.93289E+01 -1.20000E-01 5.42623E-07  -1.19425E-01
4.93960E+01 -1.22000E-01 5.39859E-07  -1.21556E-01
4.94631E+01 -1.24000E-01 5.37401E-07  -1.23535E-01
4.95302E+01 -1.26000E-01 5.34637E-07  -1.25362E-01
4.95973E+01 -1.28000E-01 5.32180E-07  -1.27493E-01
4.96644E+01 -1.30000E-01 5.29569E-07  -1.29472E-01
4.97315E+01 -1.32000E-01 5.26804E-07  -1.31451E-01
4.97987E+01 -1.34000E-01 5.24194E-07  -1.33429E-01
4.98658E+01 -1.36000E-01 5.21429E-07  -1.35408E-01
4.99329E+01 -1.38000E-01 5.18972E-07  -1.37387E-01
5.00000E+01 -1.40000E-01 5.16361E-07  -1.39518E-01
5.00671E+01 -1.42000E-01 5.13443E-07  -1.41497E-01
5.01342E+01 -1.44000E-01 5.11139E-07  -1.43476E-01
5.02013E+01 -1.46000E-01 5.08375E-07  -1.45455E-01
5.02685E+01 -1.48000E-01 5.05457E-07  -1.47434E-01
