time/s      E/V        I/A
0.00000E+00 -1.50000E-01 5.05150E-07  -1.49413E-01
6.71141E-02 -1.48000E-01 5.13596E-07  -1.47586E-01
1.34228E-01 -1.46000E-01 5.18972E-07  -1.45607E-01
2.01342E-01 -1.44000E-01 5.24040E-07  -1.43628E-01
2.68456E-01 -1.42000E-01 5.28494E-07  -1.41649E-01
3.35570E-01 -1.40000E-01 5.33408E-07  -1.39670E-01
4.02685E-01 -1.38000E-01 5.37555E-07  -1.37539E-01
4.69799E-01 -1.36000E-01 5.42009E-07  -1.35561E-01
5.36913E-01 -1.34000E-01 5.46463E-07  -1.33734E-01
6.04027E-01 -1.32000E-01 5.50302E-07  -1.31603E-01
6.71141E-01 -1.30000E-01 5.54449E-07  -1.29624E-01
7.38255E-01 -1.28000E-01 5.59363E-07  -1.27645E-01
8.05369E-01 -1.26000E-01 5.62589E-07  -1.25514E-01
8.72483E-01 -1.24000E-01 5.66582E-07  -1.23687E-01
9.39597E-01 -1.22000E-01 5.71189E-07  -1.21708E-01
1.00671E+00 -1.20000E-01 5.74414E-07  -1.19577E-01
1.07383E+00 -1.18000E-01 5.78254E-07  -1.17598E-01
1.14094E+00 -1.16000E-01 5.82861E-07  -1.15620E-01
1.20805E+00 -1.14000E-01 5.85933E-07  -1.13641E-01
1.27517E+00 -1.12000E-01 5.89619E-07  -1.11510E-01
1.34228E+00 -1.10000E-01 5.93919E-07  -1.09531E-01
1.40940E+00 -1.08000E-01 5.96991E-07  -1.07552E-01
1.47651E+00 -1.06000E-01 6.00677E-07  -1.05421E-01
1.54362E+00 -1.04000E-01 6.05130E-07  -1.03594E-01
1.61074E+00 -1.02000E-01 6.08048E-07  -1.01615E-01
1.67785E+00 -1.00000E-01 6.11734E-07  -9.94842E-02
1.74497E+00 -9.80000E-02 6.16035E-07  -9.75053E-02
1.81208E+00 -9.60000E-02 6.18799E-07  -9.55264E-02
1.87919E+00 -9.40000E-02 6.22331E-07  -9.36998E-02
1.94631E+00 -9.20000E-02 6.26324E-07  -9.15687E-02
2.01342E+00 -9.00000E-02 6.29089E-07  -8.95898E-02
2.08054E+00 -8.80000E-02 6.32775E-07  -8.76109E-02
2.14765E+00 -8.60000E-02 6.36922E-07  -8.56321E-02
2.21477E+00 -8.40000E-02 6.39532E-07  -8.36532E-02
2.28188E+00 -8.20000E-02 6.42911E-07  -8.16743E-02
2.34899E+00 -8.00000E-02 6.47211E-07  -7.95432E-02
2.41611E+00 -7.80000E-02 6.49822E-07  -7.75643E-02
2.48322E+00 -7.60000E-02 6.53201E-07  -7.55855E-02
2.55034E+00 -7.40000E-02 6.57041E-07  -7.36066E-02
2.61745E+00 -7.20000E-02 6.59805E-07  -7.14755E-02
2.68456E+00 -7.00000E-02 6.63337E-07  -6.94966E-02
2.75168E+00 -6.80000E-02 6.67484E-07  -6.75178E-02
2.81879E+00 -6.60000E-02 6.69788E-07  -6.55389E-02
2.88591E+00 -6.40000E-02 6.73166E-07  -6.35600E-02
2.95302E+00 -6.20000E-02 6.77006E-07  -6.15811E-02
3.02013E+00 -6.00000E-02 6.79770E-07  -5.96023E-02
3.08725E+00 -5.80000E-02 6.83149E-07  -5.74712E-02
3.15436E+00 -5.60000E-02 6.86989E-07  -5.56445E-02
3.22148E+00 -5.40000E-02 6.89753E-07  -5.35134E-02
3.28859E+00 -5.20000E-02 6.92978E-07  -5.15346E-02
3.35570E+00 -5.00000E-02 6.96664E-07  -4.95557E-02
3.42282E+00 -4.80000E-02 6.99429E-07  -4.75768E-02
3.48993E+00 -4.60000E-02 7.02500E-07  -4.55979E-02
3.55705E+00 -4.40000E-02 7.06186E-07  -4.36191E-02
3.62416E+00 -4.20000E-02 7.08951E-07  -4.16402E-02
3.69128E+00 -4.00000E-02 7.12176E-07  -3.95091E-02
3.75839E+00 -3.80000E-02 7.15708E-07  -3.75302E-02
3.82550E+00 -3.60000E-02 7.18473E-07  -3.55514E-02
3.89262E+00 -3.40000E-02 7.21698E-07  -3.34203E-02
3.95973E+00 -3.20000E-02 7.25077E-07  -3.14414E-02
4.02685E+00 -3.00000E-02 7.28302E-07  -2.94625E-02
4.09396E+00 -2.80000E-02 7.31373E-07  -2.74836E-02
4.16107E+00 -2.60000E-02 7.34291E-07  -2.55048E-02
4.22819E+00 -2.40000E-02 7.37517E-07  -2.35259E-02
4.29530E+00 -2.20000E-02 7.40742E-07  -2.15470E-02
4.36242E+00 -2.00000E-02 7.43506E-07  -1.94159E-02
4.42953E+00 -1.80000E-02 7.47039E-07  -1.75893E-02
4.49664E+00 -1.60000E-02 7.50110E-07  -1.57626E-02
4.56376E+00 -1.40000E-02 7.52721E-07  -1.37838E-02
4.63087E+00 -1.20000E-02 7.56100E-07  -1.18049E-02
4.69799E+00 -1.00000E-02 7.59479E-07  -9.67379E-03
4.76510E+00 -8.00000E-03 7.61936E-07  -7.69492E-03
4.83221E+00 -6.00000E-03 7.65775E-07  -5.86827E-03
4.89933E+00 -4.00000E-03 7.68847E-07  -3.73718E-03
4.96644E+00 -2.00000E-03 7.71151E-07  -1.75830E-03
5.03356E+00 3.11708E-18  7.74990E-07  2.20568E-04 
5.10067E+00 2.00000E-03  7.78215E-07  2.35166E-03 
5.16779E+00 4.00000E-03  7.80212E-07  4.33053E-03 
5.23490E+00 6.00000E-03  7.83898E-07  6.30941E-03 
5.30201E+00 8.00000E-03  7.87123E-07  8.28828E-03 
5.36913E+00 1.00000E-02  7.89273E-07  1.04194E-02 
5.43624E+00 1.20000E-02  7.93266E-07  1.22460E-02 
5.50336E+00 1.40000E-02  7.96338E-07  1.42249E-02 
5.57047E+00 1.60000E-02  7.98181E-07  1.62038E-02 
5.63758E+00 1.80000E-02  8.02788E-07  1.83349E-02 
5.70470E+00 2.00000E-02  8.05706E-07  2.03137E-02 
5.77181E+00 2.20000E-02  8.07396E-07  2.22926E-02 
5.83893E+00 2.40000E-02  8.12003E-07  2.42715E-02 
5.90604E+00 2.60000E-02  8.14921E-07  2.62504E-02 
5.97315E+00 2.80000E-02  8.16764E-07  2.83814E-02 
6.04027E+00 3.00000E-02  8.21064E-07  3.03603E-02 
6.10738E+00 3.20000E-02  8.24136E-07  3.23392E-02 
6.17450E+00 3.40000E-02  8.25825E-07  3.43181E-02 
6.24161E+00 3.60000E-02  8.30279E-07  3.62969E-02 
6.30872E+00 3.80000E-02  8.33351E-07  3.82758E-02 
6.37584E+00 4.00000E-02  8.34733E-07  4.04069E-02 
6.44295E+00 4.20000E-02  8.39648E-07  4.23858E-02 
6.51007E+00 4.40000E-02  8.42566E-07  4.43646E-02 
6.57718E+00 4.60000E-02  8.44101E-07  4.63435E-02 
6.64430E+00 4.80000E-02  8.49016E-07  4.84746E-02 
6.71141E+00 5.00000E-02  8.51780E-07  5.04535E-02 
6.77852E+00 5.20000E-02  8.53470E-07  5.22801E-02 
6.84564E+00 5.40000E-02  8.58231E-07  5.42590E-02 
6.91275E+00 5.60000E-02  8.60842E-07  5.63901E-02 
6.97987E+00 5.80000E-02  8.62531E-07  5.83690E-02 
7.04698E+00 6.00000E-02  8.66985E-07  6.03478E-02 
7.11409E+00 6.20000E-02  8.70517E-07  6.23267E-02 
7.18121E+00 6.40000E-02  8.71746E-07  6.43056E-02 
7.24832E+00 6.60000E-02  8.76814E-07  6.62845E-02 
7.31544E+00 6.80000E-02  8.79886E-07  6.84156E-02 
7.38255E+00 7.00000E-02  8.80961E-07  7.02422E-02 
7.44966E+00 7.20000E-02  8.86182E-07  7.22211E-02 
7.51678E+00 7.40000E-02  8.89101E-07  7.42000E-02 
7.58389E+00 7.60000E-02  8.91251E-07  7.63310E-02 
7.65101E+00 7.80000E-02  8.95704E-07  7.83099E-02 
7.71812E+00 8.00000E-02  8.98623E-07  8.02888E-02 
7.78523E+00 8.20000E-02  9.00926E-07  8.24199E-02 
7.85235E+00 8.40000E-02  9.05841E-07  8.43988E-02 
7.91946E+00 8.60000E-02  9.08452E-07  8.63776E-02 
7.98658E+00 8.80000E-02  9.10602E-07  8.83565E-02 
8.05369E+00 9.00000E-02  9.15516E-07  9.03354E-02 
8.12081E+00 9.20000E-02  9.17974E-07  9.23142E-02 
8.18792E+00 9.40000E-02  9.20738E-07  9.42931E-02 
8.25503E+00 9.60000E-02  9.23963E-07  9.64242E-02 
8.32215E+00 9.80000E-02  9.27803E-07  9.84031E-02 
8.38926E+00 1.00000E-01  9.30567E-07  1.00382E-01 
8.45638E+00 1.02000E-01  9.35635E-07  1.02361E-01 
8.52349E+00 1.04000E-01  9.37785E-07  1.04340E-01 
8.59060E+00 1.06000E-01  9.40704E-07  1.06471E-01 
8.65772E+00 1.08000E-01  9.45618E-07  1.08450E-01 
8.72483E+00 1.10000E-01  9.48075E-07  1.10276E-01 
8.79195E+00 1.12000E-01  9.50840E-07  1.12255E-01 
8.85906E+00 1.14000E-01  9.56522E-07  1.14386E-01 
8.92617E+00 1.16000E-01  9.58365E-07  1.16365E-01 
8.99329E+00 1.18000E-01  9.61130E-07  1.18344E-01 
9.06040E+00 1.20000E-01  9.66812E-07  1.20323E-01 
9.12752E+00 1.22000E-01  9.68194E-07  1.22454E-01 
9.19463E+00 1.24000E-01  9.72034E-07  1.24433E-01 
9.26174E+00 1.26000E-01  9.77716E-07  1.26412E-01 
9.32886E+00 1.28000E-01  9.78638E-07  1.28391E-01 
9.39597E+00 1.30000E-01  9.82170E-07  1.30369E-01 
9.46309E+00 1.32000E-01  9.89235E-07  1.32348E-01 
9.53020E+00 1.34000E-01  9.89389E-07  1.34479E-01 
9.59732E+00 1.36000E-01  9.90771E-07  1.36458E-01 
9.66443E+00 1.38000E-01  9.99525E-07  1.38285E-01 
9.73154E+00 1.40000E-01  1.00229E-06  1.40112E-01 
9.79866E+00 1.42000E-01  1.00336E-06  1.42243E-01 
9.86577E+00 1.44000E-01  1.00981E-06  1.44222E-01 
9.93289E+00 1.46000E-01  1.01120E-06  1.46200E-01 
1.00000E+01 1.48000E-01  1.01519E-06  1.48179E-01 
1.00671E+01 1.50000E-01  1.02195E-06  1.50158E-01 
1.01342E+01 1.52000E-01  1.02149E-06  1.52137E-01 
1.02013E+01 1.54000E-01  1.02364E-06  1.54268E-01 
1.02685E+01 1.56000E-01  1.03562E-06  1.56247E-01 
1.03356E+01 1.58000E-01  1.03132E-06  1.58226E-01 
1.04027E+01 1.60000E-01  1.03746E-06  1.60205E-01 
1.04698E+01 1.62000E-01  1.04698E-06  1.62184E-01 
1.05369E+01 1.64000E-01  1.04452E-06  1.64315E-01 
1.06040E+01 1.66000E-01  1.04775E-06  1.66294E-01 
1.06711E+01 1.68000E-01  1.05574E-06  1.68273E-01 
1.07383E+01 1.70000E-01  1.05589E-06  1.70251E-01 
1.08054E+01 1.72000E-01  1.06203E-06  1.72230E-01 
1.08725E+01 1.74000E-01  1.07109E-06  1.74209E-01 
1.09396E+01 1.76000E-01  1.06710E-06  1.76340E-01 
1.10067E+01 1.78000E-01  1.06756E-06  1.78167E-01 
1.10738E+01 1.80000E-01  1.08246E-06  1.80298E-01 
1.11409E+01 1.82000E-01  1.07923E-06  1.82277E-01 
1.12081E+01 1.84000E-01  1.08399E-06  1.84256E-01 
1.12752E+01 1.86000E-01  1.09428E-06  1.86387E-01 
1.13423E+01 1.88000E-01  1.09060E-06  1.88213E-01 
1.14094E+01 1.90000E-01  1.09536E-06  1.90192E-01 
1.14765E+01 1.92000E-01  1.10580E-06  1.92171E-01 
1.15436E+01 1.94000E-01  1.10273E-06  1.94302E-01 
1.16107E+01 1.96000E-01  1.10811E-06  1.96281E-01 
1.16779E+01 1.98000E-01  1.11870E-06  1.98260E-01 
1.17450E+01 2.00000E-01  1.11517E-06  2.00391E-01 
1.18121E+01 2.02000E-01  1.12408E-06  2.02370E-01 
1.18792E+01 2.04000E-01  1.12823E-06  2.04349E-01 
1.19463E+01 2.06000E-01  1.12684E-06  2.06328E-01 
1.20134E+01 2.08000E-01  1.13882E-06  2.08307E-01 
1.20805E+01 2.10000E-01  1.14220E-06  2.10285E-01 
1.21477E+01 2.12000E-01  1.13898E-06  2.12417E-01 
1.22148E+01 2.14000E-01  1.15034E-06  2.14395E-01 
1.22819E+01 2.16000E-01  1.15341E-06  2.16222E-01 
1.23490E+01 2.18000E-01  1.14573E-06  2.18201E-01 
1.24161E+01 2.20000E-01  1.15694E-06  2.20332E-01 
1.24832E+01 2.22000E-01  1.16570E-06  2.22311E-01 
1.25503E+01 2.24000E-01  1.17077E-06  2.24290E-01 
1.26174E+01 2.26000E-01  1.16923E-06  2.26269E-01 
1.26846E+01 2.28000E-01  1.18090E-06  2.28248E-01 
1.27517E+01 2.30000E-01  1.17568E-06  2.30226E-01 
1.28188E+01 2.32000E-01  1.17952E-06  2.32205E-01 
1.28859E+01 2.34000E-01  1.18597E-06  2.34336E-01 
1.29530E+01 2.36000E-01  1.19181E-06  2.36315E-01 
1.30201E+01 2.38000E-01  1.19058E-06  2.38294E-01 
1.30872E+01 2.40000E-01  1.19549E-06  2.40273E-01 
1.31544E+01 2.42000E-01  1.19780E-06  2.42404E-01 
1.32215E+01 2.44000E-01  1.20348E-06  2.44383E-01 
1.32886E+01 2.46000E-01  1.19488E-06  2.46210E-01 
1.33557E+01 2.48000E-01  1.21131E-06  2.48341E-01 
1.34228E+01 2.50000E-01  1.21484E-06  2.50320E-01 
1.34899E+01 2.52000E-01  1.21254E-06  2.52298E-01 
1.35570E+01 2.54000E-01  1.22099E-06  2.54277E-01 
1.36242E+01 2.56000E-01  1.22575E-06  2.56256E-01 
1.36913E+01 2.58000E-01  1.22222E-06  2.58387E-01 
1.37584E+01 2.60000E-01  1.23158E-06  2.60366E-01 
1.38255E+01 2.62000E-01  1.23573E-06  2.62345E-01 
1.38926E+01 2.64000E-01  1.23189E-06  2.64324E-01 
1.39597E+01 2.66000E-01  1.24218E-06  2.66303E-01 
1.40268E+01 2.68000E-01  1.24771E-06  2.68282E-01 
1.40940E+01 2.70000E-01  1.23773E-06  2.70261E-01 
1.41611E+01 2.72000E-01  1.24372E-06  2.72392E-01 
1.42282E+01 2.74000E-01  1.25570E-06  2.74371E-01 
1.42953E+01 2.76000E-01  1.24940E-06  2.76349E-01 
1.43624E+01 2.78000E-01  1.25554E-06  2.78328E-01 
1.44295E+01 2.80000E-01  1.26414E-06  2.80307E-01 
1.44966E+01 2.82000E-01  1.25908E-06  2.82286E-01 
1.45638E+01 2.84000E-01  1.26967E-06  2.84417E-01 
1.46309E+01 2.86000E-01  1.27336E-06  2.86244E-01 
1.46980E+01 2.88000E-01  1.26906E-06  2.88223E-01 
1.47651E+01 2.90000E-01  1.27904E-06  2.90354E-01 
1.48322E+01 2.92000E-01  1.28073E-06  2.92333E-01 
1.48993E+01 2.94000E-01  1.27413E-06  2.94311E-01 
1.49664E+01 2.96000E-01  1.29041E-06  2.96290E-01 
1.50336E+01 2.98000E-01  1.28795E-06  2.98269E-01 
1.51007E+01 3.00000E-01  1.28150E-06  3.00248E-01 
1.51678E+01 3.02000E-01  1.29686E-06  3.02227E-01 
1.52349E+01 3.04000E-01  1.29578E-06  3.04206E-01 
1.53020E+01 3.06000E-01  1.29210E-06  3.06185E-01 
1.53691E+01 3.08000E-01  1.30085E-06  3.08164E-01 
1.54362E+01 3.10000E-01  1.30377E-06  3.10295E-01 
1.55034E+01 3.12000E-01  1.29947E-06  3.12274E-01 
1.55705E+01 3.14000E-01  1.30776E-06  3.14252E-01 
1.56376E+01 3.16000E-01  1.31083E-06  3.16231E-01 
1.57047E+01 3.18000E-01  1.30622E-06  3.18362E-01 
1.57718E+01 3.20000E-01  1.32343E-06  3.20341E-01 
1.58389E+01 3.22000E-01  1.31667E-06  3.22320E-01 
1.59060E+01 3.24000E-01  1.31268E-06  3.24299E-01 
1.59732E+01 3.26000E-01  1.32235E-06  3.26278E-01 
1.60403E+01 3.28000E-01  1.32281E-06  3.28257E-01 
1.61074E+01 3.30000E-01  1.31989E-06  3.30388E-01 
1.61745E+01 3.32000E-01  1.32665E-06  3.32367E-01 
1.62416E+01 3.34000E-01  1.32895E-06  3.34193E-01 
1.63087E+01 3.36000E-01  1.32619E-06  3.36324E-01 
1.63758E+01 3.38000E-01  1.33187E-06  3.38303E-01 
1.64430E+01 3.40000E-01  1.33264E-06  3.40282E-01 
1.65101E+01 3.42000E-01  1.33157E-06  3.42413E-01 
1.65772E+01 3.44000E-01  1.33802E-06  3.44240E-01 
1.66443E+01 3.46000E-01  1.33909E-06  3.46219E-01 
1.67114E+01 3.48000E-01  1.33786E-06  3.48350E-01 
1.67785E+01 3.50000E-01  1.34308E-06  3.50329E-01 
1.68456E+01 3.52000E-01  1.34370E-06  3.52308E-01 
1.69128E+01 3.54000E-01  1.34308E-06  3.54439E-01 
1.69799E+01 3.56000E-01  1.34769E-06  3.56418E-01 
1.70470E+01 3.58000E-01  1.34800E-06  3.58396E-01 
1.71141E+01 3.60000E-01  1.34831E-06  3.60528E-01 
1.71812E+01 3.62000E-01  1.35291E-06  3.62354E-01 
1.72483E+01 3.64000E-01  1.35307E-06  3.64333E-01 
1.73154E+01 3.66000E-01  1.35307E-06  3.66312E-01 
1.73826E+01 3.68000E-01  1.35783E-06  3.68443E-01 
1.74497E+01 3.70000E-01  1.35568E-06  3.70422E-01 
1.75168E+01 3.72000E-01  1.35829E-06  3.72249E-01 
1.75839E+01 3.74000E-01  1.36167E-06  3.74227E-01 
1.76510E+01 3.76000E-01  1.36167E-06  3.76206E-01 
1.77181E+01 3.78000E-01  1.36274E-06  3.78337E-01 
1.77852E+01 3.80000E-01  1.36658E-06  3.80316E-01 
1.78523E+01 3.82000E-01  1.36551E-06  3.82295E-01 
1.79195E+01 3.84000E-01  1.36720E-06  3.84274E-01 
1.79866E+01 3.86000E-01  1.37027E-06  3.86253E-01 
1.80537E+01 3.88000E-01  1.37104E-06  3.88384E-01 
1.81208E+01 3.90000E-01  1.36796E-06  3.90363E-01 
1.81879E+01 3.92000E-01  1.37365E-06  3.92342E-01 
1.82550E+01 3.94000E-01  1.37472E-06  3.94321E-01 
1.83221E+01 3.96000E-01  1.37656E-06  3.96300E-01 
1.83893E+01 3.98000E-01  1.38086E-06  3.98431E-01 
1.84564E+01 4.00000E-01  1.37994E-06  4.00409E-01 
1.85235E+01 4.02000E-01  1.38148E-06  4.02388E-01 
1.85906E+01 4.04000E-01  1.38547E-06  4.04367E-01 
1.86577E+01 4.06000E-01  1.38486E-06  4.06346E-01 
1.87248E+01 4.08000E-01  1.38409E-06  4.08325E-01 
1.87919E+01 4.10000E-01  1.39039E-06  4.10456E-01 
1.88591E+01 4.12000E-01  1.39023E-06  4.12283E-01 
1.89262E+01 4.14000E-01  1.39208E-06  4.14414E-01 
1.89933E+01 4.16000E-01  1.39469E-06  4.16393E-01 
1.90604E+01 4.18000E-01  1.39576E-06  4.18372E-01 
1.91275E+01 4.20000E-01  1.39730E-06  4.20503E-01 
1.91946E+01 4.22000E-01  1.40129E-06  4.22329E-01 
1.92617E+01 4.24000E-01  1.40160E-06  4.24308E-01 
1.93289E+01 4.26000E-01  1.40390E-06  4.26287E-01 
1.93960E+01 4.28000E-01  1.40513E-06  4.28418E-01 
1.94631E+01 4.30000E-01  1.40713E-06  4.30397E-01 
1.95302E+01 4.32000E-01  1.40912E-06  4.32376E-01 
1.95973E+01 4.34000E-01  1.41235E-06  4.34507E-01 
1.96644E+01 4.36000E-01  1.41296E-06  4.36486E-01 
1.97315E+01 4.38000E-01  1.41527E-06  4.38465E-01 
1.97987E+01 4.40000E-01  1.41834E-06  4.40444E-01 
1.98658E+01 4.42000E-01  1.41957E-06  4.42422E-01 
1.99329E+01 4.44000E-01  1.42172E-06  4.44401E-01 
2.00000E+01 4.46000E-01  1.42556E-06  4.46380E-01 
2.00671E+01 4.48000E-01  1.42648E-06  4.48359E-01 
2.01342E+01 4.50000E-01  1.42847E-06  4.50186E-01 
2.02013E+01 4.52000E-01  1.43170E-06  4.52165E-01 
2.02685E+01 4.54000E-01  1.43354E-06  4.54143E-01 
2.03356E+01 4.56000E-01  1.43585E-06  4.56122E-01 
2.04027E+01 4.58000E-01  1.43953E-06  4.58253E-01 
2.04698E+01 4.60000E-01  1.44030E-06  4.60080E-01 
2.05369E+01 4.62000E-01  1.44276E-06  4.62059E-01 
2.06040E+01 4.64000E-01  1.44675E-06  4.64038E-01 
2.06711E+01 4.66000E-01  1.44783E-06  4.66169E-01 
2.07383E+01 4.68000E-01  1.45044E-06  4.68148E-01 
2.08054E+01 4.70000E-01  1.45274E-06  4.70127E-01 
2.08725E+01 4.72000E-01  1.45520E-06  4.72258E-01 
2.09396E+01 4.74000E-01  1.45812E-06  4.74237E-01 
2.10067E+01 4.76000E-01  1.46057E-06  4.76216E-01 
2.10738E+01 4.78000E-01  1.46364E-06  4.78347E-01 
2.11409E+01 4.80000E-01  1.46610E-06  4.80173E-01 
2.12081E+01 4.82000E-01  1.46979E-06  4.82152E-01 
2.12752E+01 4.84000E-01  1.47117E-06  4.84283E-01 
2.13423E+01 4.86000E-01  1.47440E-06  4.86262E-01 
2.14094E+01 4.88000E-01  1.47777E-06  4.88241E-01 
2.14765E+01 4.90000E-01  1.47962E-06  4.90220E-01 
2.15436E+01 4.92000E-01  1.48376E-06  4.92199E-01 
2.16107E+01 4.94000E-01  1.48515E-06  4.94330E-01 
2.16779E+01 4.96000E-01  1.48699E-06  4.96309E-01 
2.17450E+01 4.98000E-01  1.49052E-06  4.98288E-01 
2.18121E+01 5.00000E-01  1.49467E-06  5.00114E-01 
2.18792E+01 5.02000E-01  1.49651E-06  5.02245E-01 
2.19463E+01 5.04000E-01  1.49912E-06  5.04224E-01 
2.20134E+01 5.06000E-01  1.50219E-06  5.06203E-01 
2.20805E+01 5.08000E-01  1.50496E-06  5.08334E-01 
2.21477E+01 5.10000E-01  1.50788E-06  5.10313E-01 
2.22148E+01 5.12000E-01  1.51079E-06  5.12292E-01 
2.22819E+01 5.14000E-01  1.51340E-06  5.14423E-01 
2.23490E+01 5.16000E-01  1.51648E-06  5.16402E-01 
2.24161E+01 5.18000E-01  1.51955E-06  5.18228E-01 
2.24832E+01 5.20000E-01  1.52185E-06  5.20207E-01 
2.25503E+01 5.22000E-01  1.52523E-06  5.22338E-01 
2.26174E+01 5.24000E-01  1.52846E-06  5.24317E-01 
2.26846E+01 5.26000E-01  1.53107E-06  5.26296E-01 
2.27517E+01 5.28000E-01  1.53414E-06  5.28275E-01 
2.28188E+01 5.30000E-01  1.53752E-06  5.30254E-01 
2.28859E+01 5.32000E-01  1.53982E-06  5.32233E-01 
2.29530E+01 5.34000E-01  1.54274E-06  5.34364E-01 
2.30201E+01 5.36000E-01  1.54642E-06  5.36191E-01 
2.30872E+01 5.38000E-01  1.54904E-06  5.38169E-01 
2.31544E+01 5.40000E-01  1.55226E-06  5.40148E-01 
2.32215E+01 5.42000E-01  1.55549E-06  5.42279E-01 
2.32886E+01 5.44000E-01  1.55840E-06  5.44258E-01 
2.33557E+01 5.46000E-01  1.56163E-06  5.46237E-01 
2.34228E+01 5.48000E-01  1.56439E-06  5.48368E-01 
2.34899E+01 5.50000E-01  1.56793E-06  5.50347E-01 
2.35570E+01 5.52000E-01  1.57115E-06  5.52326E-01 
2.36242E+01 5.54000E-01  1.57376E-06  5.54305E-01 
2.36913E+01 5.56000E-01  1.57729E-06  5.56436E-01 
2.37584E+01 5.58000E-01  1.58067E-06  5.58263E-01 
2.38255E+01 5.60000E-01  1.58313E-06  5.60241E-01 
2.38926E+01 5.62000E-01  1.58697E-06  5.62220E-01 
2.39597E+01 5.64000E-01  1.59035E-06  5.64351E-01 
2.40268E+01 5.66000E-01  1.59296E-06  5.66330E-01 
2.40940E+01 5.68000E-01  1.59680E-06  5.68309E-01 
2.41611E+01 5.70000E-01  1.60018E-06  5.70288E-01 
2.42282E+01 5.72000E-01  1.60263E-06  5.72267E-01 
2.42953E+01 5.74000E-01  1.60694E-06  5.74398E-01 
2.43624E+01 5.76000E-01  1.61031E-06  5.76377E-01 
2.44295E+01 5.78000E-01  1.61262E-06  5.78204E-01 
2.44966E+01 5.80000E-01  1.61707E-06  5.80335E-01 
2.45638E+01 5.82000E-01  1.62060E-06  5.82314E-01 
2.46309E+01 5.84000E-01  1.62291E-06  5.84292E-01 
2.46980E+01 5.86000E-01  1.62767E-06  5.86271E-01 
2.47651E+01 5.88000E-01  1.63120E-06  5.88402E-01 
2.48322E+01 5.90000E-01  1.63350E-06  5.90381E-01 
2.48993E+01 5.92000E-01  1.63811E-06  5.92360E-01 
2.49664E+01 5.94000E-01  1.64164E-06  5.94339E-01 
2.50336E+01 5.96000E-01  1.64410E-06  5.96318E-01 
2.51007E+01 5.98000E-01  1.64902E-06  5.98297E-01 
2.51678E+01 6.00000E-01  1.65270E-06  6.00276E-01 
2.52349E+01 5.98000E-01  1.63965E-06  5.98449E-01 
2.53020E+01 5.96000E-01  1.63412E-06  5.96470E-01 
2.53691E+01 5.94000E-01  1.62751E-06  5.94491E-01 
2.54362E+01 5.92000E-01  1.62014E-06  5.92512E-01 
2.55034E+01 5.90000E-01  1.61554E-06  5.90533E-01 
2.55705E+01 5.88000E-01  1.61001E-06  5.88555E-01 
2.56376E+01 5.86000E-01  1.60371E-06  5.86576E-01 
2.57047E+01 5.84000E-01  1.59941E-06  5.84445E-01 
2.57718E+01 5.82000E-01  1.59434E-06  5.82466E-01 
2.58389E+01 5.80000E-01  1.58835E-06  5.80487E-01 
2.59060E+01 5.78000E-01  1.58467E-06  5.78356E-01 
2.59732E+01 5.76000E-01  1.57975E-06  5.76529E-01 
2.60403E+01 5.74000E-01  1.57438E-06  5.74550E-01 
2.61074E+01 5.72000E-01  1.57084E-06  5.72571E-01 
2.61745E+01 5.70000E-01  1.56608E-06  5.70440E-01 
2.62416E+01 5.68000E-01  1.56101E-06  5.68461E-01 
2.63087E+01 5.66000E-01  1.55748E-06  5.66483E-01 
2.63758E+01 5.64000E-01  1.55318E-06  5.64504E-01 
2.64430E+01 5.62000E-01  1.54827E-06  5.62373E-01 
2.65101E+01 5.60000E-01  1.54489E-06  5.60394E-01 
2.65772E+01 5.58000E-01  1.54059E-06  5.58415E-01 
2.66443E+01 5.56000E-01  1.53598E-06  5.56588E-01 
2.67114E+01 5.54000E-01  1.53260E-06  5.54457E-01 
2.67785E+01 5.52000E-01  1.52830E-06  5.52478E-01 
2.68456E+01 5.50000E-01  1.52400E-06  5.50499E-01 
2.69128E+01 5.48000E-01  1.52062E-06  5.48520E-01 
2.69799E+01 5.46000E-01  1.51648E-06  5.46389E-01 
2.70470E+01 5.44000E-01  1.51233E-06  5.44411E-01 
2.71141E+01 5.42000E-01  1.50895E-06  5.42432E-01 
2.71812E+01 5.40000E-01  1.50480E-06  5.40301E-01 
2.72483E+01 5.38000E-01  1.50081E-06  5.38322E-01 
2.73154E+01 5.36000E-01  1.49697E-06  5.36495E-01 
2.73826E+01 5.34000E-01  1.49344E-06  5.34516E-01 
2.74497E+01 5.32000E-01  1.48945E-06  5.32385E-01 
2.75168E+01 5.30000E-01  1.48637E-06  5.30406E-01 
2.75839E+01 5.28000E-01  1.48238E-06  5.28427E-01 
2.76510E+01 5.26000E-01  1.47870E-06  5.26448E-01 
2.77181E+01 5.24000E-01  1.47532E-06  5.24470E-01 
2.77852E+01 5.22000E-01  1.47132E-06  5.22491E-01 
2.78523E+01 5.20000E-01  1.46779E-06  5.20360E-01 
2.79195E+01 5.18000E-01  1.46411E-06  5.18533E-01 
2.79866E+01 5.16000E-01  1.46042E-06  5.16554E-01 
2.80537E+01 5.14000E-01  1.45704E-06  5.14423E-01 
2.81208E+01 5.12000E-01  1.45382E-06  5.12444E-01 
2.81879E+01 5.10000E-01  1.44982E-06  5.10465E-01 
2.82550E+01 5.08000E-01  1.44644E-06  5.08486E-01 
2.83221E+01 5.06000E-01  1.44337E-06  5.06355E-01 
2.83893E+01 5.04000E-01  1.43923E-06  5.04376E-01 
2.84564E+01 5.02000E-01  1.43600E-06  5.02398E-01 
2.85235E+01 5.00000E-01  1.43278E-06  5.00419E-01 
2.85906E+01 4.98000E-01  1.42894E-06  4.98440E-01 
2.86577E+01 4.96000E-01  1.42540E-06  4.96461E-01 
2.87248E+01 4.94000E-01  1.42233E-06  4.94330E-01 
2.87919E+01 4.92000E-01  1.41849E-06  4.92351E-01 
2.88591E+01 4.90000E-01  1.41496E-06  4.90372E-01 
2.89262E+01 4.88000E-01  1.41220E-06  4.88393E-01 
2.89933E+01 4.86000E-01  1.40851E-06  4.86414E-01 
2.90604E+01 4.84000E-01  1.40498E-06  4.84435E-01 
2.91275E+01 4.82000E-01  1.40237E-06  4.82304E-01 
2.91946E+01 4.80000E-01  1.39837E-06  4.80325E-01 
2.92617E+01 4.78000E-01  1.39484E-06  4.78499E-01 
2.93289E+01 4.76000E-01  1.39208E-06  4.76368E-01 
2.93960E+01 4.74000E-01  1.38808E-06  4.74389E-01 
2.94631E+01 4.72000E-01  1.38470E-06  4.72410E-01 
2.95302E+01 4.70000E-01  1.38194E-06  4.70431E-01 
2.95973E+01 4.68000E-01  1.37795E-06  4.68452E-01 
2.96644E+01 4.66000E-01  1.37472E-06  4.66321E-01 
2.97315E+01 4.64000E-01  1.37211E-06  4.64342E-01 
2.97987E+01 4.62000E-01  1.36796E-06  4.62363E-01 
2.98658E+01 4.60000E-01  1.36459E-06  4.60385E-01 
2.99329E+01 4.58000E-01  1.36213E-06  4.58406E-01 
3.00000E+01 4.56000E-01  1.35798E-06  4.56427E-01 
3.00671E+01 4.54000E-01  1.35460E-06  4.54296E-01 
3.01342E+01 4.52000E-01  1.35199E-06  4.52317E-01 
3.02013E+01 4.50000E-01  1.34769E-06  4.50338E-01 
3.02685E+01 4.48000E-01  1.34447E-06  4.48511E-01 
3.03356E+01 4.46000E-01  1.34201E-06  4.46532E-01 
3.04027E+01 4.44000E-01  1.33771E-06  4.44554E-01 
3.04698E+01 4.42000E-01  1.33448E-06  4.42575E-01 
3.05369E+01 4.40000E-01  1.33218E-06  4.40596E-01 
3.06040E+01 4.38000E-01  1.32757E-06  4.38617E-01 
3.06711E+01 4.36000E-01  1.32435E-06  4.36638E-01 
3.07383E+01 4.34000E-01  1.32204E-06  4.34507E-01 
3.08054E+01 4.32000E-01  1.31759E-06  4.32528E-01 
3.08725E+01 4.30000E-01  1.31436E-06  4.30549E-01 
3.09396E+01 4.28000E-01  1.31191E-06  4.28570E-01 
3.10067E+01 4.26000E-01  1.30745E-06  4.26439E-01 
3.10738E+01 4.24000E-01  1.30423E-06  4.24460E-01 
3.11409E+01 4.22000E-01  1.30177E-06  4.22482E-01 
3.12081E+01 4.20000E-01  1.29732E-06  4.20503E-01 
3.12752E+01 4.18000E-01  1.29409E-06  4.18524E-01 
3.13423E+01 4.16000E-01  1.29179E-06  4.16545E-01 
3.14094E+01 4.14000E-01  1.28718E-06  4.14566E-01 
3.14765E+01 4.12000E-01  1.28380E-06  4.12587E-01 
3.15436E+01 4.10000E-01  1.28058E-06  4.10456E-01 
3.16107E+01 4.08000E-01  1.27674E-06  4.08629E-01 
3.16779E+01 4.06000E-01  1.27351E-06  4.06498E-01 
3.17450E+01 4.04000E-01  1.27044E-06  4.04519E-01 
3.18121E+01 4.02000E-01  1.26629E-06  4.02388E-01 
3.18792E+01 4.00000E-01  1.26292E-06  4.00562E-01 
3.19463E+01 3.98000E-01  1.25984E-06  3.98583E-01 
3.20134E+01 3.96000E-01  1.25585E-06  3.96604E-01 
3.20805E+01 3.94000E-01  1.25293E-06  3.94473E-01 
3.21477E+01 3.92000E-01  1.24894E-06  3.92494E-01 
3.22148E+01 3.90000E-01  1.24525E-06  3.90515E-01 
3.22819E+01 3.88000E-01  1.24203E-06  3.88536E-01 
3.23490E+01 3.86000E-01  1.23819E-06  3.86557E-01 
3.24161E+01 3.84000E-01  1.23481E-06  3.84578E-01 
3.24832E+01 3.82000E-01  1.23143E-06  3.82447E-01 
3.25503E+01 3.80000E-01  1.22713E-06  3.80621E-01 
3.26174E+01 3.78000E-01  1.22391E-06  3.78490E-01 
3.26846E+01 3.76000E-01  1.22053E-06  3.76511E-01 
3.27517E+01 3.74000E-01  1.21577E-06  3.74532E-01 
3.28188E+01 3.72000E-01  1.21331E-06  3.72553E-01 
3.28859E+01 3.70000E-01  1.20947E-06  3.70574E-01 
3.29530E+01 3.68000E-01  1.20655E-06  3.68595E-01 
3.30201E+01 3.66000E-01  1.20194E-06  3.66616E-01 
3.30872E+01 3.64000E-01  1.19810E-06  3.64638E-01 
3.31544E+01 3.62000E-01  1.19258E-06  3.62659E-01 
3.32215E+01 3.60000E-01  1.19089E-06  3.60680E-01 
3.32886E+01 3.58000E-01  1.18720E-06  3.58549E-01 
3.33557E+01 3.56000E-01  1.18060E-06  3.56570E-01 
3.34228E+01 3.54000E-01  1.17967E-06  3.54591E-01 
3.34899E+01 3.52000E-01  1.17614E-06  3.52612E-01 
3.35570E+01 3.50000E-01  1.16831E-06  3.50481E-01 
3.36242E+01 3.48000E-01  1.16862E-06  3.48502E-01 
3.36913E+01 3.46000E-01  1.16462E-06  3.46523E-01 
3.37584E+01 3.44000E-01  1.15602E-06  3.44544E-01 
3.38255E+01 3.42000E-01  1.15710E-06  3.42566E-01 
3.38926E+01 3.40000E-01  1.15295E-06  3.40587E-01 
3.39597E+01 3.38000E-01  1.14466E-06  3.38608E-01 
3.40268E+01 3.36000E-01  1.14558E-06  3.36477E-01 
3.40940E+01 3.34000E-01  1.14189E-06  3.34498E-01 
3.41611E+01 3.32000E-01  1.13191E-06  3.32519E-01 
3.42282E+01 3.30000E-01  1.13360E-06  3.30540E-01 
3.42953E+01 3.28000E-01  1.12991E-06  3.28561E-01 
3.43624E+01 3.26000E-01  1.11993E-06  3.26582E-01 
3.44295E+01 3.24000E-01  1.12177E-06  3.24451E-01 
3.44966E+01 3.22000E-01  1.11824E-06  3.22625E-01 
3.45638E+01 3.20000E-01  1.10749E-06  3.20646E-01 
3.46309E+01 3.18000E-01  1.11026E-06  3.18515E-01 
3.46980E+01 3.16000E-01  1.10626E-06  3.16536E-01 
3.47651E+01 3.14000E-01  1.09628E-06  3.14557E-01 
3.48322E+01 3.12000E-01  1.09797E-06  3.12578E-01 
3.48993E+01 3.10000E-01  1.09444E-06  3.10447E-01 
3.49664E+01 3.08000E-01  1.08415E-06  3.08468E-01 
3.50336E+01 3.06000E-01  1.08676E-06  3.06489E-01 
3.51007E+01 3.04000E-01  1.08230E-06  3.04510E-01 
3.51678E+01 3.02000E-01  1.07217E-06  3.02531E-01 
3.52349E+01 3.00000E-01  1.07555E-06  3.00553E-01 
3.53020E+01 2.98000E-01  1.07002E-06  2.98421E-01 
3.53691E+01 2.96000E-01  1.06080E-06  2.96443E-01 
3.54362E+01 2.94000E-01  1.06326E-06  2.94464E-01 
3.55034E+01 2.92000E-01  1.05789E-06  2.92485E-01 
3.55705E+01 2.90000E-01  1.05005E-06  2.90506E-01 
3.56376E+01 2.88000E-01  1.05159E-06  2.88527E-01 
3.57047E+01 2.86000E-01  1.04667E-06  2.86548E-01 
3.57718E+01 2.84000E-01  1.03853E-06  2.84569E-01 
3.58389E+01 2.82000E-01  1.04053E-06  2.82590E-01 
3.59060E+01 2.80000E-01  1.03469E-06  2.80612E-01 
3.59732E+01 2.78000E-01  1.02732E-06  2.78480E-01 
3.60403E+01 2.76000E-01  1.02901E-06  2.76502E-01 
3.61074E+01 2.74000E-01  1.02302E-06  2.74523E-01 
3.61745E+01 2.72000E-01  1.01642E-06  2.72392E-01 
3.62416E+01 2.70000E-01  1.01780E-06  2.70413E-01 
3.63087E+01 2.68000E-01  1.01166E-06  2.68434E-01 
3.63758E+01 2.66000E-01  1.00644E-06  2.66455E-01 
3.64430E+01 2.64000E-01  1.00751E-06  2.64476E-01 
3.65101E+01 2.62000E-01  1.00045E-06  2.62497E-01 
3.65772E+01 2.60000E-01  9.96453E-07  2.60518E-01 
3.66443E+01 2.58000E-01  9.97682E-07  2.58387E-01 
3.67114E+01 2.56000E-01  9.89696E-07  2.56408E-01 
3.67785E+01 2.54000E-01  9.85242E-07  2.54430E-01 
3.68456E+01 2.52000E-01  9.86317E-07  2.52451E-01 
3.69128E+01 2.50000E-01  9.79406E-07  2.50472E-01 
3.69799E+01 2.48000E-01  9.75259E-07  2.48493E-01 
3.70470E+01 2.46000E-01  9.75566E-07  2.46362E-01 
3.71141E+01 2.44000E-01  9.69116E-07  2.44535E-01 
3.71812E+01 2.42000E-01  9.66505E-07  2.42404E-01 
3.72483E+01 2.40000E-01  9.66659E-07  2.40425E-01 
3.73154E+01 2.38000E-01  9.60976E-07  2.38446E-01 
3.73826E+01 2.36000E-01  9.56829E-07  2.36315E-01 
3.74497E+01 2.34000E-01  9.58826E-07  2.34336E-01 
3.75168E+01 2.32000E-01  9.49458E-07  2.32358E-01 
3.75839E+01 2.30000E-01  9.47154E-07  2.30379E-01 
3.76510E+01 2.28000E-01  9.50072E-07  2.28248E-01 
3.77181E+01 2.26000E-01  9.41625E-07  2.26269E-01 
3.77852E+01 2.24000E-01  9.38093E-07  2.24442E-01 
3.78523E+01 2.22000E-01  9.41779E-07  2.22311E-01 
3.79195E+01 2.20000E-01  9.32564E-07  2.20332E-01 
3.79866E+01 2.18000E-01  9.30721E-07  2.18353E-01 
3.80537E+01 2.16000E-01  9.30106E-07  2.16374E-01 
3.81208E+01 2.14000E-01  9.25345E-07  2.14395E-01 
3.81879E+01 2.12000E-01  9.22888E-07  2.12417E-01 
3.82550E+01 2.10000E-01  9.28110E-07  2.10438E-01 
3.83221E+01 2.08000E-01  9.16745E-07  2.08459E-01 
3.83893E+01 2.06000E-01  9.14288E-07  2.06480E-01 
3.84564E+01 2.04000E-01  9.19509E-07  2.04501E-01 
3.85235E+01 2.02000E-01  9.09527E-07  2.02522E-01 
3.85906E+01 2.00000E-01  9.06609E-07  2.00391E-01 
3.86577E+01 1.98000E-01  9.12598E-07  1.98412E-01 
3.87248E+01 1.96000E-01  9.02769E-07  1.96433E-01 
3.87919E+01 1.94000E-01  9.01233E-07  1.94455E-01 
3.88591E+01 1.92000E-01  9.05534E-07  1.92323E-01 
3.89262E+01 1.90000E-01  8.95858E-07  1.90345E-01 
3.89933E+01 1.88000E-01  8.94629E-07  1.88366E-01 
3.90604E+01 1.86000E-01  9.00005E-07  1.86387E-01 
3.91275E+01 1.84000E-01  8.88947E-07  1.84408E-01 
3.91946E+01 1.82000E-01  8.88179E-07  1.82429E-01 
3.92617E+01 1.80000E-01  8.92940E-07  1.80298E-01 
3.93289E+01 1.78000E-01  8.83418E-07  1.78319E-01 
3.93960E+01 1.76000E-01  8.82497E-07  1.76492E-01 
3.94631E+01 1.74000E-01  8.87104E-07  1.74361E-01 
3.95302E+01 1.72000E-01  8.78657E-07  1.72382E-01 
3.95973E+01 1.70000E-01  8.76814E-07  1.70404E-01 
3.96644E+01 1.68000E-01  8.80961E-07  1.68273E-01 
3.97315E+01 1.66000E-01  8.72821E-07  1.66446E-01 
3.97987E+01 1.64000E-01  8.70210E-07  1.64315E-01 
3.98658E+01 1.62000E-01  8.76353E-07  1.62336E-01 
3.99329E+01 1.60000E-01  8.66524E-07  1.60357E-01 
4.00000E+01 1.58000E-01  8.64835E-07  1.58378E-01 
4.00671E+01 1.56000E-01  8.70364E-07  1.56399E-01 
4.01342E+01 1.54000E-01  8.61917E-07  1.54268E-01 
4.02013E+01 1.52000E-01  8.60227E-07  1.52289E-01 
4.02685E+01 1.50000E-01  8.64528E-07  1.50310E-01 
4.03356E+01 1.48000E-01  8.57156E-07  1.48332E-01 
4.04027E+01 1.46000E-01  8.55159E-07  1.46353E-01 
4.04698E+01 1.44000E-01  8.58845E-07  1.44374E-01 
4.05369E+01 1.42000E-01  8.52088E-07  1.42395E-01 
4.06040E+01 1.40000E-01  8.50091E-07  1.40264E-01 
4.06711E+01 1.38000E-01  8.53009E-07  1.38437E-01 
4.07383E+01 1.36000E-01  8.47173E-07  1.36611E-01 
4.08054E+01 1.34000E-01  8.46559E-07  1.34632E-01 
4.08725E+01 1.32000E-01  8.46559E-07  1.32501E-01 
4.09396E+01 1.30000E-01  8.42105E-07  1.30522E-01 
4.10067E+01 1.28000E-01  8.39955E-07  1.28543E-01 
4.10738E+01 1.26000E-01  8.40416E-07  1.26564E-01 
4.11409E+01 1.24000E-01  8.36730E-07  1.24585E-01 
4.12081E+01 1.22000E-01  8.34733E-07  1.22606E-01 
4.12752E+01 1.20000E-01  8.34733E-07  1.20475E-01 
4.13423E+01 1.18000E-01  8.30894E-07  1.18496E-01 
4.14094E+01 1.16000E-01  8.29665E-07  1.16517E-01 
4.14765E+01 1.14000E-01  8.28743E-07  1.14386E-01 
4.15436E+01 1.12000E-01  8.25825E-07  1.12560E-01 
4.16107E+01 1.10000E-01  8.24443E-07  1.10429E-01 
4.16779E+01 1.08000E-01  8.22600E-07  1.08602E-01 
4.17450E+01 1.06000E-01  8.20757E-07  1.06471E-01 
4.18121E+01 1.04000E-01  8.18914E-07  1.04492E-01 
4.18792E+01 1.02000E-01  8.16611E-07  1.02513E-01 
4.19463E+01 1.00000E-01  8.15075E-07  1.00534E-01 
4.20134E+01 9.80000E-02  8.13693E-07  9.85553E-02 
4.20805E+01 9.60000E-02  8.11389E-07  9.65764E-02 
4.21477E+01 9.40000E-02  8.09392E-07  9.44453E-02 
4.22148E+01 9.20000E-02  8.07856E-07  9.24665E-02 
4.22819E+01 9.00000E-02  8.04017E-07  9.04876E-02 
4.23490E+01 8.80000E-02  8.03863E-07  8.85087E-02 
4.24161E+01 8.60000E-02  8.01713E-07  8.65299E-02 
4.24832E+01 8.40000E-02  7.97874E-07  8.45510E-02 
4.25503E+01 8.20000E-02  7.97874E-07  8.24199E-02 
4.26174E+01 8.00000E-02  7.95724E-07  8.04410E-02 
4.26846E+01 7.80000E-02  7.91270E-07  7.84621E-02 
4.27517E+01 7.60000E-02  7.91577E-07  7.64833E-02 
4.28188E+01 7.40000E-02  7.89427E-07  7.43522E-02 
4.28859E+01 7.20000E-02  7.84819E-07  7.23733E-02 
4.29530E+01 7.00000E-02  7.85434E-07  7.03944E-02 
4.30201E+01 6.80000E-02  7.83130E-07  6.84156E-02 
4.30872E+01 6.60000E-02  7.78369E-07  6.64367E-02 
4.31544E+01 6.40000E-02  7.79137E-07  6.44578E-02 
4.32215E+01 6.20000E-02  7.76833E-07  6.24789E-02 
4.32886E+01 6.00000E-02  7.72687E-07  6.03478E-02 
4.33557E+01 5.80000E-02  7.72533E-07  5.85212E-02 
4.34228E+01 5.60000E-02  7.70383E-07  5.65423E-02 
4.34899E+01 5.40000E-02  7.65929E-07  5.45635E-02 
4.35570E+01 5.20000E-02  7.66236E-07  5.24324E-02 
4.36242E+01 5.00000E-02  7.63472E-07  5.04535E-02 
4.36913E+01 4.80000E-02  7.59172E-07  4.86268E-02 
4.37584E+01 4.60000E-02  7.59325E-07  4.64957E-02 
4.38255E+01 4.40000E-02  7.56407E-07  4.45169E-02 
4.38926E+01 4.20000E-02  7.52568E-07  4.25380E-02 
4.39597E+01 4.00000E-02  7.52107E-07  4.05591E-02 
4.40268E+01 3.80000E-02  7.49496E-07  3.84280E-02 
4.40940E+01 3.60000E-02  7.45656E-07  3.64492E-02 
4.41611E+01 3.40000E-02  7.44889E-07  3.44703E-02 
4.42282E+01 3.20000E-02  7.42431E-07  3.24914E-02 
4.42953E+01 3.00000E-02  7.38745E-07  3.05125E-02 
4.43624E+01 2.80000E-02  7.37824E-07  2.85337E-02 
4.44295E+01 2.60000E-02  7.35367E-07  2.64026E-02 
4.44966E+01 2.40000E-02  7.31681E-07  2.44237E-02 
4.45638E+01 2.20000E-02  7.30606E-07  2.24448E-02 
4.46309E+01 2.00000E-02  7.27995E-07  2.04660E-02 
4.46980E+01 1.80000E-02  7.24462E-07  1.84871E-02 
4.47651E+01 1.60000E-02  7.23234E-07  1.65082E-02 
4.48322E+01 1.40000E-02  7.20623E-07  1.43771E-02 
4.48993E+01 1.20000E-02  7.17244E-07  1.23982E-02 
4.49664E+01 1.00000E-02  7.15862E-07  1.05716E-02 
4.50336E+01 8.00000E-03  7.13097E-07  8.44050E-03 
4.51007E+01 6.00000E-03  7.09872E-07  6.46163E-03 
4.51678E+01 4.00000E-03  7.08183E-07  4.48276E-03 
4.52349E+01 2.00000E-03  7.05726E-07  2.50388E-03 
4.53020E+01 3.14419E-18  7.02654E-07  3.72789E-04 
4.53691E+01 -2.00000E-03 7.00811E-07  -1.60608E-03
4.54362E+01 -4.00000E-03 6.98200E-07  -3.58496E-03
4.55034E+01 -6.00000E-03 6.95282E-07  -5.71605E-03
4.55705E+01 -8.00000E-03 6.93132E-07  -7.69492E-03
4.56376E+01 -1.00000E-02 6.90521E-07  -9.52157E-03
4.57047E+01 -1.20000E-02 6.87757E-07  -1.16527E-02
4.57718E+01 -1.40000E-02 6.85760E-07  -1.36315E-02
4.58389E+01 -1.60000E-02 6.82996E-07  -1.56104E-02
4.59060E+01 -1.80000E-02 6.80078E-07  -1.74371E-02
4.59732E+01 -2.00000E-02 6.78081E-07  -1.92637E-02
4.60403E+01 -2.20000E-02 6.75163E-07  -2.13948E-02
4.61074E+01 -2.40000E-02 6.72552E-07  -2.33737E-02
4.61745E+01 -2.60000E-02 6.70402E-07  -2.53526E-02
4.62416E+01 -2.80000E-02 6.67484E-07  -2.73314E-02
4.63087E+01 -3.00000E-02 6.64873E-07  -2.93103E-02
4.63758E+01 -3.20000E-02 6.62569E-07  -3.12892E-02
4.64430E+01 -3.40000E-02 6.59805E-07  -3.34203E-02
4.65101E+01 -3.60000E-02 6.57041E-07  -3.53991E-02
4.65772E+01 -3.80000E-02 6.54890E-07  -3.73780E-02
4.66443E+01 -4.00000E-02 6.51972E-07  -3.93569E-02
4.67114E+01 -4.20000E-02 6.49362E-07  -4.13358E-02
4.67785E+01 -4.40000E-02 6.47058E-07  -4.34668E-02
4.68456E+01 -4.60000E-02 6.44140E-07  -4.54457E-02
4.69128E+01 -4.80000E-02 6.41529E-07  -4.74246E-02
4.69799E+01 -5.00000E-02 6.39225E-07  -4.94035E-02
4.70470E+01 -5.20000E-02 6.36307E-07  -5.13823E-02
4.71141E+01 -5.40000E-02 6.33696E-07  -5.33612E-02
4.71812E+01 -5.60000E-02 6.31546E-07  -5.53401E-02
4.72483E+01 -5.80000E-02 6.28475E-07  -5.73190E-02
4.73154E+01 -6.00000E-02 6.25864E-07  -5.92978E-02
4.73826E+01 -6.20000E-02 6.23714E-07  -6.14289E-02
4.74497E+01 -6.40000E-02 6.20949E-07  -6.34078E-02
4.75168E+01 -6.60000E-02 6.18492E-07  -6.53867E-02
4.75839E+01 -6.80000E-02 6.16188E-07  -6.73655E-02
4.76510E+01 -7.00000E-02 6.13117E-07  -6.93444E-02
4.77181E+01 -7.20000E-02 6.10506E-07  -7.14755E-02
4.77852E+01 -7.40000E-02 6.08356E-07  -7.34544E-02
4.78523E+01 -7.60000E-02 6.05284E-07  -7.54332E-02
4.79195E+01 -7.80000E-02 6.02673E-07  -7.74121E-02
4.79866E+01 -8.00000E-02 6.00523E-07  -7.95432E-02
4.80537E+01 -8.20000E-02 5.96683E-07  -8.15221E-02
4.81208E+01 -8.40000E-02 5.94687E-07  -8.35010E-02
4.81879E+01 -8.60000E-02 5.92537E-07  -8.54798E-02
4.82550E+01 -8.80000E-02 5.89465E-07  -8.74587E-02
4.83221E+01 -9.00000E-02 5.86854E-07  -8.94376E-02
4.83893E+01 -9.20000E-02 5.86086E-07  -9.15687E-02
4.84564E+01 -9.40000E-02 5.81479E-07  -9.35475E-02
4.85235E+01 -9.60000E-02 5.78868E-07  -9.53742E-02
4.85906E+01 -9.80000E-02 5.76872E-07  -9.73531E-02
4.86577E+01 -1.00000E-01 5.73800E-07  -9.93319E-02
4.87248E+01 -1.02000E-01 5.71189E-07  -1.01463E-01
4.87919E+01 -1.04000E-01 5.69039E-07  -1.03442E-01
4.88591E+01 -1.06000E-01 5.65814E-07  -1.05421E-01
4.89262E+01 -1.08000E-01 5.63203E-07  -1.07247E-01
4.89933E+01 -1.10000E-01 5.61206E-07  -1.09379E-01
4.90604E+01 -1.12000E-01 5.57828E-07  -1.11357E-01
4.91275E+01 -1.14000E-01 5.55217E-07  -1.13488E-01
4.91946E+01 -1.16000E-01 5.53220E-07  -1.15467E-01
4.92617E+01 -1.18000E-01 5.49841E-07  -1.17446E-01
4.93289E+01 -1.20000E-01 5.47231E-07  -1.19577E-01
4.93960E+01 -1.22000E-01 5.45388E-07  -1.21556E-01
4.94631E+01 -1.24000E-01 5.42009E-07  -1.23535E-01
4.95302E+01 -1.26000E-01 5.39398E-07  -1.25362E-01
4.95973E+01 -1.28000E-01 5.37401E-07  -1.27493E-01
4.96644E+01 -1.30000E-01 5.34023E-07  -1.29472E-01
4.97315E+01 -1.32000E-01 5.31565E-07  -1.31451E-01
4.97987E+01 -1.34000E-01 5.29415E-07  -1.33582E-01
4.98658E+01 -1.36000E-01 5.26036E-07  -1.35408E-01
4.99329E+01 -1.38000E-01 5.23426E-07  -1.37539E-01
5.00000E+01 -1.40000E-01 5.21276E-07  -1.39518E-01
5.00671E+01 -1.42000E-01 5.17897E-07  -1.41497E-01
5.01342E+01 -1.44000E-01 5.15593E-07  -1.43476E-01
5.02013E+01 -1.46000E-01 5.13443E-07  -1.45455E-01
5.02685E+01 -1.48000E-01 5.10064E-07  -1.47434E-01
