time/s      E/V        I/A
0.00000E+00 -1.50000E-01 6.40607E-07  -1.49565E-01
6.71141E-02 -1.48000E-01 6.45215E-07  -1.47586E-01
1.34228E-01 -1.46000E-01 6.48133E-07  -1.45607E-01
2.01342E-01 -1.44000E-01 6.51358E-07  -1.43780E-01
2.68456E-01 -1.42000E-01 6.54123E-07  -1.41649E-01
3.35570E-01 -1.40000E-01 6.56887E-07  -1.39670E-01
4.02685E-01 -1.38000E-01 6.59959E-07  -1.37692E-01
4.69799E-01 -1.36000E-01 6.62877E-07  -1.35713E-01
5.36913E-01 -1.34000E-01 6.65487E-07  -1.33734E-01
6.04027E-01 -1.32000E-01 6.68406E-07  -1.31603E-01
6.71141E-01 -1.30000E-01 6.71324E-07  -1.29624E-01
7.38255E-01 -1.28000E-01 6.73934E-07  -1.27645E-01
8.05369E-01 -1.26000E-01 6.76699E-07  -1.25666E-01
8.72483E-01 -1.24000E-01 6.79770E-07  -1.23687E-01
9.39597E-01 -1.22000E-01 6.82228E-07  -1.21708E-01
1.00671E+00 -1.20000E-01 6.84992E-07  -1.19730E-01
1.07383E+00 -1.18000E-01 6.88217E-07  -1.17598E-01
1.14094E+00 -1.16000E-01 6.90675E-07  -1.15620E-01
1.20805E+00 -1.14000E-01 6.93439E-07  -1.13641E-01
1.27517E+00 -1.12000E-01 6.96204E-07  -1.11662E-01
1.34228E+00 -1.10000E-01 6.98814E-07  -1.09683E-01
1.40940E+00 -1.08000E-01 7.01425E-07  -1.07552E-01
1.47651E+00 -1.06000E-01 7.04190E-07  -1.05421E-01
1.54362E+00 -1.04000E-01 7.06801E-07  -1.03594E-01
1.61074E+00 -1.02000E-01 7.09565E-07  -1.01615E-01
1.67785E+00 -1.00000E-01 7.12329E-07  -9.96364E-02
1.74497E+00 -9.80000E-02 7.14787E-07  -9.76575E-02
1.81208E+00 -9.60000E-02 7.17551E-07  -9.56786E-02
1.87919E+00 -9.40000E-02 7.20316E-07  -9.36998E-02
1.94631E+00 -9.20000E-02 7.22927E-07  -9.17209E-02
2.01342E+00 -9.00000E-02 7.25691E-07  -8.95898E-02
2.08054E+00 -8.80000E-02 7.28455E-07  -8.76109E-02
2.14765E+00 -8.60000E-02 7.31066E-07  -8.56321E-02
2.21477E+00 -8.40000E-02 7.33831E-07  -8.36532E-02
2.28188E+00 -8.20000E-02 7.36595E-07  -8.16743E-02
2.34899E+00 -8.00000E-02 7.39052E-07  -7.96954E-02
2.41611E+00 -7.80000E-02 7.42278E-07  -7.77166E-02
2.48322E+00 -7.60000E-02 7.44889E-07  -7.55855E-02
2.55034E+00 -7.40000E-02 7.47346E-07  -7.36066E-02
2.61745E+00 -7.20000E-02 7.50110E-07  -7.16277E-02
2.68456E+00 -7.00000E-02 7.52875E-07  -6.94966E-02
2.75168E+00 -6.80000E-02 7.55332E-07  -6.75178E-02
2.81879E+00 -6.60000E-02 7.58096E-07  -6.56911E-02
2.88591E+00 -6.40000E-02 7.61014E-07  -6.35600E-02
2.95302E+00 -6.20000E-02 7.63472E-07  -6.15811E-02
3.02013E+00 -6.00000E-02 7.66236E-07  -5.96023E-02
3.08725E+00 -5.80000E-02 7.69001E-07  -5.76234E-02
3.15436E+00 -5.60000E-02 7.71458E-07  -5.56445E-02
3.22148E+00 -5.40000E-02 7.74222E-07  -5.36657E-02
3.28859E+00 -5.20000E-02 7.76833E-07  -5.16868E-02
3.35570E+00 -5.00000E-02 7.79444E-07  -4.95557E-02
3.42282E+00 -4.80000E-02 7.82055E-07  -4.75768E-02
3.48993E+00 -4.60000E-02 7.84512E-07  -4.55979E-02
3.55705E+00 -4.40000E-02 7.87430E-07  -4.36191E-02
3.62416E+00 -4.20000E-02 7.90195E-07  -4.16402E-02
3.69128E+00 -4.00000E-02 7.92652E-07  -3.96613E-02
3.75839E+00 -3.80000E-02 7.95416E-07  -3.75302E-02
3.82550E+00 -3.60000E-02 7.98335E-07  -3.55514E-02
3.89262E+00 -3.40000E-02 8.00792E-07  -3.35725E-02
3.95973E+00 -3.20000E-02 8.03556E-07  -3.15936E-02
4.02685E+00 -3.00000E-02 8.06474E-07  -2.94625E-02
4.09396E+00 -2.80000E-02 8.08932E-07  -2.76359E-02
4.16107E+00 -2.60000E-02 8.11542E-07  -2.56570E-02
4.22819E+00 -2.40000E-02 8.14460E-07  -2.35259E-02
4.29530E+00 -2.20000E-02 8.17071E-07  -2.15470E-02
4.36242E+00 -2.00000E-02 8.19836E-07  -1.95682E-02
4.42953E+00 -1.80000E-02 8.22447E-07  -1.75893E-02
4.49664E+00 -1.60000E-02 8.25211E-07  -1.59149E-02
4.56376E+00 -1.40000E-02 8.27976E-07  -1.37838E-02
4.63087E+00 -1.20000E-02 8.30586E-07  -1.18049E-02
4.69799E+00 -1.00000E-02 8.33197E-07  -9.82602E-03
4.76510E+00 -8.00000E-03 8.36115E-07  -7.84714E-03
4.83221E+00 -6.00000E-03 8.38726E-07  -5.86827E-03
4.89933E+00 -4.00000E-03 8.41337E-07  -3.88940E-03
4.96644E+00 -2.00000E-03 8.44255E-07  -1.91053E-03
5.03356E+00 3.11708E-18  8.47019E-07  2.20568E-04 
5.10067E+00 2.00000E-03  8.49630E-07  2.19944E-03 
5.16779E+00 4.00000E-03  8.52395E-07  4.17831E-03 
5.23490E+00 6.00000E-03  8.55006E-07  6.30941E-03 
5.30201E+00 8.00000E-03  8.57770E-07  8.28828E-03 
5.36913E+00 1.00000E-02  8.60535E-07  1.02672E-02 
5.43624E+00 1.20000E-02  8.63299E-07  1.22460E-02 
5.50336E+00 1.40000E-02  8.66063E-07  1.42249E-02 
5.57047E+00 1.60000E-02  8.68828E-07  1.62038E-02 
5.63758E+00 1.80000E-02  8.71439E-07  1.83349E-02 
5.70470E+00 2.00000E-02  8.74203E-07  2.03137E-02 
5.77181E+00 2.20000E-02  8.76968E-07  2.22926E-02 
5.83893E+00 2.40000E-02  8.79886E-07  2.42715E-02 
5.90604E+00 2.60000E-02  8.82650E-07  2.62504E-02 
5.97315E+00 2.80000E-02  8.85415E-07  2.82292E-02 
6.04027E+00 3.00000E-02  8.88333E-07  3.03603E-02 
6.10738E+00 3.20000E-02  8.91097E-07  3.21870E-02 
6.17450E+00 3.40000E-02  8.93708E-07  3.41658E-02 
6.24161E+00 3.60000E-02  8.96472E-07  3.61447E-02 
6.30872E+00 3.80000E-02  8.99390E-07  3.82758E-02 
6.37584E+00 4.00000E-02  9.01848E-07  4.02547E-02 
6.44295E+00 4.20000E-02  9.04919E-07  4.22336E-02 
6.51007E+00 4.40000E-02  9.07684E-07  4.43646E-02 
6.57718E+00 4.60000E-02  9.10448E-07  4.63435E-02 
6.64430E+00 4.80000E-02  9.13213E-07  4.83224E-02 
6.71141E+00 5.00000E-02  9.16131E-07  5.03013E-02 
6.77852E+00 5.20000E-02  9.18895E-07  5.22801E-02 
6.84564E+00 5.40000E-02  9.21813E-07  5.42590E-02 
6.91275E+00 5.60000E-02  9.24731E-07  5.62379E-02 
6.97987E+00 5.80000E-02  9.27496E-07  5.83690E-02 
7.04698E+00 6.00000E-02  9.30260E-07  6.03478E-02 
7.11409E+00 6.20000E-02  9.33025E-07  6.21745E-02 
7.18121E+00 6.40000E-02  9.35943E-07  6.43056E-02 
7.24832E+00 6.60000E-02  9.38707E-07  6.62845E-02 
7.31544E+00 6.80000E-02  9.41471E-07  6.82633E-02 
7.38255E+00 7.00000E-02  9.44543E-07  7.02422E-02 
7.44966E+00 7.20000E-02  9.47307E-07  7.22211E-02 
7.51678E+00 7.40000E-02  9.49918E-07  7.42000E-02 
7.58389E+00 7.60000E-02  9.53144E-07  7.61788E-02 
7.65101E+00 7.80000E-02  9.55908E-07  7.83099E-02 
7.71812E+00 8.00000E-02  9.58672E-07  8.02888E-02 
7.78523E+00 8.20000E-02  9.61744E-07  8.22677E-02 
7.85235E+00 8.40000E-02  9.64662E-07  8.42465E-02 
7.91946E+00 8.60000E-02  9.67580E-07  8.63776E-02 
7.98658E+00 8.80000E-02  9.70498E-07  8.83565E-02 
8.05369E+00 9.00000E-02  9.71727E-07  9.03354E-02 
8.12081E+00 9.20000E-02  9.76488E-07  9.23142E-02 
8.18792E+00 9.40000E-02  9.79867E-07  9.42931E-02 
8.25503E+00 9.60000E-02  9.82324E-07  9.62720E-02 
8.32215E+00 9.80000E-02  9.85395E-07  9.84031E-02 
8.38926E+00 1.00000E-01  9.90924E-07  1.00230E-01 
8.45638E+00 1.02000E-01  9.91692E-07  1.02361E-01 
8.52349E+00 1.04000E-01  9.94457E-07  1.04340E-01 
8.59060E+00 1.06000E-01  9.97989E-07  1.06319E-01 
8.65772E+00 1.08000E-01  1.00060E-06  1.08450E-01 
8.72483E+00 1.10000E-01  1.00383E-06  1.10276E-01 
8.79195E+00 1.12000E-01  1.00751E-06  1.12255E-01 
8.85906E+00 1.14000E-01  1.00981E-06  1.14234E-01 
8.92617E+00 1.16000E-01  1.01304E-06  1.16365E-01 
8.99329E+00 1.18000E-01  1.01688E-06  1.18344E-01 
9.06040E+00 1.20000E-01  1.01903E-06  1.20323E-01 
9.12752E+00 1.22000E-01  1.02256E-06  1.22454E-01 
9.19463E+00 1.24000E-01  1.02609E-06  1.24433E-01 
9.26174E+00 1.26000E-01  1.02855E-06  1.26412E-01 
9.32886E+00 1.28000E-01  1.03208E-06  1.28391E-01 
9.39597E+00 1.30000E-01  1.03577E-06  1.30369E-01 
9.46309E+00 1.32000E-01  1.03838E-06  1.32348E-01 
9.53020E+00 1.34000E-01  1.04176E-06  1.34327E-01 
9.59732E+00 1.36000E-01  1.04637E-06  1.36458E-01 
9.66443E+00 1.38000E-01  1.04867E-06  1.38285E-01 
9.73154E+00 1.40000E-01  1.05205E-06  1.40112E-01 
9.79866E+00 1.42000E-01  1.05758E-06  1.42091E-01 
9.86577E+00 1.44000E-01  1.05850E-06  1.44222E-01 
9.93289E+00 1.46000E-01  1.06234E-06  1.46200E-01 
1.00000E+01 1.48000E-01  1.06710E-06  1.48179E-01 
1.00671E+01 1.50000E-01  1.07002E-06  1.50158E-01 
1.01342E+01 1.52000E-01  1.07248E-06  1.52137E-01 
1.02013E+01 1.54000E-01  1.07800E-06  1.54116E-01 
1.02685E+01 1.56000E-01  1.08015E-06  1.56095E-01 
1.03356E+01 1.58000E-01  1.08292E-06  1.58226E-01 
1.04027E+01 1.60000E-01  1.08860E-06  1.60205E-01 
1.04698E+01 1.62000E-01  1.09029E-06  1.62184E-01 
1.05369E+01 1.64000E-01  1.09536E-06  1.64163E-01 
1.06040E+01 1.66000E-01  1.09874E-06  1.66294E-01 
1.06711E+01 1.68000E-01  1.10104E-06  1.68120E-01 
1.07383E+01 1.70000E-01  1.10550E-06  1.70099E-01 
1.08054E+01 1.72000E-01  1.11056E-06  1.72230E-01 
1.08725E+01 1.74000E-01  1.11271E-06  1.74209E-01 
1.09396E+01 1.76000E-01  1.11625E-06  1.76188E-01 
1.10067E+01 1.78000E-01  1.11747E-06  1.78167E-01 
1.10738E+01 1.80000E-01  1.12331E-06  1.80146E-01 
1.11409E+01 1.82000E-01  1.12807E-06  1.82277E-01 
1.12081E+01 1.84000E-01  1.13314E-06  1.84256E-01 
1.12752E+01 1.86000E-01  1.13498E-06  1.86235E-01 
1.13423E+01 1.88000E-01  1.14036E-06  1.88213E-01 
1.14094E+01 1.90000E-01  1.14435E-06  1.90192E-01 
1.14765E+01 1.92000E-01  1.14727E-06  1.92171E-01 
1.15436E+01 1.94000E-01  1.15203E-06  1.94302E-01 
1.16107E+01 1.96000E-01  1.15510E-06  1.96281E-01 
1.16779E+01 1.98000E-01  1.15909E-06  1.98260E-01 
1.17450E+01 2.00000E-01  1.16386E-06  2.00239E-01 
1.18121E+01 2.02000E-01  1.16723E-06  2.02218E-01 
1.18792E+01 2.04000E-01  1.17061E-06  2.04349E-01 
1.19463E+01 2.06000E-01  1.17630E-06  2.06328E-01 
1.20134E+01 2.08000E-01  1.17921E-06  2.08307E-01 
1.20805E+01 2.10000E-01  1.18367E-06  2.10285E-01 
1.21477E+01 2.12000E-01  1.18920E-06  2.12264E-01 
1.22148E+01 2.14000E-01  1.19181E-06  2.14243E-01 
1.22819E+01 2.16000E-01  1.19626E-06  2.16222E-01 
1.23490E+01 2.18000E-01  1.20118E-06  2.18201E-01 
1.24161E+01 2.20000E-01  1.20394E-06  2.20180E-01 
1.24832E+01 2.22000E-01  1.20885E-06  2.22311E-01 
1.25503E+01 2.24000E-01  1.21331E-06  2.24290E-01 
1.26174E+01 2.26000E-01  1.21546E-06  2.26269E-01 
1.26846E+01 2.28000E-01  1.22206E-06  2.28095E-01 
1.27517E+01 2.30000E-01  1.22636E-06  2.30226E-01 
1.28188E+01 2.32000E-01  1.22790E-06  2.32205E-01 
1.28859E+01 2.34000E-01  1.23496E-06  2.34184E-01 
1.29530E+01 2.36000E-01  1.24049E-06  2.36315E-01 
1.30201E+01 2.38000E-01  1.23512E-06  2.38294E-01 
1.30872E+01 2.40000E-01  1.25186E-06  2.40273E-01 
1.31544E+01 2.42000E-01  1.25094E-06  2.42252E-01 
1.32215E+01 2.44000E-01  1.26292E-06  2.44231E-01 
1.32886E+01 2.46000E-01  1.25739E-06  2.46210E-01 
1.33557E+01 2.48000E-01  1.26491E-06  2.48189E-01 
1.34228E+01 2.50000E-01  1.26553E-06  2.50167E-01 
1.34899E+01 2.52000E-01  1.27213E-06  2.52146E-01 
1.35570E+01 2.54000E-01  1.27551E-06  2.54125E-01 
1.36242E+01 2.56000E-01  1.27720E-06  2.56104E-01 
1.36913E+01 2.58000E-01  1.28457E-06  2.58235E-01 
1.37584E+01 2.60000E-01  1.28733E-06  2.60214E-01 
1.38255E+01 2.62000E-01  1.29117E-06  2.62193E-01 
1.38926E+01 2.64000E-01  1.29578E-06  2.64172E-01 
1.39597E+01 2.66000E-01  1.29977E-06  2.66151E-01 
1.40268E+01 2.68000E-01  1.30223E-06  2.68129E-01 
1.40940E+01 2.70000E-01  1.30822E-06  2.70108E-01 
1.41611E+01 2.72000E-01  1.31022E-06  2.72239E-01 
1.42282E+01 2.74000E-01  1.31298E-06  2.74218E-01 
1.42953E+01 2.76000E-01  1.31882E-06  2.76197E-01 
1.43624E+01 2.78000E-01  1.32143E-06  2.78176E-01 
1.44295E+01 2.80000E-01  1.32373E-06  2.80307E-01 
1.44966E+01 2.82000E-01  1.33003E-06  2.82286E-01 
1.45638E+01 2.84000E-01  1.33249E-06  2.84265E-01 
1.46309E+01 2.86000E-01  1.33372E-06  2.86244E-01 
1.46980E+01 2.88000E-01  1.33909E-06  2.88223E-01 
1.47651E+01 2.90000E-01  1.34170E-06  2.90201E-01 
1.48322E+01 2.92000E-01  1.34523E-06  2.92333E-01 
1.48993E+01 2.94000E-01  1.34877E-06  2.94159E-01 
1.49664E+01 2.96000E-01  1.35061E-06  2.96138E-01 
1.50336E+01 2.98000E-01  1.35261E-06  2.98269E-01 
1.51007E+01 3.00000E-01  1.35737E-06  3.00248E-01 
1.51678E+01 3.02000E-01  1.35906E-06  3.02227E-01 
1.52349E+01 3.04000E-01  1.36397E-06  3.04206E-01 
1.53020E+01 3.06000E-01  1.36520E-06  3.06185E-01 
1.53691E+01 3.08000E-01  1.36735E-06  3.08164E-01 
1.54362E+01 3.10000E-01  1.37058E-06  3.10142E-01 
1.55034E+01 3.12000E-01  1.37242E-06  3.12274E-01 
1.55705E+01 3.14000E-01  1.37503E-06  3.14252E-01 
1.56376E+01 3.16000E-01  1.37779E-06  3.16231E-01 
1.57047E+01 3.18000E-01  1.38040E-06  3.18210E-01 
1.57718E+01 3.20000E-01  1.38179E-06  3.20341E-01 
1.58389E+01 3.22000E-01  1.38470E-06  3.22320E-01 
1.59060E+01 3.24000E-01  1.38701E-06  3.24147E-01 
1.59732E+01 3.26000E-01  1.39023E-06  3.26126E-01 
1.60403E+01 3.28000E-01  1.38900E-06  3.28257E-01 
1.61074E+01 3.30000E-01  1.39515E-06  3.30236E-01 
1.61745E+01 3.32000E-01  1.39469E-06  3.32214E-01 
1.62416E+01 3.34000E-01  1.39162E-06  3.34193E-01 
1.63087E+01 3.36000E-01  1.40283E-06  3.36324E-01 
1.63758E+01 3.38000E-01  1.40467E-06  3.38303E-01 
1.64430E+01 3.40000E-01  1.40191E-06  3.40282E-01 
1.65101E+01 3.42000E-01  1.40836E-06  3.42261E-01 
1.65772E+01 3.44000E-01  1.40559E-06  3.44240E-01 
1.66443E+01 3.46000E-01  1.40743E-06  3.46219E-01 
1.67114E+01 3.48000E-01  1.41296E-06  3.48198E-01 
1.67785E+01 3.50000E-01  1.41035E-06  3.50329E-01 
1.68456E+01 3.52000E-01  1.41189E-06  3.52308E-01 
1.69128E+01 3.54000E-01  1.41834E-06  3.54287E-01 
1.69799E+01 3.56000E-01  1.41481E-06  3.56265E-01 
1.70470E+01 3.58000E-01  1.41696E-06  3.58396E-01 
1.71141E+01 3.60000E-01  1.42049E-06  3.60375E-01 
1.71812E+01 3.62000E-01  1.41880E-06  3.62354E-01 
1.72483E+01 3.64000E-01  1.42018E-06  3.64181E-01 
1.73154E+01 3.66000E-01  1.42510E-06  3.66312E-01 
1.73826E+01 3.68000E-01  1.42279E-06  3.68291E-01 
1.74497E+01 3.70000E-01  1.42479E-06  3.70270E-01 
1.75168E+01 3.72000E-01  1.42740E-06  3.72249E-01 
1.75839E+01 3.74000E-01  1.42709E-06  3.74227E-01 
1.76510E+01 3.76000E-01  1.42801E-06  3.76206E-01 
1.77181E+01 3.78000E-01  1.43078E-06  3.78185E-01 
1.77852E+01 3.80000E-01  1.43062E-06  3.80316E-01 
1.78523E+01 3.82000E-01  1.43185E-06  3.82143E-01 
1.79195E+01 3.84000E-01  1.43400E-06  3.84274E-01 
1.79866E+01 3.86000E-01  1.43416E-06  3.86253E-01 
1.80537E+01 3.88000E-01  1.43539E-06  3.88232E-01 
1.81208E+01 3.90000E-01  1.43738E-06  3.90211E-01 
1.81879E+01 3.92000E-01  1.43815E-06  3.92342E-01 
1.82550E+01 3.94000E-01  1.43677E-06  3.94321E-01 
1.83221E+01 3.96000E-01  1.44276E-06  3.96300E-01 
1.83893E+01 3.98000E-01  1.44230E-06  3.98431E-01 
1.84564E+01 4.00000E-01  1.44337E-06  4.00409E-01 
1.85235E+01 4.02000E-01  1.44552E-06  4.02236E-01 
1.85906E+01 4.04000E-01  1.44644E-06  4.04215E-01 
1.86577E+01 4.06000E-01  1.44783E-06  4.06346E-01 
1.87248E+01 4.08000E-01  1.44921E-06  4.08325E-01 
1.87919E+01 4.10000E-01  1.45167E-06  4.10304E-01 
1.88591E+01 4.12000E-01  1.45197E-06  4.12283E-01 
1.89262E+01 4.14000E-01  1.45443E-06  4.14262E-01 
1.89933E+01 4.16000E-01  1.45535E-06  4.16393E-01 
1.90604E+01 4.18000E-01  1.45704E-06  4.18372E-01 
1.91275E+01 4.20000E-01  1.45842E-06  4.20350E-01 
1.91946E+01 4.22000E-01  1.46042E-06  4.22329E-01 
1.92617E+01 4.24000E-01  1.46211E-06  4.24308E-01 
1.93289E+01 4.26000E-01  1.46487E-06  4.26287E-01 
1.93960E+01 4.28000E-01  1.46395E-06  4.28418E-01 
1.94631E+01 4.30000E-01  1.46764E-06  4.30397E-01 
1.95302E+01 4.32000E-01  1.47025E-06  4.32376E-01 
1.95973E+01 4.34000E-01  1.47148E-06  4.34355E-01 
1.96644E+01 4.36000E-01  1.47347E-06  4.36486E-01 
1.97315E+01 4.38000E-01  1.47608E-06  4.38465E-01 
1.97987E+01 4.40000E-01  1.47777E-06  4.40444E-01 
1.98658E+01 4.42000E-01  1.47977E-06  4.42422E-01 
1.99329E+01 4.44000E-01  1.48161E-06  4.44401E-01 
2.00000E+01 4.46000E-01  1.48376E-06  4.46380E-01 
2.00671E+01 4.48000E-01  1.48607E-06  4.48359E-01 
2.01342E+01 4.50000E-01  1.48776E-06  4.50186E-01 
2.02013E+01 4.52000E-01  1.49037E-06  4.52165E-01 
2.02685E+01 4.54000E-01  1.49267E-06  4.54143E-01 
2.03356E+01 4.56000E-01  1.49436E-06  4.56122E-01 
2.04027E+01 4.58000E-01  1.49713E-06  4.58253E-01 
2.04698E+01 4.60000E-01  1.50004E-06  4.60080E-01 
2.05369E+01 4.62000E-01  1.50173E-06  4.62059E-01 
2.06040E+01 4.64000E-01  1.50434E-06  4.64190E-01 
2.06711E+01 4.66000E-01  1.50695E-06  4.66169E-01 
2.07383E+01 4.68000E-01  1.50910E-06  4.68148E-01 
2.08054E+01 4.70000E-01  1.51218E-06  4.70127E-01 
2.08725E+01 4.72000E-01  1.51463E-06  4.72258E-01 
2.09396E+01 4.74000E-01  1.51694E-06  4.74237E-01 
2.10067E+01 4.76000E-01  1.51939E-06  4.76216E-01 
2.10738E+01 4.78000E-01  1.52216E-06  4.78347E-01 
2.11409E+01 4.80000E-01  1.52446E-06  4.80173E-01 
2.12081E+01 4.82000E-01  1.52738E-06  4.82152E-01 
2.12752E+01 4.84000E-01  1.52999E-06  4.84283E-01 
2.13423E+01 4.86000E-01  1.53260E-06  4.86262E-01 
2.14094E+01 4.88000E-01  1.53567E-06  4.88241E-01 
2.14765E+01 4.90000E-01  1.53844E-06  4.90220E-01 
2.15436E+01 4.92000E-01  1.54059E-06  4.92199E-01 
2.16107E+01 4.94000E-01  1.54381E-06  4.94178E-01 
2.16779E+01 4.96000E-01  1.54673E-06  4.96309E-01 
2.17450E+01 4.98000E-01  1.54888E-06  4.98288E-01 
2.18121E+01 5.00000E-01  1.55226E-06  5.00114E-01 
2.18792E+01 5.02000E-01  1.55518E-06  5.02245E-01 
2.19463E+01 5.04000E-01  1.55733E-06  5.04224E-01 
2.20134E+01 5.06000E-01  1.56101E-06  5.06203E-01 
2.20805E+01 5.08000E-01  1.56363E-06  5.08334E-01 
2.21477E+01 5.10000E-01  1.56593E-06  5.10313E-01 
2.22148E+01 5.12000E-01  1.56946E-06  5.12292E-01 
2.22819E+01 5.14000E-01  1.57253E-06  5.14271E-01 
2.23490E+01 5.16000E-01  1.57484E-06  5.16402E-01 
2.24161E+01 5.18000E-01  1.57852E-06  5.18228E-01 
2.24832E+01 5.20000E-01  1.58159E-06  5.20207E-01 
2.25503E+01 5.22000E-01  1.58374E-06  5.22186E-01 
2.26174E+01 5.24000E-01  1.58758E-06  5.24317E-01 
2.26846E+01 5.26000E-01  1.59066E-06  5.26296E-01 
2.27517E+01 5.28000E-01  1.59311E-06  5.28123E-01 
2.28188E+01 5.30000E-01  1.59680E-06  5.30254E-01 
2.28859E+01 5.32000E-01  1.59987E-06  5.32233E-01 
2.29530E+01 5.34000E-01  1.60248E-06  5.34212E-01 
2.30201E+01 5.36000E-01  1.60601E-06  5.36191E-01 
2.30872E+01 5.38000E-01  1.60924E-06  5.38169E-01 
2.31544E+01 5.40000E-01  1.61200E-06  5.40148E-01 
2.32215E+01 5.42000E-01  1.61569E-06  5.42279E-01 
2.32886E+01 5.44000E-01  1.61876E-06  5.44258E-01 
2.33557E+01 5.46000E-01  1.62168E-06  5.46237E-01 
2.34228E+01 5.48000E-01  1.62521E-06  5.48368E-01 
2.34899E+01 5.50000E-01  1.62844E-06  5.50347E-01 
2.35570E+01 5.52000E-01  1.63151E-06  5.52326E-01 
2.36242E+01 5.54000E-01  1.63504E-06  5.54305E-01 
2.36913E+01 5.56000E-01  1.63827E-06  5.56284E-01 
2.37584E+01 5.58000E-01  1.64149E-06  5.58263E-01 
2.38255E+01 5.60000E-01  1.64487E-06  5.60241E-01 
2.38926E+01 5.62000E-01  1.64809E-06  5.62220E-01 
2.39597E+01 5.64000E-01  1.65147E-06  5.64351E-01 
2.40268E+01 5.66000E-01  1.65501E-06  5.66330E-01 
2.40940E+01 5.68000E-01  1.65823E-06  5.68157E-01 
2.41611E+01 5.70000E-01  1.66176E-06  5.70288E-01 
2.42282E+01 5.72000E-01  1.66530E-06  5.72267E-01 
2.42953E+01 5.74000E-01  1.66867E-06  5.74398E-01 
2.43624E+01 5.76000E-01  1.67221E-06  5.76377E-01 
2.44295E+01 5.78000E-01  1.67589E-06  5.78204E-01 
2.44966E+01 5.80000E-01  1.67912E-06  5.80335E-01 
2.45638E+01 5.82000E-01  1.68280E-06  5.82314E-01 
2.46309E+01 5.84000E-01  1.68649E-06  5.84292E-01 
2.46980E+01 5.86000E-01  1.69002E-06  5.86271E-01 
2.47651E+01 5.88000E-01  1.69371E-06  5.88402E-01 
2.48322E+01 5.90000E-01  1.69724E-06  5.90381E-01 
2.48993E+01 5.92000E-01  1.70077E-06  5.92360E-01 
2.49664E+01 5.94000E-01  1.70461E-06  5.94339E-01 
2.50336E+01 5.96000E-01  1.70845E-06  5.96318E-01 
2.51007E+01 5.98000E-01  1.71198E-06  5.98297E-01 
2.51678E+01 6.00000E-01  1.71582E-06  6.00276E-01 
2.52349E+01 5.98000E-01  1.70262E-06  5.98449E-01 
2.53020E+01 5.96000E-01  1.69402E-06  5.96470E-01 
2.53691E+01 5.94000E-01  1.68634E-06  5.94491E-01 
2.54362E+01 5.92000E-01  1.67943E-06  5.92512E-01 
2.55034E+01 5.90000E-01  1.67236E-06  5.90533E-01 
2.55705E+01 5.88000E-01  1.66606E-06  5.88555E-01 
2.56376E+01 5.86000E-01  1.65961E-06  5.86576E-01 
2.57047E+01 5.84000E-01  1.65378E-06  5.84445E-01 
2.57718E+01 5.82000E-01  1.64794E-06  5.82466E-01 
2.58389E+01 5.80000E-01  1.64257E-06  5.80335E-01 
2.59060E+01 5.78000E-01  1.63704E-06  5.78508E-01 
2.59732E+01 5.76000E-01  1.63212E-06  5.76529E-01 
2.60403E+01 5.74000E-01  1.62690E-06  5.74550E-01 
2.61074E+01 5.72000E-01  1.62153E-06  5.72419E-01 
2.61745E+01 5.70000E-01  1.61646E-06  5.70440E-01 
2.62416E+01 5.68000E-01  1.61185E-06  5.68461E-01 
2.63087E+01 5.66000E-01  1.60678E-06  5.66483E-01 
2.63758E+01 5.64000E-01  1.60202E-06  5.64504E-01 
2.64430E+01 5.62000E-01  1.59757E-06  5.62525E-01 
2.65101E+01 5.60000E-01  1.59281E-06  5.60394E-01 
2.65772E+01 5.58000E-01  1.58820E-06  5.58415E-01 
2.66443E+01 5.56000E-01  1.58405E-06  5.56436E-01 
2.67114E+01 5.54000E-01  1.57914E-06  5.54457E-01 
2.67785E+01 5.52000E-01  1.57499E-06  5.52478E-01 
2.68456E+01 5.50000E-01  1.57100E-06  5.50499E-01 
2.69128E+01 5.48000E-01  1.56624E-06  5.48520E-01 
2.69799E+01 5.46000E-01  1.56209E-06  5.46389E-01 
2.70470E+01 5.44000E-01  1.55825E-06  5.44411E-01 
2.71141E+01 5.42000E-01  1.55380E-06  5.42432E-01 
2.71812E+01 5.40000E-01  1.54950E-06  5.40453E-01 
2.72483E+01 5.38000E-01  1.54581E-06  5.38322E-01 
2.73154E+01 5.36000E-01  1.54136E-06  5.36495E-01 
2.73826E+01 5.34000E-01  1.53721E-06  5.34364E-01 
2.74497E+01 5.32000E-01  1.53368E-06  5.32385E-01 
2.75168E+01 5.30000E-01  1.52938E-06  5.30406E-01 
2.75839E+01 5.28000E-01  1.52569E-06  5.28427E-01 
2.76510E+01 5.26000E-01  1.52185E-06  5.26448E-01 
2.77181E+01 5.24000E-01  1.51755E-06  5.24470E-01 
2.77852E+01 5.22000E-01  1.51387E-06  5.22491E-01 
2.78523E+01 5.20000E-01  1.51018E-06  5.20512E-01 
2.79195E+01 5.18000E-01  1.50588E-06  5.18533E-01 
2.79866E+01 5.16000E-01  1.50189E-06  5.16554E-01 
2.80537E+01 5.14000E-01  1.49835E-06  5.14423E-01 
2.81208E+01 5.12000E-01  1.49436E-06  5.12444E-01 
2.81879E+01 5.10000E-01  1.49037E-06  5.10465E-01 
2.82550E+01 5.08000E-01  1.48699E-06  5.08334E-01 
2.83221E+01 5.06000E-01  1.48300E-06  5.06355E-01 
2.83893E+01 5.04000E-01  1.47916E-06  5.04376E-01 
2.84564E+01 5.02000E-01  1.47608E-06  5.02398E-01 
2.85235E+01 5.00000E-01  1.47194E-06  5.00266E-01 
2.85906E+01 4.98000E-01  1.46825E-06  4.98440E-01 
2.86577E+01 4.96000E-01  1.46487E-06  4.96461E-01 
2.87248E+01 4.94000E-01  1.46073E-06  4.94330E-01 
2.87919E+01 4.92000E-01  1.45704E-06  4.92351E-01 
2.88591E+01 4.90000E-01  1.45382E-06  4.90372E-01 
2.89262E+01 4.88000E-01  1.44967E-06  4.88393E-01 
2.89933E+01 4.86000E-01  1.44614E-06  4.86414E-01 
2.90604E+01 4.84000E-01  1.44276E-06  4.84435E-01 
2.91275E+01 4.82000E-01  1.43892E-06  4.82457E-01 
2.91946E+01 4.80000E-01  1.43523E-06  4.80325E-01 
2.92617E+01 4.78000E-01  1.43216E-06  4.78499E-01 
2.93289E+01 4.76000E-01  1.42801E-06  4.76368E-01 
2.93960E+01 4.74000E-01  1.42448E-06  4.74389E-01 
2.94631E+01 4.72000E-01  1.42141E-06  4.72410E-01 
2.95302E+01 4.70000E-01  1.41772E-06  4.70431E-01 
2.95973E+01 4.68000E-01  1.41388E-06  4.68300E-01 
2.96644E+01 4.66000E-01  1.41066E-06  4.66321E-01 
2.97315E+01 4.64000E-01  1.40667E-06  4.64342E-01 
2.97987E+01 4.62000E-01  1.40329E-06  4.62363E-01 
2.98658E+01 4.60000E-01  1.39991E-06  4.60232E-01 
2.99329E+01 4.58000E-01  1.39622E-06  4.58406E-01 
3.00000E+01 4.56000E-01  1.39269E-06  4.56275E-01 
3.00671E+01 4.54000E-01  1.38900E-06  4.54296E-01 
3.01342E+01 4.52000E-01  1.38547E-06  4.52317E-01 
3.02013E+01 4.50000E-01  1.38194E-06  4.50338E-01 
3.02685E+01 4.48000E-01  1.37825E-06  4.48664E-01 
3.03356E+01 4.46000E-01  1.37503E-06  4.46532E-01 
3.04027E+01 4.44000E-01  1.37150E-06  4.44554E-01 
3.04698E+01 4.42000E-01  1.36735E-06  4.42575E-01 
3.05369E+01 4.40000E-01  1.36443E-06  4.40596E-01 
3.06040E+01 4.38000E-01  1.36105E-06  4.38617E-01 
3.06711E+01 4.36000E-01  1.35675E-06  4.36638E-01 
3.07383E+01 4.34000E-01  1.35368E-06  4.34659E-01 
3.08054E+01 4.32000E-01  1.35015E-06  4.32680E-01 
3.08725E+01 4.30000E-01  1.34569E-06  4.30549E-01 
3.09396E+01 4.28000E-01  1.34308E-06  4.28570E-01 
3.10067E+01 4.26000E-01  1.33955E-06  4.26439E-01 
3.10738E+01 4.24000E-01  1.33479E-06  4.24460E-01 
3.11409E+01 4.22000E-01  1.33233E-06  4.22482E-01 
3.12081E+01 4.20000E-01  1.32865E-06  4.20503E-01 
3.12752E+01 4.18000E-01  1.32404E-06  4.18524E-01 
3.13423E+01 4.16000E-01  1.32174E-06  4.16545E-01 
3.14094E+01 4.14000E-01  1.31820E-06  4.14566E-01 
3.14765E+01 4.12000E-01  1.31329E-06  4.12587E-01 
3.15436E+01 4.10000E-01  1.31083E-06  4.10608E-01 
3.16107E+01 4.08000E-01  1.30715E-06  4.08477E-01 
3.16779E+01 4.06000E-01  1.30223E-06  4.06498E-01 
3.17450E+01 4.04000E-01  1.29993E-06  4.04519E-01 
3.18121E+01 4.02000E-01  1.29640E-06  4.02541E-01 
3.18792E+01 4.00000E-01  1.29133E-06  4.00562E-01 
3.19463E+01 3.98000E-01  1.28902E-06  3.98583E-01 
3.20134E+01 3.96000E-01  1.28503E-06  3.96452E-01 
3.20805E+01 3.94000E-01  1.28042E-06  3.94473E-01 
3.21477E+01 3.92000E-01  1.27797E-06  3.92494E-01 
3.22148E+01 3.90000E-01  1.27428E-06  3.90515E-01 
3.22819E+01 3.88000E-01  1.26937E-06  3.88384E-01 
3.23490E+01 3.86000E-01  1.26675E-06  3.86405E-01 
3.24161E+01 3.84000E-01  1.26307E-06  3.84426E-01 
3.24832E+01 3.82000E-01  1.25831E-06  3.82447E-01 
3.25503E+01 3.80000E-01  1.25570E-06  3.80469E-01 
3.26174E+01 3.78000E-01  1.25140E-06  3.78490E-01 
3.26846E+01 3.76000E-01  1.24740E-06  3.76511E-01 
3.27517E+01 3.74000E-01  1.24433E-06  3.74532E-01 
3.28188E+01 3.72000E-01  1.24003E-06  3.72553E-01 
3.28859E+01 3.70000E-01  1.23589E-06  3.70726E-01 
3.29530E+01 3.68000E-01  1.23281E-06  3.68595E-01 
3.30201E+01 3.66000E-01  1.22867E-06  3.66616E-01 
3.30872E+01 3.64000E-01  1.22437E-06  3.64638E-01 
3.31544E+01 3.62000E-01  1.22129E-06  3.62659E-01 
3.32215E+01 3.60000E-01  1.21715E-06  3.60680E-01 
3.32886E+01 3.58000E-01  1.21300E-06  3.58701E-01 
3.33557E+01 3.56000E-01  1.20947E-06  3.56570E-01 
3.34228E+01 3.54000E-01  1.20517E-06  3.54591E-01 
3.34899E+01 3.52000E-01  1.20102E-06  3.52612E-01 
3.35570E+01 3.50000E-01  1.19764E-06  3.50633E-01 
3.36242E+01 3.48000E-01  1.19319E-06  3.48502E-01 
3.36913E+01 3.46000E-01  1.18904E-06  3.46523E-01 
3.37584E+01 3.44000E-01  1.18597E-06  3.44544E-01 
3.38255E+01 3.42000E-01  1.18121E-06  3.42566E-01 
3.38926E+01 3.40000E-01  1.17737E-06  3.40587E-01 
3.39597E+01 3.38000E-01  1.17384E-06  3.38608E-01 
3.40268E+01 3.36000E-01  1.16908E-06  3.36477E-01 
3.40940E+01 3.34000E-01  1.16493E-06  3.34498E-01 
3.41611E+01 3.32000E-01  1.16155E-06  3.32519E-01 
3.42282E+01 3.30000E-01  1.15679E-06  3.30540E-01 
3.42953E+01 3.28000E-01  1.15264E-06  3.28561E-01 
3.43624E+01 3.26000E-01  1.14880E-06  3.26582E-01 
3.44295E+01 3.24000E-01  1.14420E-06  3.24451E-01 
3.44966E+01 3.22000E-01  1.14020E-06  3.22625E-01 
3.45638E+01 3.20000E-01  1.13683E-06  3.20646E-01 
3.46309E+01 3.18000E-01  1.13206E-06  3.18515E-01 
3.46980E+01 3.16000E-01  1.12792E-06  3.16536E-01 
3.47651E+01 3.14000E-01  1.12531E-06  3.14557E-01 
3.48322E+01 3.12000E-01  1.11947E-06  3.12578E-01 
3.48993E+01 3.10000E-01  1.11563E-06  3.10447E-01 
3.49664E+01 3.08000E-01  1.11271E-06  3.08468E-01 
3.50336E+01 3.06000E-01  1.10718E-06  3.06489E-01 
3.51007E+01 3.04000E-01  1.10288E-06  3.04510E-01 
3.51678E+01 3.02000E-01  1.10012E-06  3.02531E-01 
3.52349E+01 3.00000E-01  1.09490E-06  3.00553E-01 
3.53020E+01 2.98000E-01  1.09044E-06  2.98421E-01 
3.53691E+01 2.96000E-01  1.08845E-06  2.96443E-01 
3.54362E+01 2.94000E-01  1.08292E-06  2.94464E-01 
3.55034E+01 2.92000E-01  1.07800E-06  2.92485E-01 
3.55705E+01 2.90000E-01  1.07662E-06  2.90506E-01 
3.56376E+01 2.88000E-01  1.07048E-06  2.88527E-01 
3.57047E+01 2.86000E-01  1.06556E-06  2.86548E-01 
3.57718E+01 2.84000E-01  1.06449E-06  2.84569E-01 
3.58389E+01 2.82000E-01  1.05789E-06  2.82590E-01 
3.59060E+01 2.80000E-01  1.05266E-06  2.80612E-01 
3.59732E+01 2.78000E-01  1.05312E-06  2.78480E-01 
3.60403E+01 2.76000E-01  1.04545E-06  2.76502E-01 
3.61074E+01 2.74000E-01  1.04176E-06  2.74523E-01 
3.61745E+01 2.72000E-01  1.04191E-06  2.72392E-01 
3.62416E+01 2.70000E-01  1.03377E-06  2.70413E-01 
3.63087E+01 2.68000E-01  1.03009E-06  2.68434E-01 
3.63758E+01 2.66000E-01  1.03039E-06  2.66455E-01 
3.64430E+01 2.64000E-01  1.02287E-06  2.64476E-01 
3.65101E+01 2.62000E-01  1.01888E-06  2.62497E-01 
3.65772E+01 2.60000E-01  1.01995E-06  2.60518E-01 
3.66443E+01 2.58000E-01  1.01104E-06  2.58387E-01 
3.67114E+01 2.56000E-01  1.00782E-06  2.56408E-01 
3.67785E+01 2.54000E-01  1.00874E-06  2.54430E-01 
3.68456E+01 2.52000E-01  9.99832E-07  2.52451E-01 
3.69128E+01 2.50000E-01  9.97835E-07  2.50472E-01 
3.69799E+01 2.48000E-01  9.98757E-07  2.48493E-01 
3.70470E+01 2.46000E-01  9.90464E-07  2.46362E-01 
3.71141E+01 2.44000E-01  9.87853E-07  2.44535E-01 
3.71812E+01 2.42000E-01  9.88467E-07  2.42404E-01 
3.72483E+01 2.40000E-01  9.79099E-07  2.40425E-01 
3.73154E+01 2.38000E-01  9.77716E-07  2.38446E-01 
3.73826E+01 2.36000E-01  9.78791E-07  2.36467E-01 
3.74497E+01 2.34000E-01  9.69577E-07  2.34336E-01 
3.75168E+01 2.32000E-01  9.67887E-07  2.32358E-01 
3.75839E+01 2.30000E-01  9.69269E-07  2.30379E-01 
3.76510E+01 2.28000E-01  9.60823E-07  2.28400E-01 
3.77181E+01 2.26000E-01  9.58826E-07  2.26269E-01 
3.77852E+01 2.24000E-01  9.60055E-07  2.24442E-01 
3.78523E+01 2.22000E-01  9.52376E-07  2.22463E-01 
3.79195E+01 2.20000E-01  9.50840E-07  2.20332E-01 
3.79866E+01 2.18000E-01  9.51454E-07  2.18353E-01 
3.80537E+01 2.16000E-01  9.43775E-07  2.16374E-01 
3.81208E+01 2.14000E-01  9.41932E-07  2.14395E-01 
3.81879E+01 2.12000E-01  9.43775E-07  2.12417E-01 
3.82550E+01 2.10000E-01  9.36557E-07  2.10438E-01 
3.83221E+01 2.08000E-01  9.33946E-07  2.08459E-01 
3.83893E+01 2.06000E-01  9.35635E-07  2.06480E-01 
3.84564E+01 2.04000E-01  9.29031E-07  2.04501E-01 
3.85235E+01 2.02000E-01  9.27188E-07  2.02522E-01 
3.85906E+01 2.00000E-01  9.27035E-07  2.00391E-01 
3.86577E+01 1.98000E-01  9.21813E-07  1.98412E-01 
3.87248E+01 1.96000E-01  9.19817E-07  1.96433E-01 
3.87919E+01 1.94000E-01  9.19509E-07  1.94302E-01 
3.88591E+01 1.92000E-01  9.14595E-07  1.92323E-01 
3.89262E+01 1.90000E-01  9.13213E-07  1.90345E-01 
3.89933E+01 1.88000E-01  9.11370E-07  1.88366E-01 
3.90604E+01 1.86000E-01  9.07991E-07  1.86387E-01 
3.91275E+01 1.84000E-01  9.06762E-07  1.84408E-01 
3.91946E+01 1.82000E-01  9.04766E-07  1.82429E-01 
3.92617E+01 1.80000E-01  9.02155E-07  1.80450E-01 
3.93289E+01 1.78000E-01  9.00926E-07  1.78319E-01 
3.93960E+01 1.76000E-01  8.97394E-07  1.76340E-01 
3.94631E+01 1.74000E-01  8.96012E-07  1.74361E-01 
3.95302E+01 1.72000E-01  8.95551E-07  1.72382E-01 
3.95973E+01 1.70000E-01  8.90022E-07  1.70404E-01 
3.96644E+01 1.68000E-01  8.90483E-07  1.68273E-01 
3.97315E+01 1.66000E-01  8.89408E-07  1.66446E-01 
3.97987E+01 1.64000E-01  8.83725E-07  1.64467E-01 
3.98658E+01 1.62000E-01  8.85415E-07  1.62488E-01 
3.99329E+01 1.60000E-01  8.83264E-07  1.60357E-01 
4.00000E+01 1.58000E-01  8.78811E-07  1.58378E-01 
4.00671E+01 1.56000E-01  8.80807E-07  1.56399E-01 
4.01342E+01 1.54000E-01  8.78657E-07  1.54268E-01 
4.02013E+01 1.52000E-01  8.72821E-07  1.52289E-01 
4.02685E+01 1.50000E-01  8.75278E-07  1.50310E-01 
4.03356E+01 1.48000E-01  8.72821E-07  1.48332E-01 
4.04027E+01 1.46000E-01  8.67292E-07  1.46353E-01 
4.04698E+01 1.44000E-01  8.69903E-07  1.44374E-01 
4.05369E+01 1.42000E-01  8.67906E-07  1.42395E-01 
4.06040E+01 1.40000E-01  8.62224E-07  1.40264E-01 
4.06711E+01 1.38000E-01  8.65142E-07  1.38437E-01 
4.07383E+01 1.36000E-01  8.62838E-07  1.36611E-01 
4.08054E+01 1.34000E-01  8.57617E-07  1.34632E-01 
4.08725E+01 1.32000E-01  8.60227E-07  1.32501E-01 
4.09396E+01 1.30000E-01  8.57924E-07  1.30522E-01 
4.10067E+01 1.28000E-01  8.52702E-07  1.28543E-01 
4.10738E+01 1.26000E-01  8.55006E-07  1.26564E-01 
4.11409E+01 1.24000E-01  8.52856E-07  1.24585E-01 
4.12081E+01 1.22000E-01  8.48248E-07  1.22606E-01 
4.12752E+01 1.20000E-01  8.49784E-07  1.20475E-01 
4.13423E+01 1.18000E-01  8.47480E-07  1.18496E-01 
4.14094E+01 1.16000E-01  8.43487E-07  1.16517E-01 
4.14765E+01 1.14000E-01  8.44101E-07  1.14539E-01 
4.15436E+01 1.12000E-01  8.42259E-07  1.12407E-01 
4.16107E+01 1.10000E-01  8.38726E-07  1.10429E-01 
4.16779E+01 1.08000E-01  8.38265E-07  1.08602E-01 
4.17450E+01 1.06000E-01  8.36883E-07  1.06471E-01 
4.18121E+01 1.04000E-01  8.33197E-07  1.04492E-01 
4.18792E+01 1.02000E-01  8.32890E-07  1.02513E-01 
4.19463E+01 1.00000E-01  8.31047E-07  1.00534E-01 
4.20134E+01 9.80000E-02  8.27822E-07  9.85553E-02 
4.20805E+01 9.60000E-02  8.27054E-07  9.65764E-02 
4.21477E+01 9.40000E-02  8.24904E-07  9.44453E-02 
4.22148E+01 9.20000E-02  8.22293E-07  9.24665E-02 
4.22819E+01 9.00000E-02  8.21218E-07  9.04876E-02 
4.23490E+01 8.80000E-02  8.19068E-07  8.85087E-02 
4.24161E+01 8.60000E-02  8.16611E-07  8.65299E-02 
4.24832E+01 8.40000E-02  8.15228E-07  8.45510E-02 
4.25503E+01 8.20000E-02  8.12925E-07  8.25721E-02 
4.26174E+01 8.00000E-02  8.10314E-07  8.04410E-02 
4.26846E+01 7.80000E-02  8.09085E-07  7.84621E-02 
4.27517E+01 7.60000E-02  8.06474E-07  7.64833E-02 
4.28188E+01 7.40000E-02  8.04324E-07  7.43522E-02 
4.28859E+01 7.20000E-02  8.02328E-07  7.23733E-02 
4.29530E+01 7.00000E-02  7.99717E-07  7.03944E-02 
4.30201E+01 6.80000E-02  7.97720E-07  6.84156E-02 
4.30872E+01 6.60000E-02  7.95570E-07  6.64367E-02 
4.31544E+01 6.40000E-02  7.92959E-07  6.44578E-02 
4.32215E+01 6.20000E-02  7.90963E-07  6.24789E-02 
4.32886E+01 6.00000E-02  7.88966E-07  6.05001E-02 
4.33557E+01 5.80000E-02  7.86355E-07  5.85212E-02 
4.34228E+01 5.60000E-02  7.83898E-07  5.65423E-02 
4.34899E+01 5.40000E-02  7.82055E-07  5.45635E-02 
4.35570E+01 5.20000E-02  7.79598E-07  5.24324E-02 
4.36242E+01 5.00000E-02  7.77294E-07  5.04535E-02 
4.36913E+01 4.80000E-02  7.74990E-07  4.86268E-02 
4.37584E+01 4.60000E-02  7.72533E-07  4.64957E-02 
4.38255E+01 4.40000E-02  7.70229E-07  4.45169E-02 
4.38926E+01 4.20000E-02  7.67926E-07  4.25380E-02 
4.39597E+01 4.00000E-02  7.65315E-07  4.05591E-02 
4.40268E+01 3.80000E-02  7.63011E-07  3.84280E-02 
4.40940E+01 3.60000E-02  7.60707E-07  3.64492E-02 
4.41611E+01 3.40000E-02  7.58096E-07  3.44703E-02 
4.42282E+01 3.20000E-02  7.55639E-07  3.24914E-02 
4.42953E+01 3.00000E-02  7.53489E-07  3.05125E-02 
4.43624E+01 2.80000E-02  7.50571E-07  2.83814E-02 
4.44295E+01 2.60000E-02  7.48114E-07  2.64026E-02 
4.44966E+01 2.40000E-02  7.45964E-07  2.44237E-02 
4.45638E+01 2.20000E-02  7.43046E-07  2.24448E-02 
4.46309E+01 2.00000E-02  7.40588E-07  2.04660E-02 
4.46980E+01 1.80000E-02  7.38592E-07  1.84871E-02 
4.47651E+01 1.60000E-02  7.35674E-07  1.65082E-02 
4.48322E+01 1.40000E-02  7.33063E-07  1.43771E-02 
4.48993E+01 1.20000E-02  7.30913E-07  1.23982E-02 
4.49664E+01 1.00000E-02  7.27995E-07  1.05716E-02 
4.50336E+01 8.00000E-03  7.25691E-07  8.44050E-03 
4.51007E+01 6.00000E-03  7.23234E-07  6.46163E-03 
4.51678E+01 4.00000E-03  7.20162E-07  4.48276E-03 
4.52349E+01 2.00000E-03  7.17858E-07  2.50388E-03 
4.53020E+01 3.14419E-18  7.15401E-07  3.72789E-04 
4.53691E+01 -2.00000E-03 7.12483E-07  -1.60608E-03
4.54362E+01 -4.00000E-03 7.10026E-07  -3.58496E-03
4.55034E+01 -6.00000E-03 7.07876E-07  -5.71605E-03
4.55705E+01 -8.00000E-03 7.04804E-07  -7.54270E-03
4.56376E+01 -1.00000E-02 7.02347E-07  -9.52157E-03
4.57047E+01 -1.20000E-02 7.00197E-07  -1.15004E-02
4.57718E+01 -1.40000E-02 6.97279E-07  -1.36315E-02
4.58389E+01 -1.60000E-02 6.94514E-07  -1.56104E-02
4.59060E+01 -1.80000E-02 6.92364E-07  -1.74371E-02
4.59732E+01 -2.00000E-02 6.89446E-07  -1.92637E-02
4.60403E+01 -2.20000E-02 6.86835E-07  -2.13948E-02
4.61074E+01 -2.40000E-02 6.84531E-07  -2.33737E-02
4.61745E+01 -2.60000E-02 6.81460E-07  -2.53526E-02
4.62416E+01 -2.80000E-02 6.78849E-07  -2.73314E-02
4.63087E+01 -3.00000E-02 6.76545E-07  -2.93103E-02
4.63758E+01 -3.20000E-02 6.73627E-07  -3.14414E-02
4.64430E+01 -3.40000E-02 6.71016E-07  -3.34203E-02
4.65101E+01 -3.60000E-02 6.68713E-07  -3.53991E-02
4.65772E+01 -3.80000E-02 6.65795E-07  -3.73780E-02
4.66443E+01 -4.00000E-02 6.63030E-07  -3.93569E-02
4.67114E+01 -4.20000E-02 6.60726E-07  -4.14880E-02
4.67785E+01 -4.40000E-02 6.57808E-07  -4.34668E-02
4.68456E+01 -4.60000E-02 6.55044E-07  -4.54457E-02
4.69128E+01 -4.80000E-02 6.52894E-07  -4.72724E-02
4.69799E+01 -5.00000E-02 6.49822E-07  -4.94035E-02
4.70470E+01 -5.20000E-02 6.47211E-07  -5.13823E-02
4.71141E+01 -5.40000E-02 6.45061E-07  -5.33612E-02
4.71812E+01 -5.60000E-02 6.41836E-07  -5.53401E-02
4.72483E+01 -5.80000E-02 6.39225E-07  -5.73190E-02
4.73154E+01 -6.00000E-02 6.36922E-07  -5.94500E-02
4.73826E+01 -6.20000E-02 6.33850E-07  -6.14289E-02
4.74497E+01 -6.40000E-02 6.31393E-07  -6.34078E-02
4.75168E+01 -6.60000E-02 6.29089E-07  -6.53867E-02
4.75839E+01 -6.80000E-02 6.26017E-07  -6.73655E-02
4.76510E+01 -7.00000E-02 6.23406E-07  -6.93444E-02
4.77181E+01 -7.20000E-02 6.21410E-07  -7.13233E-02
4.77852E+01 -7.40000E-02 6.18185E-07  -7.34544E-02
4.78523E+01 -7.60000E-02 6.15574E-07  -7.54332E-02
4.79195E+01 -7.80000E-02 6.13270E-07  -7.74121E-02
4.79866E+01 -8.00000E-02 6.10352E-07  -7.93910E-02
4.80537E+01 -8.20000E-02 6.07588E-07  -8.15221E-02
4.81208E+01 -8.40000E-02 6.05284E-07  -8.35010E-02
4.81879E+01 -8.60000E-02 6.02212E-07  -8.54798E-02
4.82550E+01 -8.80000E-02 5.99601E-07  -8.74587E-02
4.83221E+01 -9.00000E-02 5.97144E-07  -8.94376E-02
4.83893E+01 -9.20000E-02 5.94073E-07  -9.14165E-02
4.84564E+01 -9.40000E-02 5.91615E-07  -9.33953E-02
4.85235E+01 -9.60000E-02 5.89004E-07  -9.53742E-02
4.85906E+01 -9.80000E-02 5.86240E-07  -9.73531E-02
4.86577E+01 -1.00000E-01 5.83629E-07  -9.93319E-02
4.87248E+01 -1.02000E-01 5.81018E-07  -1.01463E-01
4.87919E+01 -1.04000E-01 5.78254E-07  -1.03442E-01
4.88591E+01 -1.06000E-01 5.75643E-07  -1.05421E-01
4.89262E+01 -1.08000E-01 5.72879E-07  -1.07400E-01
4.89933E+01 -1.10000E-01 5.70268E-07  -1.09379E-01
4.90604E+01 -1.12000E-01 5.67657E-07  -1.11357E-01
4.91275E+01 -1.14000E-01 5.64739E-07  -1.13336E-01
4.91946E+01 -1.16000E-01 5.62281E-07  -1.15467E-01
4.92617E+01 -1.18000E-01 5.59671E-07  -1.17446E-01
4.93289E+01 -1.20000E-01 5.56599E-07  -1.19425E-01
4.93960E+01 -1.22000E-01 5.54295E-07  -1.21404E-01
4.94631E+01 -1.24000E-01 5.51684E-07  -1.23535E-01
4.95302E+01 -1.26000E-01 5.48613E-07  -1.25362E-01
4.95973E+01 -1.28000E-01 5.46309E-07  -1.27493E-01
4.96644E+01 -1.30000E-01 5.43852E-07  -1.29472E-01
4.97315E+01 -1.32000E-01 5.40627E-07  -1.31451E-01
4.97987E+01 -1.34000E-01 5.38323E-07  -1.33429E-01
4.98658E+01 -1.36000E-01 5.35866E-07  -1.35408E-01
4.99329E+01 -1.38000E-01 5.32794E-07  -1.37387E-01
5.00000E+01 -1.40000E-01 5.30490E-07  -1.39518E-01
5.00671E+01 -1.42000E-01 5.27879E-07  -1.41497E-01
5.01342E+01 -1.44000E-01 5.24501E-07  -1.43476E-01
5.02013E+01 -1.46000E-01 5.22504E-07  -1.45455E-01
5.02685E+01 -1.48000E-01 5.19893E-07  -1.47434E-01
