time/s      E/V        I/A
0.00000E+00 -1.50000E-01 5.16515E-07  -1.49413E-01
6.71141E-02 -1.48000E-01 5.24654E-07  -1.47586E-01
1.34228E-01 -1.46000E-01 5.30797E-07  -1.45607E-01
2.01342E-01 -1.44000E-01 5.34944E-07  -1.43628E-01
2.68456E-01 -1.42000E-01 5.40166E-07  -1.41649E-01
3.35570E-01 -1.40000E-01 5.44773E-07  -1.39670E-01
4.02685E-01 -1.38000E-01 5.48613E-07  -1.37539E-01
4.69799E-01 -1.36000E-01 5.53527E-07  -1.35561E-01
5.36913E-01 -1.34000E-01 5.57674E-07  -1.33582E-01
6.04027E-01 -1.32000E-01 5.61206E-07  -1.31603E-01
6.71141E-01 -1.30000E-01 5.65967E-07  -1.29624E-01
7.38255E-01 -1.28000E-01 5.69960E-07  -1.27645E-01
8.05369E-01 -1.26000E-01 5.73493E-07  -1.25514E-01
8.72483E-01 -1.24000E-01 5.77947E-07  -1.23687E-01
9.39597E-01 -1.22000E-01 5.81633E-07  -1.21708E-01
1.00671E+00 -1.20000E-01 5.85165E-07  -1.19577E-01
1.07383E+00 -1.18000E-01 5.89465E-07  -1.17598E-01
1.14094E+00 -1.16000E-01 5.92998E-07  -1.15620E-01
1.20805E+00 -1.14000E-01 5.96530E-07  -1.13488E-01
1.27517E+00 -1.12000E-01 6.00523E-07  -1.11510E-01
1.34228E+00 -1.10000E-01 6.04209E-07  -1.09531E-01
1.40940E+00 -1.08000E-01 6.07741E-07  -1.07552E-01
1.47651E+00 -1.06000E-01 6.11581E-07  -1.05573E-01
1.54362E+00 -1.04000E-01 6.14960E-07  -1.03594E-01
1.61074E+00 -1.02000E-01 6.18492E-07  -1.01615E-01
1.67785E+00 -1.00000E-01 6.22178E-07  -9.96364E-02
1.74497E+00 -9.80000E-02 6.25403E-07  -9.75053E-02
1.81208E+00 -9.60000E-02 6.28935E-07  -9.55264E-02
1.87919E+00 -9.40000E-02 6.32468E-07  -9.35475E-02
1.94631E+00 -9.20000E-02 6.35693E-07  -9.15687E-02
2.01342E+00 -9.00000E-02 6.39379E-07  -8.95898E-02
2.08054E+00 -8.80000E-02 6.42911E-07  -8.76109E-02
2.14765E+00 -8.60000E-02 6.46290E-07  -8.56321E-02
2.21477E+00 -8.40000E-02 6.49822E-07  -8.36532E-02
2.28188E+00 -8.20000E-02 6.53201E-07  -8.16743E-02
2.34899E+00 -8.00000E-02 6.56580E-07  -7.95432E-02
2.41611E+00 -7.80000E-02 6.59959E-07  -7.75643E-02
2.48322E+00 -7.60000E-02 6.63337E-07  -7.55855E-02
2.55034E+00 -7.40000E-02 6.66563E-07  -7.36066E-02
2.61745E+00 -7.20000E-02 6.69941E-07  -7.16277E-02
2.68456E+00 -7.00000E-02 6.73320E-07  -6.94966E-02
2.75168E+00 -6.80000E-02 6.76545E-07  -6.75178E-02
2.81879E+00 -6.60000E-02 6.79924E-07  -6.55389E-02
2.88591E+00 -6.40000E-02 6.83303E-07  -6.35600E-02
2.95302E+00 -6.20000E-02 6.86682E-07  -6.15811E-02
3.02013E+00 -6.00000E-02 6.89907E-07  -5.94500E-02
3.08725E+00 -5.80000E-02 6.93132E-07  -5.74712E-02
3.15436E+00 -5.60000E-02 6.96357E-07  -5.56445E-02
3.22148E+00 -5.40000E-02 6.99582E-07  -5.35134E-02
3.28859E+00 -5.20000E-02 7.02961E-07  -5.15346E-02
3.35570E+00 -5.00000E-02 7.05879E-07  -4.95557E-02
3.42282E+00 -4.80000E-02 7.09258E-07  -4.74246E-02
3.48993E+00 -4.60000E-02 7.12637E-07  -4.55979E-02
3.55705E+00 -4.40000E-02 7.15555E-07  -4.36191E-02
3.62416E+00 -4.20000E-02 7.18780E-07  -4.16402E-02
3.69128E+00 -4.00000E-02 7.22159E-07  -3.95091E-02
3.75839E+00 -3.80000E-02 7.25230E-07  -3.75302E-02
3.82550E+00 -3.60000E-02 7.28455E-07  -3.55514E-02
3.89262E+00 -3.40000E-02 7.31681E-07  -3.35725E-02
3.95973E+00 -3.20000E-02 7.34599E-07  -3.14414E-02
4.02685E+00 -3.00000E-02 7.37824E-07  -2.94625E-02
4.09396E+00 -2.80000E-02 7.41203E-07  -2.74836E-02
4.16107E+00 -2.60000E-02 7.43967E-07  -2.55048E-02
4.22819E+00 -2.40000E-02 7.47346E-07  -2.35259E-02
4.29530E+00 -2.20000E-02 7.50571E-07  -2.13948E-02
4.36242E+00 -2.00000E-02 7.53489E-07  -1.94159E-02
4.42953E+00 -1.80000E-02 7.56561E-07  -1.75893E-02
4.49664E+00 -1.60000E-02 7.60093E-07  -1.57626E-02
4.56376E+00 -1.40000E-02 7.62857E-07  -1.37838E-02
4.63087E+00 -1.20000E-02 7.65929E-07  -1.18049E-02
4.69799E+00 -1.00000E-02 7.69461E-07  -9.82602E-03
4.76510E+00 -8.00000E-03 7.72072E-07  -7.69492E-03
4.83221E+00 -6.00000E-03 7.75144E-07  -5.86827E-03
4.89933E+00 -4.00000E-03 7.78523E-07  -3.73718E-03
4.96644E+00 -2.00000E-03 7.81287E-07  -1.75830E-03
5.03356E+00 3.11708E-18  7.84359E-07  2.20568E-04 
5.10067E+00 2.00000E-03  7.87737E-07  2.19944E-03 
5.16779E+00 4.00000E-03  7.90502E-07  4.33053E-03 
5.23490E+00 6.00000E-03  7.93420E-07  6.30941E-03 
5.30201E+00 8.00000E-03  7.97106E-07  8.28828E-03 
5.36913E+00 1.00000E-02  7.99717E-07  1.04194E-02 
5.43624E+00 1.20000E-02  8.02788E-07  1.22460E-02 
5.50336E+00 1.40000E-02  8.06321E-07  1.42249E-02 
5.57047E+00 1.60000E-02  8.08932E-07  1.62038E-02 
5.63758E+00 1.80000E-02  8.12003E-07  1.83349E-02 
5.70470E+00 2.00000E-02  8.15536E-07  2.03137E-02 
5.77181E+00 2.20000E-02  8.18146E-07  2.22926E-02 
5.83893E+00 2.40000E-02  8.21064E-07  2.42715E-02 
5.90604E+00 2.60000E-02  8.24750E-07  2.62504E-02 
5.97315E+00 2.80000E-02  8.27361E-07  2.83814E-02 
6.04027E+00 3.00000E-02  8.30279E-07  3.03603E-02 
6.10738E+00 3.20000E-02  8.33965E-07  3.21870E-02 
6.17450E+00 3.40000E-02  8.36422E-07  3.43181E-02 
6.24161E+00 3.60000E-02  8.39494E-07  3.62969E-02 
6.30872E+00 3.80000E-02  8.43334E-07  3.82758E-02 
6.37584E+00 4.00000E-02  8.45791E-07  4.02547E-02 
6.44295E+00 4.20000E-02  8.48709E-07  4.23858E-02 
6.51007E+00 4.40000E-02  8.52395E-07  4.43646E-02 
6.57718E+00 4.60000E-02  8.55006E-07  4.63435E-02 
6.64430E+00 4.80000E-02  8.58077E-07  4.83224E-02 
6.71141E+00 5.00000E-02  8.61610E-07  5.04535E-02 
6.77852E+00 5.20000E-02  8.64067E-07  5.22801E-02 
6.84564E+00 5.40000E-02  8.67446E-07  5.44112E-02 
6.91275E+00 5.60000E-02  8.70978E-07  5.63901E-02 
6.97987E+00 5.80000E-02  8.73128E-07  5.83690E-02 
7.04698E+00 6.00000E-02  8.76661E-07  6.03478E-02 
7.11409E+00 6.20000E-02  8.80039E-07  6.23267E-02 
7.18121E+00 6.40000E-02  8.82804E-07  6.43056E-02 
7.24832E+00 6.60000E-02  8.86029E-07  6.62845E-02 
7.31544E+00 6.80000E-02  8.89254E-07  6.82633E-02 
7.38255E+00 7.00000E-02  8.92326E-07  7.02422E-02 
7.44966E+00 7.20000E-02  8.95397E-07  7.22211E-02 
7.51678E+00 7.40000E-02  8.98469E-07  7.42000E-02 
7.58389E+00 7.60000E-02  9.01541E-07  7.63310E-02 
7.65101E+00 7.80000E-02  9.04919E-07  7.83099E-02 
7.71812E+00 8.00000E-02  9.07684E-07  8.02888E-02 
7.78523E+00 8.20000E-02  9.11063E-07  8.24199E-02 
7.85235E+00 8.40000E-02  9.14288E-07  8.43988E-02 
7.91946E+00 8.60000E-02  9.16745E-07  8.63776E-02 
7.98658E+00 8.80000E-02  9.20892E-07  8.83565E-02 
8.05369E+00 9.00000E-02  9.24117E-07  9.03354E-02 
8.12081E+00 9.20000E-02  9.26421E-07  9.23142E-02 
8.18792E+00 9.40000E-02  9.30721E-07  9.42931E-02 
8.25503E+00 9.60000E-02  9.33946E-07  9.62720E-02 
8.32215E+00 9.80000E-02  9.35635E-07  9.84031E-02 
8.38926E+00 1.00000E-01  9.40550E-07  1.00382E-01 
8.45638E+00 1.02000E-01  9.43622E-07  1.02361E-01 
8.52349E+00 1.04000E-01  9.45157E-07  1.04340E-01 
8.59060E+00 1.06000E-01  9.50379E-07  1.06471E-01 
8.65772E+00 1.08000E-01  9.53297E-07  1.08450E-01 
8.72483E+00 1.10000E-01  9.54987E-07  1.10276E-01 
8.79195E+00 1.12000E-01  9.60515E-07  1.12255E-01 
8.85906E+00 1.14000E-01  9.63741E-07  1.14386E-01 
8.92617E+00 1.16000E-01  9.64969E-07  1.16365E-01 
8.99329E+00 1.18000E-01  9.70805E-07  1.18344E-01 
9.06040E+00 1.20000E-01  9.73263E-07  1.20323E-01 
9.12752E+00 1.22000E-01  9.74952E-07  1.22454E-01 
9.19463E+00 1.24000E-01  9.81402E-07  1.24433E-01 
9.26174E+00 1.26000E-01  9.84474E-07  1.26412E-01 
9.32886E+00 1.28000E-01  9.85395E-07  1.28543E-01 
9.39597E+00 1.30000E-01  9.91692E-07  1.30369E-01 
9.46309E+00 1.32000E-01  9.94917E-07  1.32348E-01 
9.53020E+00 1.34000E-01  9.96300E-07  1.34479E-01 
9.59732E+00 1.36000E-01  1.00275E-06  1.36458E-01 
9.66443E+00 1.38000E-01  1.00598E-06  1.38285E-01 
9.73154E+00 1.40000E-01  1.00720E-06  1.40112E-01 
9.79866E+00 1.42000E-01  1.01335E-06  1.42243E-01 
9.86577E+00 1.44000E-01  1.01688E-06  1.44222E-01 
9.93289E+00 1.46000E-01  1.01826E-06  1.46200E-01 
1.00000E+01 1.48000E-01  1.02394E-06  1.48179E-01 
1.00671E+01 1.50000E-01  1.02855E-06  1.50158E-01 
1.01342E+01 1.52000E-01  1.02978E-06  1.52137E-01 
1.02013E+01 1.54000E-01  1.03516E-06  1.54268E-01 
1.02685E+01 1.56000E-01  1.03915E-06  1.56247E-01 
1.03356E+01 1.58000E-01  1.04161E-06  1.58226E-01 
1.04027E+01 1.60000E-01  1.04713E-06  1.60357E-01 
1.04698E+01 1.62000E-01  1.05067E-06  1.62184E-01 
1.05369E+01 1.64000E-01  1.05328E-06  1.64315E-01 
1.06040E+01 1.66000E-01  1.05896E-06  1.66294E-01 
1.06711E+01 1.68000E-01  1.06249E-06  1.68273E-01 
1.07383E+01 1.70000E-01  1.06541E-06  1.70251E-01 
1.08054E+01 1.72000E-01  1.07063E-06  1.72230E-01 
1.08725E+01 1.74000E-01  1.07386E-06  1.74209E-01 
1.09396E+01 1.76000E-01  1.07754E-06  1.76340E-01 
1.10067E+01 1.78000E-01  1.08230E-06  1.78167E-01 
1.10738E+01 1.80000E-01  1.08538E-06  1.80298E-01 
1.11409E+01 1.82000E-01  1.08983E-06  1.82277E-01 
1.12081E+01 1.84000E-01  1.09490E-06  1.84408E-01 
1.12752E+01 1.86000E-01  1.09782E-06  1.86387E-01 
1.13423E+01 1.88000E-01  1.10135E-06  1.88213E-01 
1.14094E+01 1.90000E-01  1.10795E-06  1.90192E-01 
1.14765E+01 1.92000E-01  1.10995E-06  1.92323E-01 
1.15436E+01 1.94000E-01  1.11317E-06  1.94302E-01 
1.16107E+01 1.96000E-01  1.11947E-06  1.96281E-01 
1.16779E+01 1.98000E-01  1.12162E-06  1.98260E-01 
1.17450E+01 2.00000E-01  1.12561E-06  2.00391E-01 
1.18121E+01 2.02000E-01  1.13176E-06  2.02370E-01 
1.18792E+01 2.04000E-01  1.13391E-06  2.04349E-01 
1.19463E+01 2.06000E-01  1.13852E-06  2.06328E-01 
1.20134E+01 2.08000E-01  1.14466E-06  2.08307E-01 
1.20805E+01 2.10000E-01  1.14650E-06  2.10285E-01 
1.21477E+01 2.12000E-01  1.15234E-06  2.12264E-01 
1.22148E+01 2.14000E-01  1.15725E-06  2.14395E-01 
1.22819E+01 2.16000E-01  1.15894E-06  2.16222E-01 
1.23490E+01 2.18000E-01  1.16171E-06  2.18201E-01 
1.24161E+01 2.20000E-01  1.16938E-06  2.20180E-01 
1.24832E+01 2.22000E-01  1.17123E-06  2.22311E-01 
1.25503E+01 2.24000E-01  1.17553E-06  2.24290E-01 
1.26174E+01 2.26000E-01  1.18198E-06  2.26269E-01 
1.26846E+01 2.28000E-01  1.18259E-06  2.28248E-01 
1.27517E+01 2.30000E-01  1.18781E-06  2.30226E-01 
1.28188E+01 2.32000E-01  1.19473E-06  2.32205E-01 
1.28859E+01 2.34000E-01  1.19473E-06  2.34336E-01 
1.29530E+01 2.36000E-01  1.19949E-06  2.36315E-01 
1.30201E+01 2.38000E-01  1.20670E-06  2.38294E-01 
1.30872E+01 2.40000E-01  1.20686E-06  2.40273E-01 
1.31544E+01 2.42000E-01  1.21131E-06  2.42404E-01 
1.32215E+01 2.44000E-01  1.21822E-06  2.44383E-01 
1.32886E+01 2.46000E-01  1.21792E-06  2.46210E-01 
1.33557E+01 2.48000E-01  1.22206E-06  2.48341E-01 
1.34228E+01 2.50000E-01  1.22943E-06  2.50320E-01 
1.34899E+01 2.52000E-01  1.22867E-06  2.52298E-01 
1.35570E+01 2.54000E-01  1.23327E-06  2.54277E-01 
1.36242E+01 2.56000E-01  1.24095E-06  2.56256E-01 
1.36913E+01 2.58000E-01  1.24065E-06  2.58235E-01 
1.37584E+01 2.60000E-01  1.24433E-06  2.60366E-01 
1.38255E+01 2.62000E-01  1.25186E-06  2.62345E-01 
1.38926E+01 2.64000E-01  1.25063E-06  2.64324E-01 
1.39597E+01 2.66000E-01  1.25447E-06  2.66151E-01 
1.40268E+01 2.68000E-01  1.26169E-06  2.68282E-01 
1.40940E+01 2.70000E-01  1.26030E-06  2.70261E-01 
1.41611E+01 2.72000E-01  1.26430E-06  2.72239E-01 
1.42282E+01 2.74000E-01  1.27167E-06  2.74218E-01 
1.42953E+01 2.76000E-01  1.26998E-06  2.76197E-01 
1.43624E+01 2.78000E-01  1.27459E-06  2.78328E-01 
1.44295E+01 2.80000E-01  1.28134E-06  2.80307E-01 
1.44966E+01 2.82000E-01  1.27981E-06  2.82286E-01 
1.45638E+01 2.84000E-01  1.28349E-06  2.84265E-01 
1.46309E+01 2.86000E-01  1.28979E-06  2.86244E-01 
1.46980E+01 2.88000E-01  1.28887E-06  2.88375E-01 
1.47651E+01 2.90000E-01  1.29240E-06  2.90354E-01 
1.48322E+01 2.92000E-01  1.29762E-06  2.92333E-01 
1.48993E+01 2.94000E-01  1.29670E-06  2.94159E-01 
1.49664E+01 2.96000E-01  1.30085E-06  2.96290E-01 
1.50336E+01 2.98000E-01  1.30592E-06  2.98269E-01 
1.51007E+01 3.00000E-01  1.30500E-06  3.00248E-01 
1.51678E+01 3.02000E-01  1.30884E-06  3.02379E-01 
1.52349E+01 3.04000E-01  1.31329E-06  3.04206E-01 
1.53020E+01 3.06000E-01  1.31283E-06  3.06185E-01 
1.53691E+01 3.08000E-01  1.31575E-06  3.08316E-01 
1.54362E+01 3.10000E-01  1.32051E-06  3.10295E-01 
1.55034E+01 3.12000E-01  1.32005E-06  3.12274E-01 
1.55705E+01 3.14000E-01  1.32220E-06  3.14252E-01 
1.56376E+01 3.16000E-01  1.32727E-06  3.16231E-01 
1.57047E+01 3.18000E-01  1.32634E-06  3.18362E-01 
1.57718E+01 3.20000E-01  1.32926E-06  3.20341E-01 
1.58389E+01 3.22000E-01  1.33325E-06  3.22320E-01 
1.59060E+01 3.24000E-01  1.33325E-06  3.24299E-01 
1.59732E+01 3.26000E-01  1.33571E-06  3.26278E-01 
1.60403E+01 3.28000E-01  1.33878E-06  3.28257E-01 
1.61074E+01 3.30000E-01  1.33955E-06  3.30388E-01 
1.61745E+01 3.32000E-01  1.34139E-06  3.32367E-01 
1.62416E+01 3.34000E-01  1.34431E-06  3.34193E-01 
1.63087E+01 3.36000E-01  1.34523E-06  3.36324E-01 
1.63758E+01 3.38000E-01  1.34708E-06  3.38303E-01 
1.64430E+01 3.40000E-01  1.34892E-06  3.40282E-01 
1.65101E+01 3.42000E-01  1.35046E-06  3.42261E-01 
1.65772E+01 3.44000E-01  1.35245E-06  3.44240E-01 
1.66443E+01 3.46000E-01  1.35445E-06  3.46219E-01 
1.67114E+01 3.48000E-01  1.35537E-06  3.48350E-01 
1.67785E+01 3.50000E-01  1.35752E-06  3.50329E-01 
1.68456E+01 3.52000E-01  1.35814E-06  3.52308E-01 
1.69128E+01 3.54000E-01  1.36059E-06  3.54287E-01 
1.69799E+01 3.56000E-01  1.36259E-06  3.56265E-01 
1.70470E+01 3.58000E-01  1.36197E-06  3.58396E-01 
1.71141E+01 3.60000E-01  1.36489E-06  3.60375E-01 
1.71812E+01 3.62000E-01  1.36720E-06  3.62354E-01 
1.72483E+01 3.64000E-01  1.36612E-06  3.64333E-01 
1.73154E+01 3.66000E-01  1.36965E-06  3.66312E-01 
1.73826E+01 3.68000E-01  1.37165E-06  3.68443E-01 
1.74497E+01 3.70000E-01  1.37058E-06  3.70422E-01 
1.75168E+01 3.72000E-01  1.37472E-06  3.72249E-01 
1.75839E+01 3.74000E-01  1.37672E-06  3.74227E-01 
1.76510E+01 3.76000E-01  1.37426E-06  3.76359E-01 
1.77181E+01 3.78000E-01  1.37887E-06  3.78337E-01 
1.77852E+01 3.80000E-01  1.38040E-06  3.80316E-01 
1.78523E+01 3.82000E-01  1.37902E-06  3.82295E-01 
1.79195E+01 3.84000E-01  1.38317E-06  3.84274E-01 
1.79866E+01 3.86000E-01  1.38486E-06  3.86253E-01 
1.80537E+01 3.88000E-01  1.38163E-06  3.88384E-01 
1.81208E+01 3.90000E-01  1.38854E-06  3.90363E-01 
1.81879E+01 3.92000E-01  1.38947E-06  3.92342E-01 
1.82550E+01 3.94000E-01  1.38885E-06  3.94473E-01 
1.83221E+01 3.96000E-01  1.39208E-06  3.96300E-01 
1.83893E+01 3.98000E-01  1.39592E-06  3.98431E-01 
1.84564E+01 4.00000E-01  1.39392E-06  4.00409E-01 
1.85235E+01 4.02000E-01  1.39745E-06  4.02236E-01 
1.85906E+01 4.04000E-01  1.39899E-06  4.04367E-01 
1.86577E+01 4.06000E-01  1.39868E-06  4.06346E-01 
1.87248E+01 4.08000E-01  1.40237E-06  4.08325E-01 
1.87919E+01 4.10000E-01  1.40390E-06  4.10456E-01 
1.88591E+01 4.12000E-01  1.40421E-06  4.12283E-01 
1.89262E+01 4.14000E-01  1.40743E-06  4.14262E-01 
1.89933E+01 4.16000E-01  1.40912E-06  4.16393E-01 
1.90604E+01 4.18000E-01  1.40974E-06  4.18372E-01 
1.91275E+01 4.20000E-01  1.41281E-06  4.20350E-01 
1.91946E+01 4.22000E-01  1.41450E-06  4.22329E-01 
1.92617E+01 4.24000E-01  1.41557E-06  4.24308E-01 
1.93289E+01 4.26000E-01  1.41865E-06  4.26439E-01 
1.93960E+01 4.28000E-01  1.42049E-06  4.28418E-01 
1.94631E+01 4.30000E-01  1.42172E-06  4.30397E-01 
1.95302E+01 4.32000E-01  1.42464E-06  4.32376E-01 
1.95973E+01 4.34000E-01  1.42679E-06  4.34355E-01 
1.96644E+01 4.36000E-01  1.42832E-06  4.36486E-01 
1.97315E+01 4.38000E-01  1.43109E-06  4.38465E-01 
1.97987E+01 4.40000E-01  1.43324E-06  4.40444E-01 
1.98658E+01 4.42000E-01  1.43493E-06  4.42422E-01 
1.99329E+01 4.44000E-01  1.43784E-06  4.44401E-01 
2.00000E+01 4.46000E-01  1.43984E-06  4.46380E-01 
2.00671E+01 4.48000E-01  1.44199E-06  4.48359E-01 
2.01342E+01 4.50000E-01  1.44475E-06  4.50186E-01 
2.02013E+01 4.52000E-01  1.44660E-06  4.52165E-01 
2.02685E+01 4.54000E-01  1.44905E-06  4.54143E-01 
2.03356E+01 4.56000E-01  1.45167E-06  4.56275E-01 
2.04027E+01 4.58000E-01  1.45397E-06  4.58253E-01 
2.04698E+01 4.60000E-01  1.45658E-06  4.60080E-01 
2.05369E+01 4.62000E-01  1.45919E-06  4.62211E-01 
2.06040E+01 4.64000E-01  1.46134E-06  4.64190E-01 
2.06711E+01 4.66000E-01  1.46411E-06  4.66169E-01 
2.07383E+01 4.68000E-01  1.46672E-06  4.68148E-01 
2.08054E+01 4.70000E-01  1.46917E-06  4.70279E-01 
2.08725E+01 4.72000E-01  1.47178E-06  4.72258E-01 
2.09396E+01 4.74000E-01  1.47470E-06  4.74237E-01 
2.10067E+01 4.76000E-01  1.47685E-06  4.76368E-01 
2.10738E+01 4.78000E-01  1.47946E-06  4.78347E-01 
2.11409E+01 4.80000E-01  1.48223E-06  4.80173E-01 
2.12081E+01 4.82000E-01  1.48453E-06  4.82152E-01 
2.12752E+01 4.84000E-01  1.48730E-06  4.84131E-01 
2.13423E+01 4.86000E-01  1.48991E-06  4.86262E-01 
2.14094E+01 4.88000E-01  1.49252E-06  4.88241E-01 
2.14765E+01 4.90000E-01  1.49513E-06  4.90220E-01 
2.15436E+01 4.92000E-01  1.49789E-06  4.92199E-01 
2.16107E+01 4.94000E-01  1.50050E-06  4.94330E-01 
2.16779E+01 4.96000E-01  1.50327E-06  4.96309E-01 
2.17450E+01 4.98000E-01  1.50619E-06  4.98288E-01 
2.18121E+01 5.00000E-01  1.50895E-06  5.00114E-01 
2.18792E+01 5.02000E-01  1.51187E-06  5.02245E-01 
2.19463E+01 5.04000E-01  1.51509E-06  5.04224E-01 
2.20134E+01 5.06000E-01  1.51771E-06  5.06203E-01 
2.20805E+01 5.08000E-01  1.52062E-06  5.08334E-01 
2.21477E+01 5.10000E-01  1.52400E-06  5.10313E-01 
2.22148E+01 5.12000E-01  1.52661E-06  5.12292E-01 
2.22819E+01 5.14000E-01  1.52953E-06  5.14271E-01 
2.23490E+01 5.16000E-01  1.53291E-06  5.16402E-01 
2.24161E+01 5.18000E-01  1.53552E-06  5.18228E-01 
2.24832E+01 5.20000E-01  1.53844E-06  5.20207E-01 
2.25503E+01 5.22000E-01  1.54182E-06  5.22338E-01 
2.26174E+01 5.24000E-01  1.54458E-06  5.24317E-01 
2.26846E+01 5.26000E-01  1.54781E-06  5.26296E-01 
2.27517E+01 5.28000E-01  1.55119E-06  5.28275E-01 
2.28188E+01 5.30000E-01  1.55410E-06  5.30254E-01 
2.28859E+01 5.32000E-01  1.55718E-06  5.32233E-01 
2.29530E+01 5.34000E-01  1.56071E-06  5.34212E-01 
2.30201E+01 5.36000E-01  1.56347E-06  5.36191E-01 
2.30872E+01 5.38000E-01  1.56670E-06  5.38169E-01 
2.31544E+01 5.40000E-01  1.57023E-06  5.40301E-01 
2.32215E+01 5.42000E-01  1.57299E-06  5.42279E-01 
2.32886E+01 5.44000E-01  1.57622E-06  5.44258E-01 
2.33557E+01 5.46000E-01  1.57991E-06  5.46237E-01 
2.34228E+01 5.48000E-01  1.58282E-06  5.48216E-01 
2.34899E+01 5.50000E-01  1.58605E-06  5.50347E-01 
2.35570E+01 5.52000E-01  1.58989E-06  5.52326E-01 
2.36242E+01 5.54000E-01  1.59296E-06  5.54305E-01 
2.36913E+01 5.56000E-01  1.59618E-06  5.56284E-01 
2.37584E+01 5.58000E-01  1.60002E-06  5.58263E-01 
2.38255E+01 5.60000E-01  1.60279E-06  5.60394E-01 
2.38926E+01 5.62000E-01  1.60617E-06  5.62373E-01 
2.39597E+01 5.64000E-01  1.61016E-06  5.64351E-01 
2.40268E+01 5.66000E-01  1.61308E-06  5.66330E-01 
2.40940E+01 5.68000E-01  1.61630E-06  5.68309E-01 
2.41611E+01 5.70000E-01  1.62030E-06  5.70288E-01 
2.42282E+01 5.72000E-01  1.62337E-06  5.72267E-01 
2.42953E+01 5.74000E-01  1.62690E-06  5.74398E-01 
2.43624E+01 5.76000E-01  1.63105E-06  5.76377E-01 
2.44295E+01 5.78000E-01  1.63397E-06  5.78356E-01 
2.44966E+01 5.80000E-01  1.63750E-06  5.80335E-01 
2.45638E+01 5.82000E-01  1.64180E-06  5.82314E-01 
2.46309E+01 5.84000E-01  1.64456E-06  5.84292E-01 
2.46980E+01 5.86000E-01  1.64840E-06  5.86423E-01 
2.47651E+01 5.88000E-01  1.65255E-06  5.88402E-01 
2.48322E+01 5.90000E-01  1.65547E-06  5.90381E-01 
2.48993E+01 5.92000E-01  1.65931E-06  5.92360E-01 
2.49664E+01 5.94000E-01  1.66376E-06  5.94491E-01 
2.50336E+01 5.96000E-01  1.66699E-06  5.96318E-01 
2.51007E+01 5.98000E-01  1.67098E-06  5.98297E-01 
2.51678E+01 6.00000E-01  1.67512E-06  6.00276E-01 
2.52349E+01 5.98000E-01  1.66238E-06  5.98449E-01 
2.53020E+01 5.96000E-01  1.65501E-06  5.96470E-01 
2.53691E+01 5.94000E-01  1.64840E-06  5.94491E-01 
2.54362E+01 5.92000E-01  1.64149E-06  5.92512E-01 
2.55034E+01 5.90000E-01  1.63535E-06  5.90533E-01 
2.55705E+01 5.88000E-01  1.62997E-06  5.88402E-01 
2.56376E+01 5.86000E-01  1.62383E-06  5.86423E-01 
2.57047E+01 5.84000E-01  1.61830E-06  5.84445E-01 
2.57718E+01 5.82000E-01  1.61323E-06  5.82466E-01 
2.58389E+01 5.80000E-01  1.60786E-06  5.80335E-01 
2.59060E+01 5.78000E-01  1.60294E-06  5.78356E-01 
2.59732E+01 5.76000E-01  1.59803E-06  5.76529E-01 
2.60403E+01 5.74000E-01  1.59327E-06  5.74550E-01 
2.61074E+01 5.72000E-01  1.58851E-06  5.72419E-01 
2.61745E+01 5.70000E-01  1.58359E-06  5.70440E-01 
2.62416E+01 5.68000E-01  1.57929E-06  5.68461E-01 
2.63087E+01 5.66000E-01  1.57468E-06  5.66483E-01 
2.63758E+01 5.64000E-01  1.56977E-06  5.64504E-01 
2.64430E+01 5.62000E-01  1.56578E-06  5.62525E-01 
2.65101E+01 5.60000E-01  1.56148E-06  5.60394E-01 
2.65772E+01 5.58000E-01  1.55671E-06  5.58415E-01 
2.66443E+01 5.56000E-01  1.55303E-06  5.56436E-01 
2.67114E+01 5.54000E-01  1.54888E-06  5.54457E-01 
2.67785E+01 5.52000E-01  1.54397E-06  5.52478E-01 
2.68456E+01 5.50000E-01  1.54043E-06  5.50499E-01 
2.69128E+01 5.48000E-01  1.53660E-06  5.48368E-01 
2.69799E+01 5.46000E-01  1.53153E-06  5.46542E-01 
2.70470E+01 5.44000E-01  1.52846E-06  5.44411E-01 
2.71141E+01 5.42000E-01  1.52446E-06  5.42432E-01 
2.71812E+01 5.40000E-01  1.51970E-06  5.40301E-01 
2.72483E+01 5.38000E-01  1.51663E-06  5.38322E-01 
2.73154E+01 5.36000E-01  1.51279E-06  5.36495E-01 
2.73826E+01 5.34000E-01  1.50803E-06  5.34516E-01 
2.74497E+01 5.32000E-01  1.50496E-06  5.32385E-01 
2.75168E+01 5.30000E-01  1.50127E-06  5.30406E-01 
2.75839E+01 5.28000E-01  1.49651E-06  5.28427E-01 
2.76510E+01 5.26000E-01  1.49375E-06  5.26448E-01 
2.77181E+01 5.24000E-01  1.48975E-06  5.24470E-01 
2.77852E+01 5.22000E-01  1.48530E-06  5.22491E-01 
2.78523E+01 5.20000E-01  1.48254E-06  5.20512E-01 
2.79195E+01 5.18000E-01  1.47870E-06  5.18533E-01 
2.79866E+01 5.16000E-01  1.47424E-06  5.16554E-01 
2.80537E+01 5.14000E-01  1.47148E-06  5.14423E-01 
2.81208E+01 5.12000E-01  1.46779E-06  5.12444E-01 
2.81879E+01 5.10000E-01  1.46334E-06  5.10465E-01 
2.82550E+01 5.08000E-01  1.46057E-06  5.08486E-01 
2.83221E+01 5.06000E-01  1.45704E-06  5.06507E-01 
2.83893E+01 5.04000E-01  1.45259E-06  5.04376E-01 
2.84564E+01 5.02000E-01  1.44998E-06  5.02398E-01 
2.85235E+01 5.00000E-01  1.44629E-06  5.00266E-01 
2.85906E+01 4.98000E-01  1.44199E-06  4.98440E-01 
2.86577E+01 4.96000E-01  1.43923E-06  4.96461E-01 
2.87248E+01 4.94000E-01  1.43554E-06  4.94330E-01 
2.87919E+01 4.92000E-01  1.43155E-06  4.92351E-01 
2.88591E+01 4.90000E-01  1.42878E-06  4.90372E-01 
2.89262E+01 4.88000E-01  1.42494E-06  4.88393E-01 
2.89933E+01 4.86000E-01  1.42126E-06  4.86414E-01 
2.90604E+01 4.84000E-01  1.41818E-06  4.84435E-01 
2.91275E+01 4.82000E-01  1.41465E-06  4.82457E-01 
2.91946E+01 4.80000E-01  1.41097E-06  4.80325E-01 
2.92617E+01 4.78000E-01  1.40805E-06  4.78499E-01 
2.93289E+01 4.76000E-01  1.40436E-06  4.76368E-01 
2.93960E+01 4.74000E-01  1.40098E-06  4.74389E-01 
2.94631E+01 4.72000E-01  1.39761E-06  4.72410E-01 
2.95302E+01 4.70000E-01  1.39423E-06  4.70431E-01 
2.95973E+01 4.68000E-01  1.39069E-06  4.68300E-01 
2.96644E+01 4.66000E-01  1.38747E-06  4.66321E-01 
2.97315E+01 4.64000E-01  1.38378E-06  4.64342E-01 
2.97987E+01 4.62000E-01  1.38040E-06  4.62363E-01 
2.98658E+01 4.60000E-01  1.37718E-06  4.60232E-01 
2.99329E+01 4.58000E-01  1.37334E-06  4.58406E-01 
3.00000E+01 4.56000E-01  1.37011E-06  4.56427E-01 
3.00671E+01 4.54000E-01  1.36689E-06  4.54296E-01 
3.01342E+01 4.52000E-01  1.36320E-06  4.52317E-01 
3.02013E+01 4.50000E-01  1.35998E-06  4.50338E-01 
3.02685E+01 4.48000E-01  1.35675E-06  4.48664E-01 
3.03356E+01 4.46000E-01  1.35291E-06  4.46532E-01 
3.04027E+01 4.44000E-01  1.34953E-06  4.44554E-01 
3.04698E+01 4.42000E-01  1.34631E-06  4.42575E-01 
3.05369E+01 4.40000E-01  1.34262E-06  4.40596E-01 
3.06040E+01 4.38000E-01  1.33924E-06  4.38617E-01 
3.06711E+01 4.36000E-01  1.33617E-06  4.36638E-01 
3.07383E+01 4.34000E-01  1.33233E-06  4.34507E-01 
3.08054E+01 4.32000E-01  1.32895E-06  4.32528E-01 
3.08725E+01 4.30000E-01  1.32604E-06  4.30549E-01 
3.09396E+01 4.28000E-01  1.32204E-06  4.28570E-01 
3.10067E+01 4.26000E-01  1.31866E-06  4.26591E-01 
3.10738E+01 4.24000E-01  1.31575E-06  4.24460E-01 
3.11409E+01 4.22000E-01  1.31175E-06  4.22482E-01 
3.12081E+01 4.20000E-01  1.30822E-06  4.20503E-01 
3.12752E+01 4.18000E-01  1.30546E-06  4.18524E-01 
3.13423E+01 4.16000E-01  1.30131E-06  4.16545E-01 
3.14094E+01 4.14000E-01  1.29793E-06  4.14566E-01 
3.14765E+01 4.12000E-01  1.29517E-06  4.12435E-01 
3.15436E+01 4.10000E-01  1.29087E-06  4.10608E-01 
3.16107E+01 4.08000E-01  1.28733E-06  4.08477E-01 
3.16779E+01 4.06000E-01  1.28472E-06  4.06498E-01 
3.17450E+01 4.04000E-01  1.28012E-06  4.04519E-01 
3.18121E+01 4.02000E-01  1.27674E-06  4.02541E-01 
3.18792E+01 4.00000E-01  1.27428E-06  4.00562E-01 
3.19463E+01 3.98000E-01  1.26952E-06  3.98583E-01 
3.20134E+01 3.96000E-01  1.26599E-06  3.96604E-01 
3.20805E+01 3.94000E-01  1.26368E-06  3.94473E-01 
3.21477E+01 3.92000E-01  1.25892E-06  3.92494E-01 
3.22148E+01 3.90000E-01  1.25539E-06  3.90515E-01 
3.22819E+01 3.88000E-01  1.25309E-06  3.88384E-01 
3.23490E+01 3.86000E-01  1.24786E-06  3.86557E-01 
3.24161E+01 3.84000E-01  1.24495E-06  3.84426E-01 
3.24832E+01 3.82000E-01  1.24218E-06  3.82447E-01 
3.25503E+01 3.80000E-01  1.23681E-06  3.80621E-01 
3.26174E+01 3.78000E-01  1.23373E-06  3.78642E-01 
3.26846E+01 3.76000E-01  1.23143E-06  3.76511E-01 
3.27517E+01 3.74000E-01  1.22590E-06  3.74532E-01 
3.28188E+01 3.72000E-01  1.22268E-06  3.72553E-01 
3.28859E+01 3.70000E-01  1.22037E-06  3.70726E-01 
3.29530E+01 3.68000E-01  1.21500E-06  3.68595E-01 
3.30201E+01 3.66000E-01  1.21147E-06  3.66616E-01 
3.30872E+01 3.64000E-01  1.20932E-06  3.64638E-01 
3.31544E+01 3.62000E-01  1.20363E-06  3.62659E-01 
3.32215E+01 3.60000E-01  1.20010E-06  3.60680E-01 
3.32886E+01 3.58000E-01  1.19810E-06  3.58701E-01 
3.33557E+01 3.56000E-01  1.19196E-06  3.56570E-01 
3.34228E+01 3.54000E-01  1.18874E-06  3.54591E-01 
3.34899E+01 3.52000E-01  1.18628E-06  3.52612E-01 
3.35570E+01 3.50000E-01  1.18060E-06  3.50633E-01 
3.36242E+01 3.48000E-01  1.17691E-06  3.48502E-01 
3.36913E+01 3.46000E-01  1.17491E-06  3.46523E-01 
3.37584E+01 3.44000E-01  1.16908E-06  3.44392E-01 
3.38255E+01 3.42000E-01  1.16508E-06  3.42566E-01 
3.38926E+01 3.40000E-01  1.16293E-06  3.40587E-01 
3.39597E+01 3.38000E-01  1.15694E-06  3.38456E-01 
3.40268E+01 3.36000E-01  1.15341E-06  3.36477E-01 
3.40940E+01 3.34000E-01  1.15096E-06  3.34498E-01 
3.41611E+01 3.32000E-01  1.14466E-06  3.32519E-01 
3.42282E+01 3.30000E-01  1.14113E-06  3.30540E-01 
3.42953E+01 3.28000E-01  1.13913E-06  3.28561E-01 
3.43624E+01 3.26000E-01  1.13299E-06  3.26430E-01 
3.44295E+01 3.24000E-01  1.12899E-06  3.24451E-01 
3.44966E+01 3.22000E-01  1.12715E-06  3.22625E-01 
3.45638E+01 3.20000E-01  1.12116E-06  3.20646E-01 
3.46309E+01 3.18000E-01  1.11671E-06  3.18667E-01 
3.46980E+01 3.16000E-01  1.11410E-06  3.16536E-01 
3.47651E+01 3.14000E-01  1.10872E-06  3.14557E-01 
3.48322E+01 3.12000E-01  1.10488E-06  3.12426E-01 
3.48993E+01 3.10000E-01  1.10150E-06  3.10447E-01 
3.49664E+01 3.08000E-01  1.09659E-06  3.08468E-01 
3.50336E+01 3.06000E-01  1.09229E-06  3.06489E-01 
3.51007E+01 3.04000E-01  1.08845E-06  3.04358E-01 
3.51678E+01 3.02000E-01  1.08415E-06  3.02531E-01 
3.52349E+01 3.00000E-01  1.08015E-06  3.00400E-01 
3.53020E+01 2.98000E-01  1.07509E-06  2.98421E-01 
3.53691E+01 2.96000E-01  1.07140E-06  2.96443E-01 
3.54362E+01 2.94000E-01  1.06787E-06  2.94464E-01 
3.55034E+01 2.92000E-01  1.06172E-06  2.92485E-01 
3.55705E+01 2.90000E-01  1.05957E-06  2.90506E-01 
3.56376E+01 2.88000E-01  1.05558E-06  2.88527E-01 
3.57047E+01 2.86000E-01  1.04898E-06  2.86548E-01 
3.57718E+01 2.84000E-01  1.04713E-06  2.84569E-01 
3.58389E+01 2.82000E-01  1.04452E-06  2.82590E-01 
3.59060E+01 2.80000E-01  1.03546E-06  2.80459E-01 
3.59732E+01 2.78000E-01  1.03654E-06  2.78480E-01 
3.60403E+01 2.76000E-01  1.03239E-06  2.76502E-01 
3.61074E+01 2.74000E-01  1.02118E-06  2.74523E-01 
3.61745E+01 2.72000E-01  1.02487E-06  2.72392E-01 
3.62416E+01 2.70000E-01  1.02103E-06  2.70413E-01 
3.63087E+01 2.68000E-01  1.00874E-06  2.68434E-01 
3.63758E+01 2.66000E-01  1.01289E-06  2.66455E-01 
3.64430E+01 2.64000E-01  1.00951E-06  2.64476E-01 
3.65101E+01 2.62000E-01  9.97835E-07  2.62497E-01 
3.65772E+01 2.60000E-01  1.00183E-06  2.60518E-01 
3.66443E+01 2.58000E-01  9.98603E-07  2.58387E-01 
3.67114E+01 2.56000E-01  9.86163E-07  2.56408E-01 
3.67785E+01 2.54000E-01  9.91539E-07  2.54430E-01 
3.68456E+01 2.52000E-01  9.87853E-07  2.52451E-01 
3.69128E+01 2.50000E-01  9.74952E-07  2.50472E-01 
3.69799E+01 2.48000E-01  9.79559E-07  2.48341E-01 
3.70470E+01 2.46000E-01  9.77409E-07  2.46362E-01 
3.71141E+01 2.44000E-01  9.65891E-07  2.44535E-01 
3.71812E+01 2.42000E-01  9.70959E-07  2.42556E-01 
3.72483E+01 2.40000E-01  9.84781E-07  2.40425E-01 
3.73154E+01 2.38000E-01  9.55294E-07  2.38446E-01 
3.73826E+01 2.36000E-01  9.61590E-07  2.36467E-01 
3.74497E+01 2.34000E-01  9.58058E-07  2.34336E-01 
3.75168E+01 2.32000E-01  9.48690E-07  2.32358E-01 
3.75839E+01 2.30000E-01  9.52683E-07  2.30379E-01 
3.76510E+01 2.28000E-01  9.47000E-07  2.28400E-01 
3.77181E+01 2.26000E-01  9.40550E-07  2.26421E-01 
3.77852E+01 2.24000E-01  9.43314E-07  2.24442E-01 
3.78523E+01 2.22000E-01  9.40089E-07  2.22463E-01 
3.79195E+01 2.20000E-01  9.33025E-07  2.20332E-01 
3.79866E+01 2.18000E-01  9.34100E-07  2.18353E-01 
3.80537E+01 2.16000E-01  9.30874E-07  2.16374E-01 
3.81208E+01 2.14000E-01  9.25806E-07  2.14395E-01 
3.81879E+01 2.12000E-01  9.26421E-07  2.12417E-01 
3.82550E+01 2.10000E-01  9.24117E-07  2.10438E-01 
3.83221E+01 2.08000E-01  9.18895E-07  2.08459E-01 
3.83893E+01 2.06000E-01  9.19202E-07  2.06480E-01 
3.84564E+01 2.04000E-01  9.15516E-07  2.04501E-01 
3.85235E+01 2.02000E-01  9.10602E-07  2.02522E-01 
3.85906E+01 2.00000E-01  9.11216E-07  2.00391E-01 
3.86577E+01 1.98000E-01  9.08144E-07  1.98412E-01 
3.87248E+01 1.96000E-01  9.03691E-07  1.96433E-01 
3.87919E+01 1.94000E-01  9.03691E-07  1.94302E-01 
3.88591E+01 1.92000E-01  9.00619E-07  1.92323E-01 
3.89262E+01 1.90000E-01  8.98008E-07  1.90345E-01 
3.89933E+01 1.88000E-01  8.97394E-07  1.88366E-01 
3.90604E+01 1.86000E-01  8.94169E-07  1.86387E-01 
3.91275E+01 1.84000E-01  8.91251E-07  1.84408E-01 
3.91946E+01 1.82000E-01  8.91404E-07  1.82429E-01 
3.92617E+01 1.80000E-01  8.87565E-07  1.80298E-01 
3.93289E+01 1.78000E-01  8.84800E-07  1.78319E-01 
3.93960E+01 1.76000E-01  8.84954E-07  1.76340E-01 
3.94631E+01 1.74000E-01  8.81114E-07  1.74361E-01 
3.95302E+01 1.72000E-01  8.78503E-07  1.72382E-01 
3.95973E+01 1.70000E-01  8.79732E-07  1.70404E-01 
3.96644E+01 1.68000E-01  8.74971E-07  1.68273E-01 
3.97315E+01 1.66000E-01  8.73282E-07  1.66446E-01 
3.97987E+01 1.64000E-01  8.74050E-07  1.64467E-01 
3.98658E+01 1.62000E-01  8.68828E-07  1.62336E-01 
3.99329E+01 1.60000E-01  8.67446E-07  1.60357E-01 
4.00000E+01 1.58000E-01  8.68214E-07  1.58378E-01 
4.00671E+01 1.56000E-01  8.62685E-07  1.56399E-01 
4.01342E+01 1.54000E-01  8.62070E-07  1.54268E-01 
4.02013E+01 1.52000E-01  8.61149E-07  1.52289E-01 
4.02685E+01 1.50000E-01  8.57309E-07  1.50310E-01 
4.03356E+01 1.48000E-01  8.56541E-07  1.48332E-01 
4.04027E+01 1.46000E-01  8.55927E-07  1.46353E-01 
4.04698E+01 1.44000E-01  8.52241E-07  1.44374E-01 
4.05369E+01 1.42000E-01  8.50552E-07  1.42243E-01 
4.06040E+01 1.40000E-01  8.51013E-07  1.40264E-01 
4.06711E+01 1.38000E-01  8.46559E-07  1.38437E-01 
4.07383E+01 1.36000E-01  8.45177E-07  1.36611E-01 
4.08054E+01 1.34000E-01  8.45791E-07  1.34632E-01 
4.08725E+01 1.32000E-01  8.41644E-07  1.32501E-01 
4.09396E+01 1.30000E-01  8.39340E-07  1.30522E-01 
4.10067E+01 1.28000E-01  8.39955E-07  1.28543E-01 
4.10738E+01 1.26000E-01  8.36576E-07  1.26564E-01 
4.11409E+01 1.24000E-01  8.33658E-07  1.24585E-01 
4.12081E+01 1.22000E-01  8.34733E-07  1.22606E-01 
4.12752E+01 1.20000E-01  8.30586E-07  1.20475E-01 
4.13423E+01 1.18000E-01  8.28743E-07  1.18496E-01 
4.14094E+01 1.16000E-01  8.29511E-07  1.16517E-01 
4.14765E+01 1.14000E-01  8.25057E-07  1.14539E-01 
4.15436E+01 1.12000E-01  8.23215E-07  1.12407E-01 
4.16107E+01 1.10000E-01  8.22293E-07  1.10429E-01 
4.16779E+01 1.08000E-01  8.15075E-07  1.08602E-01 
4.17450E+01 1.06000E-01  8.20757E-07  1.06471E-01 
4.18121E+01 1.04000E-01  8.17686E-07  1.04492E-01 
4.18792E+01 1.02000E-01  8.12003E-07  1.02513E-01 
4.19463E+01 1.00000E-01  8.14614E-07  1.00534E-01 
4.20134E+01 9.80000E-02  8.12157E-07  9.85553E-02 
4.20805E+01 9.60000E-02  8.07703E-07  9.65764E-02 
4.21477E+01 9.40000E-02  8.05860E-07  9.45976E-02 
4.22148E+01 9.20000E-02  8.05399E-07  9.24665E-02 
4.22819E+01 9.00000E-02  8.01867E-07  9.04876E-02 
4.23490E+01 8.80000E-02  7.98949E-07  8.85087E-02 
4.24161E+01 8.60000E-02  7.99256E-07  8.65299E-02 
4.24832E+01 8.40000E-02  7.95416E-07  8.45510E-02 
4.25503E+01 8.20000E-02  7.93727E-07  8.24199E-02 
4.26174E+01 8.00000E-02  7.92498E-07  8.04410E-02 
4.26846E+01 7.80000E-02  7.88966E-07  7.84621E-02 
4.27517E+01 7.60000E-02  7.87123E-07  7.64833E-02 
4.28188E+01 7.40000E-02  7.86202E-07  7.43522E-02 
4.28859E+01 7.20000E-02  7.82516E-07  7.23733E-02 
4.29530E+01 7.00000E-02  7.80826E-07  7.03944E-02 
4.30201E+01 6.80000E-02  7.79444E-07  6.85678E-02 
4.30872E+01 6.60000E-02  7.76219E-07  6.64367E-02 
4.31544E+01 6.40000E-02  7.74069E-07  6.44578E-02 
4.32215E+01 6.20000E-02  7.72994E-07  6.24789E-02 
4.32886E+01 6.00000E-02  7.69461E-07  6.05001E-02 
4.33557E+01 5.80000E-02  7.67158E-07  5.85212E-02 
4.34228E+01 5.60000E-02  7.65775E-07  5.65423E-02 
4.34899E+01 5.40000E-02  7.62550E-07  5.44112E-02 
4.35570E+01 5.20000E-02  7.60247E-07  5.24324E-02 
4.36242E+01 5.00000E-02  7.58557E-07  5.06057E-02 
4.36913E+01 4.80000E-02  7.55332E-07  4.84746E-02 
4.37584E+01 4.60000E-02  7.53028E-07  4.64957E-02 
4.38255E+01 4.40000E-02  7.51492E-07  4.45169E-02 
4.38926E+01 4.20000E-02  7.48267E-07  4.25380E-02 
4.39597E+01 4.00000E-02  7.45810E-07  4.05591E-02 
4.40268E+01 3.80000E-02  7.43813E-07  3.84280E-02 
4.40940E+01 3.60000E-02  7.40895E-07  3.64492E-02 
4.41611E+01 3.40000E-02  7.38285E-07  3.44703E-02 
4.42282E+01 3.20000E-02  7.35981E-07  3.23392E-02 
4.42953E+01 3.00000E-02  7.33370E-07  3.05125E-02 
4.43624E+01 2.80000E-02  7.30913E-07  2.85337E-02 
4.44295E+01 2.60000E-02  7.28302E-07  2.64026E-02 
4.44966E+01 2.40000E-02  7.25691E-07  2.44237E-02 
4.45638E+01 2.20000E-02  7.23234E-07  2.24448E-02 
4.46309E+01 2.00000E-02  7.20469E-07  2.04660E-02 
4.46980E+01 1.80000E-02  7.18012E-07  1.84871E-02 
4.47651E+01 1.60000E-02  7.15401E-07  1.63560E-02 
4.48322E+01 1.40000E-02  7.12637E-07  1.45293E-02 
4.48993E+01 1.20000E-02  7.10179E-07  1.23982E-02 
4.49664E+01 1.00000E-02  7.07722E-07  1.05716E-02 
4.50336E+01 8.00000E-03  7.04650E-07  8.44050E-03 
4.51007E+01 6.00000E-03  7.02654E-07  6.46163E-03 
4.51678E+01 4.00000E-03  7.00043E-07  4.33053E-03 
4.52349E+01 2.00000E-03  6.96818E-07  2.35166E-03 
4.53020E+01 3.14419E-18  6.94668E-07  3.72789E-04 
4.53691E+01 -2.00000E-03 6.92210E-07  -1.60608E-03
4.54362E+01 -4.00000E-03 6.88678E-07  -3.58496E-03
4.55034E+01 -6.00000E-03 6.86989E-07  -5.56383E-03
4.55705E+01 -8.00000E-03 6.84378E-07  -7.54270E-03
4.56376E+01 -1.00000E-02 6.80846E-07  -9.52157E-03
4.57047E+01 -1.20000E-02 6.79156E-07  -1.16527E-02
4.57718E+01 -1.40000E-02 6.76545E-07  -1.36315E-02
4.58389E+01 -1.60000E-02 6.73013E-07  -1.56104E-02
4.59060E+01 -1.80000E-02 6.71477E-07  -1.74371E-02
4.59732E+01 -2.00000E-02 6.68713E-07  -1.92637E-02
4.60403E+01 -2.20000E-02 6.65180E-07  -2.13948E-02
4.61074E+01 -2.40000E-02 6.63491E-07  -2.33737E-02
4.61745E+01 -2.60000E-02 6.60880E-07  -2.53526E-02
4.62416E+01 -2.80000E-02 6.57348E-07  -2.73314E-02
4.63087E+01 -3.00000E-02 6.55658E-07  -2.93103E-02
4.63758E+01 -3.20000E-02 6.53047E-07  -3.12892E-02
4.64430E+01 -3.40000E-02 6.49669E-07  -3.32680E-02
4.65101E+01 -3.60000E-02 6.47979E-07  -3.53991E-02
4.65772E+01 -3.80000E-02 6.45522E-07  -3.73780E-02
4.66443E+01 -4.00000E-02 6.41990E-07  -3.93569E-02
4.67114E+01 -4.20000E-02 6.40300E-07  -4.14880E-02
4.67785E+01 -4.40000E-02 6.37689E-07  -4.34668E-02
4.68456E+01 -4.60000E-02 6.34464E-07  -4.54457E-02
4.69128E+01 -4.80000E-02 6.32621E-07  -4.74246E-02
4.69799E+01 -5.00000E-02 6.30164E-07  -4.94035E-02
4.70470E+01 -5.20000E-02 6.26939E-07  -5.13823E-02
4.71141E+01 -5.40000E-02 6.25096E-07  -5.33612E-02
4.71812E+01 -5.60000E-02 6.22485E-07  -5.54923E-02
4.72483E+01 -5.80000E-02 6.19721E-07  -5.73190E-02
4.73154E+01 -6.00000E-02 6.17724E-07  -5.94500E-02
4.73826E+01 -6.20000E-02 6.14960E-07  -6.14289E-02
4.74497E+01 -6.40000E-02 6.12042E-07  -6.34078E-02
4.75168E+01 -6.60000E-02 6.09891E-07  -6.53867E-02
4.75839E+01 -6.80000E-02 6.07281E-07  -6.73655E-02
4.76510E+01 -7.00000E-02 6.04209E-07  -6.93444E-02
4.77181E+01 -7.20000E-02 6.02059E-07  -7.14755E-02
4.77852E+01 -7.40000E-02 5.99448E-07  -7.34544E-02
4.78523E+01 -7.60000E-02 5.96530E-07  -7.54332E-02
4.79195E+01 -7.80000E-02 5.94380E-07  -7.74121E-02
4.79866E+01 -8.00000E-02 5.91615E-07  -7.95432E-02
4.80537E+01 -8.20000E-02 5.88851E-07  -8.15221E-02
4.81208E+01 -8.40000E-02 5.86547E-07  -8.35010E-02
4.81879E+01 -8.60000E-02 5.83783E-07  -8.54798E-02
4.82550E+01 -8.80000E-02 5.81172E-07  -8.74587E-02
4.83221E+01 -9.00000E-02 5.78868E-07  -8.94376E-02
4.83893E+01 -9.20000E-02 5.75950E-07  -9.14165E-02
4.84564E+01 -9.40000E-02 5.73493E-07  -9.35475E-02
4.85235E+01 -9.60000E-02 5.70421E-07  -9.53742E-02
4.85906E+01 -9.80000E-02 5.67657E-07  -9.73531E-02
4.86577E+01 -1.00000E-01 5.65660E-07  -9.93319E-02
4.87248E+01 -1.02000E-01 5.63049E-07  -1.01463E-01
4.87919E+01 -1.04000E-01 5.59671E-07  -1.03442E-01
4.88591E+01 -1.06000E-01 5.57520E-07  -1.05421E-01
4.89262E+01 -1.08000E-01 5.55524E-07  -1.07400E-01
4.89933E+01 -1.10000E-01 5.52452E-07  -1.09379E-01
4.90604E+01 -1.12000E-01 5.49995E-07  -1.11357E-01
4.91275E+01 -1.14000E-01 5.47691E-07  -1.13336E-01
4.91946E+01 -1.16000E-01 5.45080E-07  -1.15467E-01
4.92617E+01 -1.18000E-01 5.42623E-07  -1.17446E-01
4.93289E+01 -1.20000E-01 5.40012E-07  -1.19425E-01
4.93960E+01 -1.22000E-01 5.37248E-07  -1.21404E-01
4.94631E+01 -1.24000E-01 5.34791E-07  -1.23535E-01
4.95302E+01 -1.26000E-01 5.32180E-07  -1.25362E-01
4.95973E+01 -1.28000E-01 5.29569E-07  -1.27341E-01
4.96644E+01 -1.30000E-01 5.26804E-07  -1.29472E-01
4.97315E+01 -1.32000E-01 5.24501E-07  -1.31451E-01
4.97987E+01 -1.34000E-01 5.21736E-07  -1.33429E-01
4.98658E+01 -1.36000E-01 5.18972E-07  -1.35408E-01
4.99329E+01 -1.38000E-01 5.16668E-07  -1.37387E-01
5.00000E+01 -1.40000E-01 5.13904E-07  -1.39518E-01
5.00671E+01 -1.42000E-01 5.11293E-07  -1.41497E-01
5.01342E+01 -1.44000E-01 5.08989E-07  -1.43476E-01
5.02013E+01 -1.46000E-01 5.06071E-07  -1.45455E-01
5.02685E+01 -1.48000E-01 5.03614E-07  -1.47434E-01
