time/s      E/V        I/A
0.00000E+00 -1.50000E-01 5.03307E-07  -1.49413E-01
6.71141E-02 -1.48000E-01 5.11600E-07  -1.47586E-01
1.34228E-01 -1.46000E-01 5.15900E-07  -1.45607E-01
2.01342E-01 -1.44000E-01 5.21736E-07  -1.43628E-01
2.68456E-01 -1.42000E-01 5.26344E-07  -1.41649E-01
3.35570E-01 -1.40000E-01 5.30337E-07  -1.39670E-01
4.02685E-01 -1.38000E-01 5.35558E-07  -1.37539E-01
4.69799E-01 -1.36000E-01 5.39859E-07  -1.35561E-01
5.36913E-01 -1.34000E-01 5.43237E-07  -1.33582E-01
6.04027E-01 -1.32000E-01 5.47998E-07  -1.31603E-01
6.71141E-01 -1.30000E-01 5.52299E-07  -1.29624E-01
7.38255E-01 -1.28000E-01 5.55524E-07  -1.27645E-01
8.05369E-01 -1.26000E-01 5.60285E-07  -1.25514E-01
8.72483E-01 -1.24000E-01 5.64432E-07  -1.23687E-01
9.39597E-01 -1.22000E-01 5.67503E-07  -1.21708E-01
1.00671E+00 -1.20000E-01 5.72264E-07  -1.19577E-01
1.07383E+00 -1.18000E-01 5.76104E-07  -1.17598E-01
1.14094E+00 -1.16000E-01 5.78715E-07  -1.15620E-01
1.20805E+00 -1.14000E-01 5.83783E-07  -1.13488E-01
1.27517E+00 -1.12000E-01 5.87315E-07  -1.11510E-01
1.34228E+00 -1.10000E-01 5.90080E-07  -1.09531E-01
1.40940E+00 -1.08000E-01 5.94687E-07  -1.07400E-01
1.47651E+00 -1.06000E-01 5.98373E-07  -1.05421E-01
1.54362E+00 -1.04000E-01 6.01291E-07  -1.03594E-01
1.61074E+00 -1.02000E-01 6.05745E-07  -1.01615E-01
1.67785E+00 -1.00000E-01 6.09431E-07  -9.96364E-02
1.74497E+00 -9.80000E-02 6.12195E-07  -9.75053E-02
1.81208E+00 -9.60000E-02 6.16495E-07  -9.55264E-02
1.87919E+00 -9.40000E-02 6.20028E-07  -9.36998E-02
1.94631E+00 -9.20000E-02 6.22485E-07  -9.15687E-02
2.01342E+00 -9.00000E-02 6.26785E-07  -8.95898E-02
2.08054E+00 -8.80000E-02 6.30164E-07  -8.76109E-02
2.14765E+00 -8.60000E-02 6.32928E-07  -8.56321E-02
2.21477E+00 -8.40000E-02 6.36922E-07  -8.36532E-02
2.28188E+00 -8.20000E-02 6.40454E-07  -8.16743E-02
2.34899E+00 -8.00000E-02 6.43372E-07  -7.96954E-02
2.41611E+00 -7.80000E-02 6.47365E-07  -7.75643E-02
2.48322E+00 -7.60000E-02 6.50744E-07  -7.55855E-02
2.55034E+00 -7.40000E-02 6.53662E-07  -7.36066E-02
2.61745E+00 -7.20000E-02 6.57501E-07  -7.14755E-02
2.68456E+00 -7.00000E-02 6.60726E-07  -6.94966E-02
2.75168E+00 -6.80000E-02 6.63645E-07  -6.75178E-02
2.81879E+00 -6.60000E-02 6.67638E-07  -6.55389E-02
2.88591E+00 -6.40000E-02 6.70709E-07  -6.35600E-02
2.95302E+00 -6.20000E-02 6.73627E-07  -6.15811E-02
3.02013E+00 -6.00000E-02 6.77313E-07  -5.96023E-02
3.08725E+00 -5.80000E-02 6.80538E-07  -5.74712E-02
3.15436E+00 -5.60000E-02 6.83764E-07  -5.56445E-02
3.22148E+00 -5.40000E-02 6.87142E-07  -5.35134E-02
3.28859E+00 -5.20000E-02 6.90368E-07  -5.15346E-02
3.35570E+00 -5.00000E-02 6.93439E-07  -4.95557E-02
3.42282E+00 -4.80000E-02 6.96971E-07  -4.75768E-02
3.48993E+00 -4.60000E-02 7.00043E-07  -4.55979E-02
3.55705E+00 -4.40000E-02 7.03115E-07  -4.36191E-02
3.62416E+00 -4.20000E-02 7.06493E-07  -4.14880E-02
3.69128E+00 -4.00000E-02 7.09565E-07  -3.95091E-02
3.75839E+00 -3.80000E-02 7.12637E-07  -3.75302E-02
3.82550E+00 -3.60000E-02 7.16015E-07  -3.55514E-02
3.89262E+00 -3.40000E-02 7.19087E-07  -3.35725E-02
3.95973E+00 -3.20000E-02 7.22312E-07  -3.14414E-02
4.02685E+00 -3.00000E-02 7.25691E-07  -2.94625E-02
4.09396E+00 -2.80000E-02 7.28609E-07  -2.74836E-02
4.16107E+00 -2.60000E-02 7.31681E-07  -2.55048E-02
4.22819E+00 -2.40000E-02 7.35213E-07  -2.35259E-02
4.29530E+00 -2.20000E-02 7.37977E-07  -2.15470E-02
4.36242E+00 -2.00000E-02 7.41203E-07  -1.94159E-02
4.42953E+00 -1.80000E-02 7.44735E-07  -1.75893E-02
4.49664E+00 -1.60000E-02 7.47346E-07  -1.57626E-02
4.56376E+00 -1.40000E-02 7.50417E-07  -1.37838E-02
4.63087E+00 -1.20000E-02 7.53950E-07  -1.18049E-02
4.69799E+00 -1.00000E-02 7.56714E-07  -9.67379E-03
4.76510E+00 -8.00000E-03 7.59786E-07  -7.69492E-03
4.83221E+00 -6.00000E-03 7.63318E-07  -5.86827E-03
4.89933E+00 -4.00000E-03 7.66083E-07  -3.73718E-03
4.96644E+00 -2.00000E-03 7.69308E-07  -1.75830E-03
5.03356E+00 3.11708E-18  7.72840E-07  2.20568E-04 
5.10067E+00 2.00000E-03  7.75297E-07  2.35166E-03 
5.16779E+00 4.00000E-03  7.78369E-07  4.33053E-03 
5.23490E+00 6.00000E-03  7.81748E-07  6.30941E-03 
5.30201E+00 8.00000E-03  7.84359E-07  8.28828E-03 
5.36913E+00 1.00000E-02  7.87584E-07  1.04194E-02 
5.43624E+00 1.20000E-02  7.91116E-07  1.22460E-02 
5.50336E+00 1.40000E-02  7.93881E-07  1.42249E-02 
5.57047E+00 1.60000E-02  7.96645E-07  1.63560E-02 
5.63758E+00 1.80000E-02  8.00177E-07  1.83349E-02 
5.70470E+00 2.00000E-02  8.02788E-07  2.03137E-02 
5.77181E+00 2.20000E-02  8.06014E-07  2.22926E-02 
5.83893E+00 2.40000E-02  8.09699E-07  2.42715E-02 
5.90604E+00 2.60000E-02  8.12003E-07  2.64026E-02 
5.97315E+00 2.80000E-02  8.14921E-07  2.83814E-02 
6.04027E+00 3.00000E-02  8.18761E-07  3.03603E-02 
6.10738E+00 3.20000E-02  8.21218E-07  3.21870E-02 
6.17450E+00 3.40000E-02  8.23982E-07  3.43181E-02 
6.24161E+00 3.60000E-02  8.27976E-07  3.62969E-02 
6.30872E+00 3.80000E-02  8.30433E-07  3.82758E-02 
6.37584E+00 4.00000E-02  8.33504E-07  4.04069E-02 
6.44295E+00 4.20000E-02  8.37498E-07  4.23858E-02 
6.51007E+00 4.40000E-02  8.39648E-07  4.43646E-02 
6.57718E+00 4.60000E-02  8.42873E-07  4.63435E-02 
6.64430E+00 4.80000E-02  8.46866E-07  4.83224E-02 
6.71141E+00 5.00000E-02  8.48862E-07  5.04535E-02 
6.77852E+00 5.20000E-02  8.51780E-07  5.22801E-02 
6.84564E+00 5.40000E-02  8.56081E-07  5.44112E-02 
6.91275E+00 5.60000E-02  8.58077E-07  5.63901E-02 
6.97987E+00 5.80000E-02  8.61149E-07  5.83690E-02 
7.04698E+00 6.00000E-02  8.65449E-07  6.03478E-02 
7.11409E+00 6.20000E-02  8.67292E-07  6.23267E-02 
7.18121E+00 6.40000E-02  8.70364E-07  6.43056E-02 
7.24832E+00 6.60000E-02  8.74818E-07  6.62845E-02 
7.31544E+00 6.80000E-02  8.76507E-07  6.82633E-02 
7.38255E+00 7.00000E-02  8.79579E-07  7.02422E-02 
7.44966E+00 7.20000E-02  8.84493E-07  7.22211E-02 
7.51678E+00 7.40000E-02  8.85875E-07  7.42000E-02 
7.58389E+00 7.60000E-02  8.89254E-07  7.61788E-02 
7.65101E+00 7.80000E-02  8.93708E-07  7.83099E-02 
7.71812E+00 8.00000E-02  8.95551E-07  8.02888E-02 
7.78523E+00 8.20000E-02  8.99083E-07  8.22677E-02 
7.85235E+00 8.40000E-02  9.03230E-07  8.43988E-02 
7.91946E+00 8.60000E-02  9.05380E-07  8.63776E-02 
7.98658E+00 8.80000E-02  9.08759E-07  8.83565E-02 
8.05369E+00 9.00000E-02  9.12598E-07  9.03354E-02 
8.12081E+00 9.20000E-02  9.14902E-07  9.23142E-02 
8.18792E+00 9.40000E-02  9.18434E-07  9.42931E-02 
8.25503E+00 9.60000E-02  9.22120E-07  9.62720E-02 
8.32215E+00 9.80000E-02  9.24885E-07  9.84031E-02 
8.38926E+00 1.00000E-01  9.28417E-07  1.00382E-01 
8.45638E+00 1.02000E-01  9.31489E-07  1.02361E-01 
8.52349E+00 1.04000E-01  9.34714E-07  1.04340E-01 
8.59060E+00 1.06000E-01  9.38400E-07  1.06471E-01 
8.65772E+00 1.08000E-01  9.40704E-07  1.08450E-01 
8.72483E+00 1.10000E-01  9.44697E-07  1.10276E-01 
8.79195E+00 1.12000E-01  9.48383E-07  1.12255E-01 
8.85906E+00 1.14000E-01  9.50072E-07  1.14386E-01 
8.92617E+00 1.16000E-01  9.54833E-07  1.16365E-01 
8.99329E+00 1.18000E-01  9.58519E-07  1.18344E-01 
9.06040E+00 1.20000E-01  9.59287E-07  1.20323E-01 
9.12752E+00 1.22000E-01  9.65123E-07  1.22454E-01 
9.19463E+00 1.24000E-01  9.68809E-07  1.24433E-01 
9.26174E+00 1.26000E-01  9.69730E-07  1.26412E-01 
9.32886E+00 1.28000E-01  9.75720E-07  1.28391E-01 
9.39597E+00 1.30000E-01  9.79406E-07  1.30369E-01 
9.46309E+00 1.32000E-01  9.79099E-07  1.32348E-01 
9.53020E+00 1.34000E-01  9.86778E-07  1.34479E-01 
9.59732E+00 1.36000E-01  9.90156E-07  1.36458E-01 
9.66443E+00 1.38000E-01  9.88928E-07  1.38285E-01 
9.73154E+00 1.40000E-01  9.97375E-07  1.40112E-01 
9.79866E+00 1.42000E-01  1.00091E-06  1.42091E-01 
9.86577E+00 1.44000E-01  9.99218E-07  1.44222E-01 
9.93289E+00 1.46000E-01  1.00813E-06  1.46200E-01 
1.00000E+01 1.48000E-01  1.01150E-06  1.48179E-01 
1.00671E+01 1.50000E-01  1.01012E-06  1.50158E-01 
1.01342E+01 1.52000E-01  1.01918E-06  1.52137E-01 
1.02013E+01 1.54000E-01  1.02333E-06  1.54116E-01 
1.02685E+01 1.56000E-01  1.02057E-06  1.56247E-01 
1.03356E+01 1.58000E-01  1.03132E-06  1.58226E-01 
1.04027E+01 1.60000E-01  1.03469E-06  1.60357E-01 
1.04698E+01 1.62000E-01  1.03178E-06  1.62336E-01 
1.05369E+01 1.64000E-01  1.04237E-06  1.64315E-01 
1.06040E+01 1.66000E-01  1.04560E-06  1.66294E-01 
1.06711E+01 1.68000E-01  1.04422E-06  1.68273E-01 
1.07383E+01 1.70000E-01  1.05405E-06  1.70251E-01 
1.08054E+01 1.72000E-01  1.05742E-06  1.72230E-01 
1.08725E+01 1.74000E-01  1.05558E-06  1.74361E-01 
1.09396E+01 1.76000E-01  1.06603E-06  1.76340E-01 
1.10067E+01 1.78000E-01  1.06940E-06  1.78167E-01 
1.10738E+01 1.80000E-01  1.06725E-06  1.80298E-01 
1.11409E+01 1.82000E-01  1.07847E-06  1.82277E-01 
1.12081E+01 1.84000E-01  1.08154E-06  1.84256E-01 
1.12752E+01 1.86000E-01  1.07985E-06  1.86387E-01 
1.13423E+01 1.88000E-01  1.09014E-06  1.88213E-01 
1.14094E+01 1.90000E-01  1.09306E-06  1.90192E-01 
1.14765E+01 1.92000E-01  1.09306E-06  1.92323E-01 
1.15436E+01 1.94000E-01  1.10242E-06  1.94302E-01 
1.16107E+01 1.96000E-01  1.10488E-06  1.96281E-01 
1.16779E+01 1.98000E-01  1.10550E-06  1.98260E-01 
1.17450E+01 2.00000E-01  1.11502E-06  2.00391E-01 
1.18121E+01 2.02000E-01  1.11686E-06  2.02370E-01 
1.18792E+01 2.04000E-01  1.11840E-06  2.04349E-01 
1.19463E+01 2.06000E-01  1.12669E-06  2.06328E-01 
1.20134E+01 2.08000E-01  1.12945E-06  2.08307E-01 
1.20805E+01 2.10000E-01  1.13176E-06  2.10285E-01 
1.21477E+01 2.12000E-01  1.13944E-06  2.12264E-01 
1.22148E+01 2.14000E-01  1.14174E-06  2.14395E-01 
1.22819E+01 2.16000E-01  1.14481E-06  2.16222E-01 
1.23490E+01 2.18000E-01  1.15019E-06  2.18201E-01 
1.24161E+01 2.20000E-01  1.15326E-06  2.20180E-01 
1.24832E+01 2.22000E-01  1.15618E-06  2.22311E-01 
1.25503E+01 2.24000E-01  1.16386E-06  2.24290E-01 
1.26174E+01 2.26000E-01  1.16616E-06  2.26269E-01 
1.26846E+01 2.28000E-01  1.16969E-06  2.28248E-01 
1.27517E+01 2.30000E-01  1.17706E-06  2.30226E-01 
1.28188E+01 2.32000E-01  1.17660E-06  2.32205E-01 
1.28859E+01 2.34000E-01  1.18121E-06  2.34336E-01 
1.29530E+01 2.36000E-01  1.18874E-06  2.36315E-01 
1.30201E+01 2.38000E-01  1.18889E-06  2.38294E-01 
1.30872E+01 2.40000E-01  1.19304E-06  2.40273E-01 
1.31544E+01 2.42000E-01  1.20010E-06  2.42404E-01 
1.32215E+01 2.44000E-01  1.20056E-06  2.44383E-01 
1.32886E+01 2.46000E-01  1.20440E-06  2.46362E-01 
1.33557E+01 2.48000E-01  1.21208E-06  2.48341E-01 
1.34228E+01 2.50000E-01  1.21223E-06  2.50320E-01 
1.34899E+01 2.52000E-01  1.21515E-06  2.52298E-01 
1.35570E+01 2.54000E-01  1.22314E-06  2.54277E-01 
1.36242E+01 2.56000E-01  1.22222E-06  2.56256E-01 
1.36913E+01 2.58000E-01  1.22544E-06  2.58235E-01 
1.37584E+01 2.60000E-01  1.23404E-06  2.60366E-01 
1.38255E+01 2.62000E-01  1.23205E-06  2.62345E-01 
1.38926E+01 2.64000E-01  1.23635E-06  2.64324E-01 
1.39597E+01 2.66000E-01  1.24433E-06  2.66303E-01 
1.40268E+01 2.68000E-01  1.24295E-06  2.68282E-01 
1.40940E+01 2.70000E-01  1.24587E-06  2.70261E-01 
1.41611E+01 2.72000E-01  1.25493E-06  2.72239E-01 
1.42282E+01 2.74000E-01  1.25232E-06  2.74371E-01 
1.42953E+01 2.76000E-01  1.25508E-06  2.76349E-01 
1.43624E+01 2.78000E-01  1.26414E-06  2.78328E-01 
1.44295E+01 2.80000E-01  1.26046E-06  2.80307E-01 
1.44966E+01 2.82000E-01  1.26476E-06  2.82286E-01 
1.45638E+01 2.84000E-01  1.27259E-06  2.84417E-01 
1.46309E+01 2.86000E-01  1.26998E-06  2.86244E-01 
1.46980E+01 2.88000E-01  1.27428E-06  2.88223E-01 
1.47651E+01 2.90000E-01  1.28119E-06  2.90201E-01 
1.48322E+01 2.92000E-01  1.27751E-06  2.92333E-01 
1.48993E+01 2.94000E-01  1.28196E-06  2.94159E-01 
1.49664E+01 2.96000E-01  1.28918E-06  2.96290E-01 
1.50336E+01 2.98000E-01  1.28565E-06  2.98269E-01 
1.51007E+01 3.00000E-01  1.29041E-06  3.00248E-01 
1.51678E+01 3.02000E-01  1.29670E-06  3.02227E-01 
1.52349E+01 3.04000E-01  1.29378E-06  3.04206E-01 
1.53020E+01 3.06000E-01  1.29732E-06  3.06185E-01 
1.53691E+01 3.08000E-01  1.30300E-06  3.08164E-01 
1.54362E+01 3.10000E-01  1.30146E-06  3.10295E-01 
1.55034E+01 3.12000E-01  1.30561E-06  3.12274E-01 
1.55705E+01 3.14000E-01  1.31099E-06  3.14252E-01 
1.56376E+01 3.16000E-01  1.30853E-06  3.16231E-01 
1.57047E+01 3.18000E-01  1.31053E-06  3.18362E-01 
1.57718E+01 3.20000E-01  1.31713E-06  3.20341E-01 
1.58389E+01 3.22000E-01  1.31436E-06  3.22320E-01 
1.59060E+01 3.24000E-01  1.31698E-06  3.24299E-01 
1.59732E+01 3.26000E-01  1.32235E-06  3.26278E-01 
1.60403E+01 3.28000E-01  1.32005E-06  3.28257E-01 
1.61074E+01 3.30000E-01  1.32250E-06  3.30388E-01 
1.61745E+01 3.32000E-01  1.32742E-06  3.32214E-01 
1.62416E+01 3.34000E-01  1.32604E-06  3.34346E-01 
1.63087E+01 3.36000E-01  1.32788E-06  3.36324E-01 
1.63758E+01 3.38000E-01  1.33233E-06  3.38303E-01 
1.64430E+01 3.40000E-01  1.33157E-06  3.40282E-01 
1.65101E+01 3.42000E-01  1.33341E-06  3.42261E-01 
1.65772E+01 3.44000E-01  1.33648E-06  3.44240E-01 
1.66443E+01 3.46000E-01  1.33663E-06  3.46219E-01 
1.67114E+01 3.48000E-01  1.33863E-06  3.48350E-01 
1.67785E+01 3.50000E-01  1.34078E-06  3.50329E-01 
1.68456E+01 3.52000E-01  1.34093E-06  3.52308E-01 
1.69128E+01 3.54000E-01  1.34324E-06  3.54287E-01 
1.69799E+01 3.56000E-01  1.34493E-06  3.56418E-01 
1.70470E+01 3.58000E-01  1.34938E-06  3.58396E-01 
1.71141E+01 3.60000E-01  1.34785E-06  3.60375E-01 
1.71812E+01 3.62000E-01  1.35000E-06  3.62354E-01 
1.72483E+01 3.64000E-01  1.35076E-06  3.64333E-01 
1.73154E+01 3.66000E-01  1.34984E-06  3.66312E-01 
1.73826E+01 3.68000E-01  1.35660E-06  3.68291E-01 
1.74497E+01 3.70000E-01  1.35537E-06  3.70422E-01 
1.75168E+01 3.72000E-01  1.35675E-06  3.72249E-01 
1.75839E+01 3.74000E-01  1.35583E-06  3.74227E-01 
1.76510E+01 3.76000E-01  1.35982E-06  3.76359E-01 
1.77181E+01 3.78000E-01  1.36121E-06  3.78337E-01 
1.77852E+01 3.80000E-01  1.36013E-06  3.80316E-01 
1.78523E+01 3.82000E-01  1.36412E-06  3.82295E-01 
1.79195E+01 3.84000E-01  1.36520E-06  3.84274E-01 
1.79866E+01 3.86000E-01  1.36412E-06  3.86253E-01 
1.80537E+01 3.88000E-01  1.36904E-06  3.88232E-01 
1.81208E+01 3.90000E-01  1.36981E-06  3.90363E-01 
1.81879E+01 3.92000E-01  1.36965E-06  3.92342E-01 
1.82550E+01 3.94000E-01  1.37303E-06  3.94321E-01 
1.83221E+01 3.96000E-01  1.37441E-06  3.96300E-01 
1.83893E+01 3.98000E-01  1.37441E-06  3.98431E-01 
1.84564E+01 4.00000E-01  1.37764E-06  4.00409E-01 
1.85235E+01 4.02000E-01  1.37902E-06  4.02388E-01 
1.85906E+01 4.04000E-01  1.37841E-06  4.04367E-01 
1.86577E+01 4.06000E-01  1.38255E-06  4.06346E-01 
1.87248E+01 4.08000E-01  1.38409E-06  4.08477E-01 
1.87919E+01 4.10000E-01  1.38424E-06  4.10456E-01 
1.88591E+01 4.12000E-01  1.38762E-06  4.12283E-01 
1.89262E+01 4.14000E-01  1.38947E-06  4.14414E-01 
1.89933E+01 4.16000E-01  1.38947E-06  4.16393E-01 
1.90604E+01 4.18000E-01  1.39315E-06  4.18372E-01 
1.91275E+01 4.20000E-01  1.39300E-06  4.20350E-01 
1.91946E+01 4.22000E-01  1.39484E-06  4.22329E-01 
1.92617E+01 4.24000E-01  1.39868E-06  4.24308E-01 
1.93289E+01 4.26000E-01  1.40083E-06  4.26287E-01 
1.93960E+01 4.28000E-01  1.40098E-06  4.28418E-01 
1.94631E+01 4.30000E-01  1.40467E-06  4.30397E-01 
1.95302E+01 4.32000E-01  1.40682E-06  4.32376E-01 
1.95973E+01 4.34000E-01  1.40682E-06  4.34507E-01 
1.96644E+01 4.36000E-01  1.41081E-06  4.36486E-01 
1.97315E+01 4.38000E-01  1.41296E-06  4.38465E-01 
1.97987E+01 4.40000E-01  1.41327E-06  4.40444E-01 
1.98658E+01 4.42000E-01  1.41726E-06  4.42422E-01 
1.99329E+01 4.44000E-01  1.41941E-06  4.44401E-01 
2.00000E+01 4.46000E-01  1.42034E-06  4.46532E-01 
2.00671E+01 4.48000E-01  1.42417E-06  4.48511E-01 
2.01342E+01 4.50000E-01  1.42632E-06  4.50186E-01 
2.02013E+01 4.52000E-01  1.42725E-06  4.52165E-01 
2.02685E+01 4.54000E-01  1.43109E-06  4.54143E-01 
2.03356E+01 4.56000E-01  1.43354E-06  4.56122E-01 
2.04027E+01 4.58000E-01  1.43462E-06  4.58253E-01 
2.04698E+01 4.60000E-01  1.43846E-06  4.60080E-01 
2.05369E+01 4.62000E-01  1.44061E-06  4.62059E-01 
2.06040E+01 4.64000E-01  1.44214E-06  4.64190E-01 
2.06711E+01 4.66000E-01  1.44583E-06  4.66169E-01 
2.07383E+01 4.68000E-01  1.44813E-06  4.68148E-01 
2.08054E+01 4.70000E-01  1.44998E-06  4.70279E-01 
2.08725E+01 4.72000E-01  1.45351E-06  4.72258E-01 
2.09396E+01 4.74000E-01  1.45597E-06  4.74237E-01 
2.10067E+01 4.76000E-01  1.45827E-06  4.76216E-01 
2.10738E+01 4.78000E-01  1.46119E-06  4.78347E-01 
2.11409E+01 4.80000E-01  1.46380E-06  4.80173E-01 
2.12081E+01 4.82000E-01  1.46579E-06  4.82152E-01 
2.12752E+01 4.84000E-01  1.46933E-06  4.84283E-01 
2.13423E+01 4.86000E-01  1.47286E-06  4.86262E-01 
2.14094E+01 4.88000E-01  1.47409E-06  4.88241E-01 
2.14765E+01 4.90000E-01  1.47762E-06  4.90220E-01 
2.15436E+01 4.92000E-01  1.48008E-06  4.92199E-01 
2.16107E+01 4.94000E-01  1.48269E-06  4.94178E-01 
2.16779E+01 4.96000E-01  1.48576E-06  4.96309E-01 
2.17450E+01 4.98000E-01  1.48837E-06  4.98288E-01 
2.18121E+01 5.00000E-01  1.49098E-06  5.00114E-01 
2.18792E+01 5.02000E-01  1.49436E-06  5.02245E-01 
2.19463E+01 5.04000E-01  1.49682E-06  5.04224E-01 
2.20134E+01 5.06000E-01  1.49958E-06  5.06203E-01 
2.20805E+01 5.08000E-01  1.50296E-06  5.08182E-01 
2.21477E+01 5.10000E-01  1.50542E-06  5.10313E-01 
2.22148E+01 5.12000E-01  1.50834E-06  5.12292E-01 
2.22819E+01 5.14000E-01  1.51156E-06  5.14271E-01 
2.23490E+01 5.16000E-01  1.51417E-06  5.16250E-01 
2.24161E+01 5.18000E-01  1.51724E-06  5.18381E-01 
2.24832E+01 5.20000E-01  1.52062E-06  5.20360E-01 
2.25503E+01 5.22000E-01  1.52308E-06  5.22338E-01 
2.26174E+01 5.24000E-01  1.52615E-06  5.24317E-01 
2.26846E+01 5.26000E-01  1.52953E-06  5.26296E-01 
2.27517E+01 5.28000E-01  1.53214E-06  5.28275E-01 
2.28188E+01 5.30000E-01  1.53491E-06  5.30254E-01 
2.28859E+01 5.32000E-01  1.53890E-06  5.32233E-01 
2.29530E+01 5.34000E-01  1.54105E-06  5.34364E-01 
2.30201E+01 5.36000E-01  1.54427E-06  5.36343E-01 
2.30872E+01 5.38000E-01  1.54796E-06  5.38169E-01 
2.31544E+01 5.40000E-01  1.55042E-06  5.40301E-01 
2.32215E+01 5.42000E-01  1.55364E-06  5.42127E-01 
2.32886E+01 5.44000E-01  1.55733E-06  5.44258E-01 
2.33557E+01 5.46000E-01  1.55856E-06  5.46237E-01 
2.34228E+01 5.48000E-01  1.56301E-06  5.48216E-01 
2.34899E+01 5.50000E-01  1.56670E-06  5.50347E-01 
2.35570E+01 5.52000E-01  1.56931E-06  5.52326E-01 
2.36242E+01 5.54000E-01  1.57253E-06  5.54305E-01 
2.36913E+01 5.56000E-01  1.57653E-06  5.56436E-01 
2.37584E+01 5.58000E-01  1.57883E-06  5.58263E-01 
2.38255E+01 5.60000E-01  1.58221E-06  5.60241E-01 
2.38926E+01 5.62000E-01  1.58467E-06  5.62373E-01 
2.39597E+01 5.64000E-01  1.58881E-06  5.64351E-01 
2.40268E+01 5.66000E-01  1.59219E-06  5.66330E-01 
2.40940E+01 5.68000E-01  1.59618E-06  5.68309E-01 
2.41611E+01 5.70000E-01  1.59880E-06  5.70288E-01 
2.42282E+01 5.72000E-01  1.60248E-06  5.72267E-01 
2.42953E+01 5.74000E-01  1.60663E-06  5.74246E-01 
2.43624E+01 5.76000E-01  1.60893E-06  5.76377E-01 
2.44295E+01 5.78000E-01  1.61246E-06  5.78204E-01 
2.44966E+01 5.80000E-01  1.61692E-06  5.80182E-01 
2.45638E+01 5.82000E-01  1.61922E-06  5.82314E-01 
2.46309E+01 5.84000E-01  1.62275E-06  5.84292E-01 
2.46980E+01 5.86000E-01  1.62721E-06  5.86271E-01 
2.47651E+01 5.88000E-01  1.62982E-06  5.88402E-01 
2.48322E+01 5.90000E-01  1.63366E-06  5.90381E-01 
2.48993E+01 5.92000E-01  1.63796E-06  5.92360E-01 
2.49664E+01 5.94000E-01  1.64057E-06  5.94491E-01 
2.50336E+01 5.96000E-01  1.64441E-06  5.96318E-01 
2.51007E+01 5.98000E-01  1.64902E-06  5.98297E-01 
2.51678E+01 6.00000E-01  1.65163E-06  6.00276E-01 
2.52349E+01 5.98000E-01  1.64011E-06  5.98449E-01 
2.53020E+01 5.96000E-01  1.63366E-06  5.96470E-01 
2.53691E+01 5.94000E-01  1.62613E-06  5.94643E-01 
2.54362E+01 5.92000E-01  1.61999E-06  5.92512E-01 
2.55034E+01 5.90000E-01  1.61492E-06  5.90533E-01 
2.55705E+01 5.88000E-01  1.60862E-06  5.88555E-01 
2.56376E+01 5.86000E-01  1.60340E-06  5.86423E-01 
2.57047E+01 5.84000E-01  1.59849E-06  5.84445E-01 
2.57718E+01 5.82000E-01  1.59296E-06  5.82466E-01 
2.58389E+01 5.80000E-01  1.58789E-06  5.80487E-01 
2.59060E+01 5.78000E-01  1.58374E-06  5.78356E-01 
2.59732E+01 5.76000E-01  1.57822E-06  5.76529E-01 
2.60403E+01 5.74000E-01  1.57361E-06  5.74550E-01 
2.61074E+01 5.72000E-01  1.56931E-06  5.72571E-01 
2.61745E+01 5.70000E-01  1.56439E-06  5.70440E-01 
2.62416E+01 5.68000E-01  1.56009E-06  5.68461E-01 
2.63087E+01 5.66000E-01  1.55595E-06  5.66483E-01 
2.63758E+01 5.64000E-01  1.55149E-06  5.64504E-01 
2.64430E+01 5.62000E-01  1.54719E-06  5.62525E-01 
2.65101E+01 5.60000E-01  1.54289E-06  5.60394E-01 
2.65772E+01 5.58000E-01  1.53890E-06  5.58415E-01 
2.66443E+01 5.56000E-01  1.53460E-06  5.56436E-01 
2.67114E+01 5.54000E-01  1.53030E-06  5.54609E-01 
2.67785E+01 5.52000E-01  1.52646E-06  5.52478E-01 
2.68456E+01 5.50000E-01  1.52247E-06  5.50499E-01 
2.69128E+01 5.48000E-01  1.51801E-06  5.48368E-01 
2.69799E+01 5.46000E-01  1.51463E-06  5.46389E-01 
2.70470E+01 5.44000E-01  1.51079E-06  5.44411E-01 
2.71141E+01 5.42000E-01  1.50634E-06  5.42432E-01 
2.71812E+01 5.40000E-01  1.50281E-06  5.40453E-01 
2.72483E+01 5.38000E-01  1.49912E-06  5.38322E-01 
2.73154E+01 5.36000E-01  1.49467E-06  5.36495E-01 
2.73826E+01 5.34000E-01  1.49114E-06  5.34516E-01 
2.74497E+01 5.32000E-01  1.48791E-06  5.32385E-01 
2.75168E+01 5.30000E-01  1.48315E-06  5.30406E-01 
2.75839E+01 5.28000E-01  1.48023E-06  5.28427E-01 
2.76510E+01 5.26000E-01  1.47685E-06  5.26448E-01 
2.77181E+01 5.24000E-01  1.47209E-06  5.24470E-01 
2.77852E+01 5.22000E-01  1.46948E-06  5.22491E-01 
2.78523E+01 5.20000E-01  1.46579E-06  5.20360E-01 
2.79195E+01 5.18000E-01  1.46103E-06  5.18533E-01 
2.79866E+01 5.16000E-01  1.45842E-06  5.16554E-01 
2.80537E+01 5.14000E-01  1.45504E-06  5.14423E-01 
2.81208E+01 5.12000E-01  1.44998E-06  5.12444E-01 
2.81879E+01 5.10000E-01  1.44767E-06  5.10465E-01 
2.82550E+01 5.08000E-01  1.44414E-06  5.08486E-01 
2.83221E+01 5.06000E-01  1.43923E-06  5.06507E-01 
2.83893E+01 5.04000E-01  1.43723E-06  5.04376E-01 
2.84564E+01 5.02000E-01  1.43354E-06  5.02398E-01 
2.85235E+01 5.00000E-01  1.42894E-06  5.00419E-01 
2.85906E+01 4.98000E-01  1.42663E-06  4.98440E-01 
2.86577E+01 4.96000E-01  1.42310E-06  4.96461E-01 
2.87248E+01 4.94000E-01  1.41849E-06  4.94482E-01 
2.87919E+01 4.92000E-01  1.41634E-06  4.92351E-01 
2.88591E+01 4.90000E-01  1.41296E-06  4.90372E-01 
2.89262E+01 4.88000E-01  1.40836E-06  4.88393E-01 
2.89933E+01 4.86000E-01  1.40651E-06  4.86414E-01 
2.90604E+01 4.84000E-01  1.40283E-06  4.84435E-01 
2.91275E+01 4.82000E-01  1.39822E-06  4.82457E-01 
2.91946E+01 4.80000E-01  1.39638E-06  4.80325E-01 
2.92617E+01 4.78000E-01  1.39254E-06  4.78347E-01 
2.93289E+01 4.76000E-01  1.38808E-06  4.76520E-01 
2.93960E+01 4.74000E-01  1.38593E-06  4.74389E-01 
2.94631E+01 4.72000E-01  1.38240E-06  4.72410E-01 
2.95302E+01 4.70000E-01  1.37810E-06  4.70431E-01 
2.95973E+01 4.68000E-01  1.37580E-06  4.68300E-01 
2.96644E+01 4.66000E-01  1.37242E-06  4.66321E-01 
2.97315E+01 4.64000E-01  1.36796E-06  4.64342E-01 
2.97987E+01 4.62000E-01  1.36597E-06  4.62363E-01 
2.98658E+01 4.60000E-01  1.36228E-06  4.60232E-01 
2.99329E+01 4.58000E-01  1.35829E-06  4.58406E-01 
3.00000E+01 4.56000E-01  1.35598E-06  4.56427E-01 
3.00671E+01 4.54000E-01  1.35230E-06  4.54296E-01 
3.01342E+01 4.52000E-01  1.34831E-06  4.52317E-01 
3.02013E+01 4.50000E-01  1.34600E-06  4.50338E-01 
3.02685E+01 4.48000E-01  1.34232E-06  4.48664E-01 
3.03356E+01 4.46000E-01  1.33832E-06  4.46532E-01 
3.04027E+01 4.44000E-01  1.33602E-06  4.44554E-01 
3.04698E+01 4.42000E-01  1.33249E-06  4.42575E-01 
3.05369E+01 4.40000E-01  1.32849E-06  4.40596E-01 
3.06040E+01 4.38000E-01  1.32619E-06  4.38617E-01 
3.06711E+01 4.36000E-01  1.32235E-06  4.36638E-01 
3.07383E+01 4.34000E-01  1.31866E-06  4.34659E-01 
3.08054E+01 4.32000E-01  1.31605E-06  4.32528E-01 
3.08725E+01 4.30000E-01  1.31221E-06  4.30549E-01 
3.09396E+01 4.28000E-01  1.30853E-06  4.28570E-01 
3.10067E+01 4.26000E-01  1.30607E-06  4.26439E-01 
3.10738E+01 4.24000E-01  1.30177E-06  4.24460E-01 
3.11409E+01 4.22000E-01  1.29855E-06  4.22482E-01 
3.12081E+01 4.20000E-01  1.29624E-06  4.20655E-01 
3.12752E+01 4.18000E-01  1.29163E-06  4.18524E-01 
3.13423E+01 4.16000E-01  1.28856E-06  4.16545E-01 
3.14094E+01 4.14000E-01  1.28457E-06  4.14566E-01 
3.14765E+01 4.12000E-01  1.28196E-06  4.12587E-01 
3.15436E+01 4.10000E-01  1.27827E-06  4.10608E-01 
3.16107E+01 4.08000E-01  1.27582E-06  4.08477E-01 
3.16779E+01 4.06000E-01  1.27136E-06  4.06498E-01 
3.17450E+01 4.04000E-01  1.26768E-06  4.04519E-01 
3.18121E+01 4.02000E-01  1.26537E-06  4.02541E-01 
3.18792E+01 4.00000E-01  1.26061E-06  4.00562E-01 
3.19463E+01 3.98000E-01  1.25754E-06  3.98431E-01 
3.20134E+01 3.96000E-01  1.25554E-06  3.96452E-01 
3.20805E+01 3.94000E-01  1.25032E-06  3.94625E-01 
3.21477E+01 3.92000E-01  1.24710E-06  3.92494E-01 
3.22148E+01 3.90000E-01  1.24556E-06  3.90515E-01 
3.22819E+01 3.88000E-01  1.23957E-06  3.88536E-01 
3.23490E+01 3.86000E-01  1.23635E-06  3.86557E-01 
3.24161E+01 3.84000E-01  1.23450E-06  3.84578E-01 
3.24832E+01 3.82000E-01  1.22897E-06  3.82447E-01 
3.25503E+01 3.80000E-01  1.22544E-06  3.80621E-01 
3.26174E+01 3.78000E-01  1.22283E-06  3.78642E-01 
3.26846E+01 3.76000E-01  1.21807E-06  3.76511E-01 
3.27517E+01 3.74000E-01  1.21469E-06  3.74532E-01 
3.28188E+01 3.72000E-01  1.21362E-06  3.72553E-01 
3.28859E+01 3.70000E-01  1.20732E-06  3.70574E-01 
3.29530E+01 3.68000E-01  1.20379E-06  3.68595E-01 
3.30201E+01 3.66000E-01  1.20287E-06  3.66616E-01 
3.30872E+01 3.64000E-01  1.19611E-06  3.64638E-01 
3.31544E+01 3.62000E-01  1.19319E-06  3.62659E-01 
3.32215E+01 3.60000E-01  1.19119E-06  3.60680E-01 
3.32886E+01 3.58000E-01  1.18520E-06  3.58701E-01 
3.33557E+01 3.56000E-01  1.18106E-06  3.56570E-01 
3.34228E+01 3.54000E-01  1.18060E-06  3.54591E-01 
3.34899E+01 3.52000E-01  1.17307E-06  3.52612E-01 
3.35570E+01 3.50000E-01  1.16985E-06  3.50481E-01 
3.36242E+01 3.48000E-01  1.16954E-06  3.48502E-01 
3.36913E+01 3.46000E-01  1.16217E-06  3.46523E-01 
3.37584E+01 3.44000E-01  1.15771E-06  3.44392E-01 
3.38255E+01 3.42000E-01  1.15863E-06  3.42566E-01 
3.38926E+01 3.40000E-01  1.15019E-06  3.40587E-01 
3.39597E+01 3.38000E-01  1.14665E-06  3.38608E-01 
3.40268E+01 3.36000E-01  1.14665E-06  3.36477E-01 
3.40940E+01 3.34000E-01  1.13867E-06  3.34498E-01 
3.41611E+01 3.32000E-01  1.13483E-06  3.32519E-01 
3.42282E+01 3.30000E-01  1.13621E-06  3.30540E-01 
3.42953E+01 3.28000E-01  1.12684E-06  3.28561E-01 
3.43624E+01 3.26000E-01  1.12270E-06  3.26430E-01 
3.44295E+01 3.24000E-01  1.12346E-06  3.24451E-01 
3.44966E+01 3.22000E-01  1.11563E-06  3.22625E-01 
3.45638E+01 3.20000E-01  1.11041E-06  3.20646E-01 
3.46309E+01 3.18000E-01  1.11087E-06  3.18515E-01 
3.46980E+01 3.16000E-01  1.10242E-06  3.16536E-01 
3.47651E+01 3.14000E-01  1.09935E-06  3.14557E-01 
3.48322E+01 3.12000E-01  1.09812E-06  3.12426E-01 
3.48993E+01 3.10000E-01  1.09121E-06  3.10447E-01 
3.49664E+01 3.08000E-01  1.08737E-06  3.08468E-01 
3.50336E+01 3.06000E-01  1.08538E-06  3.06489E-01 
3.51007E+01 3.04000E-01  1.07939E-06  3.04358E-01 
3.51678E+01 3.02000E-01  1.07539E-06  3.02531E-01 
3.52349E+01 3.00000E-01  1.07309E-06  3.00553E-01 
3.53020E+01 2.98000E-01  1.06649E-06  2.98421E-01 
3.53691E+01 2.96000E-01  1.06326E-06  2.96443E-01 
3.54362E+01 2.94000E-01  1.06034E-06  2.94464E-01 
3.55034E+01 2.92000E-01  1.05451E-06  2.92485E-01 
3.55705E+01 2.90000E-01  1.05159E-06  2.90506E-01 
3.56376E+01 2.88000E-01  1.04713E-06  2.88527E-01 
3.57047E+01 2.86000E-01  1.04330E-06  2.86548E-01 
3.57718E+01 2.84000E-01  1.03930E-06  2.84569E-01 
3.58389E+01 2.82000E-01  1.03285E-06  2.82590E-01 
3.59060E+01 2.80000E-01  1.03208E-06  2.80612E-01 
3.59732E+01 2.78000E-01  1.02533E-06  2.78480E-01 
3.60403E+01 2.76000E-01  1.02410E-06  2.76502E-01 
3.61074E+01 2.74000E-01  1.01842E-06  2.74523E-01 
3.61745E+01 2.72000E-01  1.01642E-06  2.72392E-01 
3.62416E+01 2.70000E-01  1.00766E-06  2.70413E-01 
3.63087E+01 2.68000E-01  1.00736E-06  2.68434E-01 
3.63758E+01 2.66000E-01  1.00536E-06  2.66455E-01 
3.64430E+01 2.64000E-01  9.94610E-07  2.64476E-01 
3.65101E+01 2.62000E-01  9.97068E-07  2.62497E-01 
3.65772E+01 2.60000E-01  9.94149E-07  2.60518E-01 
3.66443E+01 2.58000E-01  9.81402E-07  2.58387E-01 
3.67114E+01 2.56000E-01  9.86010E-07  2.56408E-01 
3.67785E+01 2.54000E-01  9.84167E-07  2.54430E-01 
3.68456E+01 2.52000E-01  9.70345E-07  2.52451E-01 
3.69128E+01 2.50000E-01  9.76641E-07  2.50472E-01 
3.69799E+01 2.48000E-01  9.73263E-07  2.48341E-01 
3.70470E+01 2.46000E-01  9.60362E-07  2.46362E-01 
3.71141E+01 2.44000E-01  9.56215E-07  2.44535E-01 
3.71812E+01 2.42000E-01  9.64816E-07  2.42556E-01 
3.72483E+01 2.40000E-01  9.48843E-07  2.40425E-01 
3.73154E+01 2.38000E-01  9.56829E-07  2.38446E-01 
3.73826E+01 2.36000E-01  9.52068E-07  2.36467E-01 
3.74497E+01 2.34000E-01  9.37939E-07  2.34489E-01 
3.75168E+01 2.32000E-01  9.48229E-07  2.32358E-01 
3.75839E+01 2.30000E-01  9.45311E-07  2.30379E-01 
3.76510E+01 2.28000E-01  9.25192E-07  2.28400E-01 
3.77181E+01 2.26000E-01  9.38861E-07  2.26269E-01 
3.77852E+01 2.24000E-01  9.35943E-07  2.24442E-01 
3.78523E+01 2.22000E-01  9.21352E-07  2.22463E-01 
3.79195E+01 2.20000E-01  9.30106E-07  2.20332E-01 
3.79866E+01 2.18000E-01  9.27496E-07  2.18353E-01 
3.80537E+01 2.16000E-01  9.01694E-07  2.16374E-01 
3.81208E+01 2.14000E-01  9.23503E-07  2.14395E-01 
3.81879E+01 2.12000E-01  9.20277E-07  2.12417E-01 
3.82550E+01 2.10000E-01  9.04305E-07  2.10438E-01 
3.83221E+01 2.08000E-01  9.12445E-07  2.08459E-01 
3.83893E+01 2.06000E-01  9.15363E-07  2.06480E-01 
3.84564E+01 2.04000E-01  8.99851E-07  2.04501E-01 
3.85235E+01 2.02000E-01  9.08144E-07  2.02522E-01 
3.85906E+01 2.00000E-01  9.04151E-07  2.00391E-01 
3.86577E+01 1.98000E-01  8.97087E-07  1.98412E-01 
3.87248E+01 1.96000E-01  9.00312E-07  1.96433E-01 
3.87919E+01 1.94000E-01  8.97240E-07  1.94455E-01 
3.88591E+01 1.92000E-01  8.87872E-07  1.92323E-01 
3.89262E+01 1.90000E-01  8.93862E-07  1.90345E-01 
3.89933E+01 1.88000E-01  8.91251E-07  1.88366E-01 
3.90604E+01 1.86000E-01  8.82497E-07  1.86539E-01 
3.91275E+01 1.84000E-01  8.89101E-07  1.84408E-01 
3.91946E+01 1.82000E-01  8.85261E-07  1.82429E-01 
3.92617E+01 1.80000E-01  8.77275E-07  1.80450E-01 
3.93289E+01 1.78000E-01  8.83725E-07  1.78319E-01 
3.93960E+01 1.76000E-01  8.78811E-07  1.76492E-01 
3.94631E+01 1.74000E-01  8.78196E-07  1.74361E-01 
3.95302E+01 1.72000E-01  8.83879E-07  1.72382E-01 
3.95973E+01 1.70000E-01  8.72821E-07  1.70404E-01 
3.96644E+01 1.68000E-01  8.68521E-07  1.68273E-01 
3.97315E+01 1.66000E-01  8.72514E-07  1.66446E-01 
3.97987E+01 1.64000E-01  8.67906E-07  1.64467E-01 
3.98658E+01 1.62000E-01  8.63453E-07  1.62488E-01 
3.99329E+01 1.60000E-01  8.66678E-07  1.60357E-01 
4.00000E+01 1.58000E-01  8.62378E-07  1.58378E-01 
4.00671E+01 1.56000E-01  8.59306E-07  1.56399E-01 
4.01342E+01 1.54000E-01  8.62378E-07  1.54268E-01 
4.02013E+01 1.52000E-01  8.60074E-07  1.52289E-01 
4.02685E+01 1.50000E-01  8.55159E-07  1.50310E-01 
4.03356E+01 1.48000E-01  8.57309E-07  1.48332E-01 
4.04027E+01 1.46000E-01  8.53163E-07  1.46353E-01 
4.04698E+01 1.44000E-01  8.51013E-07  1.44374E-01 
4.05369E+01 1.42000E-01  8.53931E-07  1.42243E-01 
4.06040E+01 1.40000E-01  8.47634E-07  1.40264E-01 
4.06711E+01 1.38000E-01  8.46098E-07  1.38437E-01 
4.07383E+01 1.36000E-01  8.47327E-07  1.36611E-01 
4.08054E+01 1.34000E-01  8.43334E-07  1.34479E-01 
4.08725E+01 1.32000E-01  8.41491E-07  1.32501E-01 
4.09396E+01 1.30000E-01  8.43180E-07  1.30522E-01 
4.10067E+01 1.28000E-01  8.37651E-07  1.28543E-01 
4.10738E+01 1.26000E-01  8.36269E-07  1.26564E-01 
4.11409E+01 1.24000E-01  8.38726E-07  1.24585E-01 
4.12081E+01 1.22000E-01  8.32276E-07  1.22606E-01 
4.12752E+01 1.20000E-01  8.31201E-07  1.20475E-01 
4.13423E+01 1.18000E-01  8.33504E-07  1.18496E-01 
4.14094E+01 1.16000E-01  8.27668E-07  1.16517E-01 
4.14765E+01 1.14000E-01  8.26133E-07  1.14539E-01 
4.15436E+01 1.12000E-01  8.26593E-07  1.12407E-01 
4.16107E+01 1.10000E-01  8.22447E-07  1.10429E-01 
4.16779E+01 1.08000E-01  8.20757E-07  1.08602E-01 
4.17450E+01 1.06000E-01  8.21064E-07  1.06471E-01 
4.18121E+01 1.04000E-01  8.16764E-07  1.04492E-01 
4.18792E+01 1.02000E-01  8.15075E-07  1.02513E-01 
4.19463E+01 1.00000E-01  8.15689E-07  1.00382E-01 
4.20134E+01 9.80000E-02  8.11235E-07  9.85553E-02 
4.20805E+01 9.60000E-02  8.09853E-07  9.65764E-02 
4.21477E+01 9.40000E-02  8.10007E-07  9.44453E-02 
4.22148E+01 9.20000E-02  8.05860E-07  9.24665E-02 
4.22819E+01 9.00000E-02  8.03863E-07  9.04876E-02 
4.23490E+01 8.80000E-02  8.04171E-07  8.85087E-02 
4.24161E+01 8.60000E-02  7.99717E-07  8.65299E-02 
4.24832E+01 8.40000E-02  7.97720E-07  8.45510E-02 
4.25503E+01 8.20000E-02  7.97874E-07  8.25721E-02 
4.26174E+01 8.00000E-02  7.93881E-07  8.04410E-02 
4.26846E+01 7.80000E-02  7.91577E-07  7.84621E-02 
4.27517E+01 7.60000E-02  7.90809E-07  7.64833E-02 
4.28188E+01 7.40000E-02  7.87277E-07  7.45044E-02 
4.28859E+01 7.20000E-02  7.85127E-07  7.23733E-02 
4.29530E+01 7.00000E-02  7.85434E-07  7.03944E-02 
4.30201E+01 6.80000E-02  7.80980E-07  6.84156E-02 
4.30872E+01 6.60000E-02  7.78830E-07  6.64367E-02 
4.31544E+01 6.40000E-02  7.79905E-07  6.44578E-02 
4.32215E+01 6.20000E-02  7.74530E-07  6.24789E-02 
4.32886E+01 6.00000E-02  7.72533E-07  6.03478E-02 
4.33557E+01 5.80000E-02  7.71919E-07  5.85212E-02 
4.34228E+01 5.60000E-02  7.68079E-07  5.65423E-02 
4.34899E+01 5.40000E-02  7.65929E-07  5.44112E-02 
4.35570E+01 5.20000E-02  7.65161E-07  5.24324E-02 
4.36242E+01 5.00000E-02  7.61322E-07  5.06057E-02 
4.36913E+01 4.80000E-02  7.59172E-07  4.86268E-02 
4.37584E+01 4.60000E-02  7.58250E-07  4.64957E-02 
4.38255E+01 4.40000E-02  7.54411E-07  4.45169E-02 
4.38926E+01 4.20000E-02  7.52107E-07  4.25380E-02 
4.39597E+01 4.00000E-02  7.50878E-07  4.04069E-02 
4.40268E+01 3.80000E-02  7.47346E-07  3.84280E-02 
4.40940E+01 3.60000E-02  7.45042E-07  3.64492E-02 
4.41611E+01 3.40000E-02  7.43660E-07  3.44703E-02 
4.42282E+01 3.20000E-02  7.40128E-07  3.24914E-02 
4.42953E+01 3.00000E-02  7.37977E-07  3.05125E-02 
4.43624E+01 2.80000E-02  7.35981E-07  2.85337E-02 
4.44295E+01 2.60000E-02  7.32756E-07  2.64026E-02 
4.44966E+01 2.40000E-02  7.30606E-07  2.44237E-02 
4.45638E+01 2.20000E-02  7.28763E-07  2.24448E-02 
4.46309E+01 2.00000E-02  7.25537E-07  2.04660E-02 
4.46980E+01 1.80000E-02  7.23234E-07  1.84871E-02 
4.47651E+01 1.60000E-02  7.21237E-07  1.65082E-02 
4.48322E+01 1.40000E-02  7.18166E-07  1.43771E-02 
4.48993E+01 1.20000E-02  7.15708E-07  1.23982E-02 
4.49664E+01 1.00000E-02  7.13405E-07  1.04194E-02 
4.50336E+01 8.00000E-03  7.10640E-07  8.44050E-03 
4.51007E+01 6.00000E-03  7.08336E-07  6.46163E-03 
4.51678E+01 4.00000E-03  7.05572E-07  4.48276E-03 
4.52349E+01 2.00000E-03  7.03268E-07  2.50388E-03 
4.53020E+01 3.14419E-18  7.00811E-07  3.72789E-04 
4.53691E+01 -2.00000E-03 6.98047E-07  -1.60608E-03
4.54362E+01 -4.00000E-03 6.95589E-07  -3.58496E-03
4.55034E+01 -6.00000E-03 6.93286E-07  -5.56383E-03
4.55705E+01 -8.00000E-03 6.90368E-07  -7.54270E-03
4.56376E+01 -1.00000E-02 6.88064E-07  -9.52157E-03
4.57047E+01 -1.20000E-02 6.85607E-07  -1.16527E-02
4.57718E+01 -1.40000E-02 6.82381E-07  -1.36315E-02
4.58389E+01 -1.60000E-02 6.80385E-07  -1.56104E-02
4.59060E+01 -1.80000E-02 6.77160E-07  -1.74371E-02
4.59732E+01 -2.00000E-02 6.75624E-07  -1.92637E-02
4.60403E+01 -2.20000E-02 6.72706E-07  -2.12426E-02
4.61074E+01 -2.40000E-02 6.70095E-07  -2.33737E-02
4.61745E+01 -2.60000E-02 6.66716E-07  -2.53526E-02
4.62416E+01 -2.80000E-02 6.64873E-07  -2.73314E-02
4.63087E+01 -3.00000E-02 6.62569E-07  -2.93103E-02
4.63758E+01 -3.20000E-02 6.58884E-07  -3.12892E-02
4.64430E+01 -3.40000E-02 6.57194E-07  -3.32680E-02
4.65101E+01 -3.60000E-02 6.54737E-07  -3.53991E-02
4.65772E+01 -3.80000E-02 6.51051E-07  -3.73780E-02
4.66443E+01 -4.00000E-02 6.49669E-07  -3.93569E-02
4.67114E+01 -4.20000E-02 6.46904E-07  -4.14880E-02
4.67785E+01 -4.40000E-02 6.43218E-07  -4.34668E-02
4.68456E+01 -4.60000E-02 6.41836E-07  -4.54457E-02
4.69128E+01 -4.80000E-02 6.39072E-07  -4.72724E-02
4.69799E+01 -5.00000E-02 6.35386E-07  -4.92512E-02
4.70470E+01 -5.20000E-02 6.33850E-07  -5.13823E-02
4.71141E+01 -5.40000E-02 6.31239E-07  -5.33612E-02
4.71812E+01 -5.60000E-02 6.27707E-07  -5.54923E-02
4.72483E+01 -5.80000E-02 6.26017E-07  -5.73190E-02
4.73154E+01 -6.00000E-02 6.23560E-07  -5.92978E-02
4.73826E+01 -6.20000E-02 6.19874E-07  -6.14289E-02
4.74497E+01 -6.40000E-02 6.18492E-07  -6.34078E-02
4.75168E+01 -6.60000E-02 6.15881E-07  -6.53867E-02
4.75839E+01 -6.80000E-02 6.12195E-07  -6.73655E-02
4.76510E+01 -7.00000E-02 6.10813E-07  -6.93444E-02
4.77181E+01 -7.20000E-02 6.07895E-07  -7.13233E-02
4.77852E+01 -7.40000E-02 6.04516E-07  -7.34544E-02
4.78523E+01 -7.60000E-02 6.02673E-07  -7.54332E-02
4.79195E+01 -7.80000E-02 6.00062E-07  -7.74121E-02
4.79866E+01 -8.00000E-02 5.96530E-07  -7.93910E-02
4.80537E+01 -8.20000E-02 5.94841E-07  -8.15221E-02
4.81208E+01 -8.40000E-02 5.92230E-07  -8.35010E-02
4.81879E+01 -8.60000E-02 5.88851E-07  -8.54798E-02
4.82550E+01 -8.80000E-02 5.87008E-07  -8.74587E-02
4.83221E+01 -9.00000E-02 5.84397E-07  -8.94376E-02
4.83893E+01 -9.20000E-02 5.80865E-07  -9.14165E-02
4.84564E+01 -9.40000E-02 5.79482E-07  -9.35475E-02
4.85235E+01 -9.60000E-02 5.76411E-07  -9.55264E-02
4.85906E+01 -9.80000E-02 5.73186E-07  -9.73531E-02
4.86577E+01 -1.00000E-01 5.71496E-07  -9.93319E-02
4.87248E+01 -1.02000E-01 5.68578E-07  -1.01463E-01
4.87919E+01 -1.04000E-01 5.65353E-07  -1.03442E-01
4.88591E+01 -1.06000E-01 5.63357E-07  -1.05421E-01
4.89262E+01 -1.08000E-01 5.60592E-07  -1.07400E-01
4.89933E+01 -1.10000E-01 5.57367E-07  -1.09379E-01
4.90604E+01 -1.12000E-01 5.55370E-07  -1.11357E-01
4.91275E+01 -1.14000E-01 5.52759E-07  -1.13488E-01
4.91946E+01 -1.16000E-01 5.49688E-07  -1.15467E-01
4.92617E+01 -1.18000E-01 5.47691E-07  -1.17446E-01
4.93289E+01 -1.20000E-01 5.44773E-07  -1.19425E-01
4.93960E+01 -1.22000E-01 5.42162E-07  -1.21556E-01
4.94631E+01 -1.24000E-01 5.39552E-07  -1.23535E-01
4.95302E+01 -1.26000E-01 5.36941E-07  -1.25362E-01
4.95973E+01 -1.28000E-01 5.34023E-07  -1.27493E-01
4.96644E+01 -1.30000E-01 5.31873E-07  -1.29472E-01
4.97315E+01 -1.32000E-01 5.29108E-07  -1.31451E-01
4.97987E+01 -1.34000E-01 5.26190E-07  -1.33429E-01
4.98658E+01 -1.36000E-01 5.24040E-07  -1.35408E-01
4.99329E+01 -1.38000E-01 5.20968E-07  -1.37387E-01
5.00000E+01 -1.40000E-01 5.18204E-07  -1.39518E-01
5.00671E+01 -1.42000E-01 5.16054E-07  -1.41497E-01
5.01342E+01 -1.44000E-01 5.13289E-07  -1.43476E-01
5.02013E+01 -1.46000E-01 5.10525E-07  -1.45455E-01
5.02685E+01 -1.48000E-01 5.08221E-07  -1.47434E-01
