time/s      E/V        I/A
0.00000E+00 -1.50000E-01 7.74990E-07  -1.49565E-01
6.71141E-02 -1.48000E-01 7.80366E-07  -1.47434E-01
1.34228E-01 -1.46000E-01 7.86662E-07  -1.45455E-01
2.01342E-01 -1.44000E-01 7.92191E-07  -1.43628E-01
2.68456E-01 -1.42000E-01 7.97106E-07  -1.41649E-01
3.35570E-01 -1.40000E-01 8.02481E-07  -1.39518E-01
4.02685E-01 -1.38000E-01 8.07856E-07  -1.37539E-01
4.69799E-01 -1.36000E-01 8.12617E-07  -1.35561E-01
5.36913E-01 -1.34000E-01 8.17686E-07  -1.33582E-01
6.04027E-01 -1.32000E-01 8.22907E-07  -1.31603E-01
6.71141E-01 -1.30000E-01 8.27976E-07  -1.29624E-01
7.38255E-01 -1.28000E-01 8.33197E-07  -1.27493E-01
8.05369E-01 -1.26000E-01 8.38573E-07  -1.25514E-01
8.72483E-01 -1.24000E-01 8.43948E-07  -1.23687E-01
9.39597E-01 -1.22000E-01 8.49477E-07  -1.21556E-01
1.00671E+00 -1.20000E-01 8.54699E-07  -1.19577E-01
1.07383E+00 -1.18000E-01 8.59460E-07  -1.17446E-01
1.14094E+00 -1.16000E-01 8.64528E-07  -1.15467E-01
1.20805E+00 -1.14000E-01 8.69135E-07  -1.13488E-01
1.27517E+00 -1.12000E-01 8.73896E-07  -1.11510E-01
1.34228E+00 -1.10000E-01 8.78657E-07  -1.09531E-01
1.40940E+00 -1.08000E-01 8.83418E-07  -1.07400E-01
1.47651E+00 -1.06000E-01 8.87872E-07  -1.05421E-01
1.54362E+00 -1.04000E-01 8.92633E-07  -1.03594E-01
1.61074E+00 -1.02000E-01 8.97240E-07  -1.01463E-01
1.67785E+00 -1.00000E-01 9.01541E-07  -9.94842E-02
1.74497E+00 -9.80000E-02 9.06302E-07  -9.75053E-02
1.81208E+00 -9.60000E-02 9.10909E-07  -9.55264E-02
1.87919E+00 -9.40000E-02 9.15516E-07  -9.35475E-02
1.94631E+00 -9.20000E-02 9.19970E-07  -9.15687E-02
2.01342E+00 -9.00000E-02 9.24578E-07  -8.95898E-02
2.08054E+00 -8.80000E-02 9.29339E-07  -8.74587E-02
2.14765E+00 -8.60000E-02 9.33639E-07  -8.56321E-02
2.21477E+00 -8.40000E-02 9.37939E-07  -8.36532E-02
2.28188E+00 -8.20000E-02 9.42393E-07  -8.15221E-02
2.34899E+00 -8.00000E-02 9.46847E-07  -7.95432E-02
2.41611E+00 -7.80000E-02 9.50993E-07  -7.75643E-02
2.48322E+00 -7.60000E-02 9.55601E-07  -7.55855E-02
2.55034E+00 -7.40000E-02 9.60362E-07  -7.34544E-02
2.61745E+00 -7.20000E-02 9.64816E-07  -7.14755E-02
2.68456E+00 -7.00000E-02 9.69423E-07  -6.94966E-02
2.75168E+00 -6.80000E-02 9.74184E-07  -6.73655E-02
2.81879E+00 -6.60000E-02 9.78484E-07  -6.55389E-02
2.88591E+00 -6.40000E-02 9.83245E-07  -6.35600E-02
2.95302E+00 -6.20000E-02 9.88006E-07  -6.15811E-02
3.02013E+00 -6.00000E-02 9.92460E-07  -5.94500E-02
3.08725E+00 -5.80000E-02 9.97375E-07  -5.74712E-02
3.15436E+00 -5.60000E-02 1.00214E-06  -5.54923E-02
3.22148E+00 -5.40000E-02 1.00659E-06  -5.35134E-02
3.28859E+00 -5.20000E-02 1.01104E-06  -5.15346E-02
3.35570E+00 -5.00000E-02 1.01580E-06  -4.94035E-02
3.42282E+00 -4.80000E-02 1.01995E-06  -4.74246E-02
3.48993E+00 -4.60000E-02 1.02425E-06  -4.55979E-02
3.55705E+00 -4.40000E-02 1.02871E-06  -4.34668E-02
3.62416E+00 -4.20000E-02 1.03301E-06  -4.14880E-02
3.69128E+00 -4.00000E-02 1.03731E-06  -3.95091E-02
3.75839E+00 -3.80000E-02 1.04191E-06  -3.75302E-02
3.82550E+00 -3.60000E-02 1.04606E-06  -3.53991E-02
3.89262E+00 -3.40000E-02 1.05067E-06  -3.34203E-02
3.95973E+00 -3.20000E-02 1.05527E-06  -3.14414E-02
4.02685E+00 -3.00000E-02 1.05942E-06  -2.93103E-02
4.09396E+00 -2.80000E-02 1.06403E-06  -2.74836E-02
4.16107E+00 -2.60000E-02 1.06818E-06  -2.55048E-02
4.22819E+00 -2.40000E-02 1.07248E-06  -2.35259E-02
4.29530E+00 -2.20000E-02 1.07724E-06  -2.15470E-02
4.36242E+00 -2.00000E-02 1.08138E-06  -1.94159E-02
4.42953E+00 -1.80000E-02 1.08553E-06  -1.75893E-02
4.49664E+00 -1.60000E-02 1.09014E-06  -1.57626E-02
4.56376E+00 -1.40000E-02 1.09444E-06  -1.36315E-02
4.63087E+00 -1.20000E-02 1.09843E-06  -1.16527E-02
4.69799E+00 -1.00000E-02 1.10304E-06  -9.67379E-03
4.76510E+00 -8.00000E-03 1.10734E-06  -7.69492E-03
4.83221E+00 -6.00000E-03 1.11179E-06  -5.71605E-03
4.89933E+00 -4.00000E-03 1.11640E-06  -3.73718E-03
4.96644E+00 -2.00000E-03 1.12085E-06  -1.75830E-03
5.03356E+00 3.11708E-18  1.12531E-06  2.20568E-04 
5.10067E+00 2.00000E-03  1.12991E-06  2.35166E-03 
5.16779E+00 4.00000E-03  1.13421E-06  4.33053E-03 
5.23490E+00 6.00000E-03  1.13882E-06  6.30941E-03 
5.30201E+00 8.00000E-03  1.14358E-06  8.44050E-03 
5.36913E+00 1.00000E-02  1.14788E-06  1.04194E-02 
5.43624E+00 1.20000E-02  1.15264E-06  1.22460E-02 
5.50336E+00 1.40000E-02  1.15725E-06  1.43771E-02 
5.57047E+00 1.60000E-02  1.16155E-06  1.63560E-02 
5.63758E+00 1.80000E-02  1.16616E-06  1.83349E-02 
5.70470E+00 2.00000E-02  1.17061E-06  2.03137E-02 
5.77181E+00 2.20000E-02  1.17476E-06  2.22926E-02 
5.83893E+00 2.40000E-02  1.17921E-06  2.44237E-02 
5.90604E+00 2.60000E-02  1.18351E-06  2.64026E-02 
5.97315E+00 2.80000E-02  1.18781E-06  2.83814E-02 
6.04027E+00 3.00000E-02  1.19258E-06  3.03603E-02 
6.10738E+00 3.20000E-02  1.19718E-06  3.23392E-02 
6.17450E+00 3.40000E-02  1.20148E-06  3.43181E-02 
6.24161E+00 3.60000E-02  1.20578E-06  3.62969E-02 
6.30872E+00 3.80000E-02  1.21024E-06  3.84280E-02 
6.37584E+00 4.00000E-02  1.21423E-06  4.04069E-02 
6.44295E+00 4.20000E-02  1.21853E-06  4.23858E-02 
6.51007E+00 4.40000E-02  1.22268E-06  4.43646E-02 
6.57718E+00 4.60000E-02  1.22682E-06  4.64957E-02 
6.64430E+00 4.80000E-02  1.23097E-06  4.84746E-02 
6.71141E+00 5.00000E-02  1.23527E-06  5.04535E-02 
6.77852E+00 5.20000E-02  1.23957E-06  5.22801E-02 
6.84564E+00 5.40000E-02  1.24341E-06  5.44112E-02 
6.91275E+00 5.60000E-02  1.24833E-06  5.63901E-02 
6.97987E+00 5.80000E-02  1.25263E-06  5.83690E-02 
7.04698E+00 6.00000E-02  1.25677E-06  6.03478E-02 
7.11409E+00 6.20000E-02  1.26169E-06  6.21745E-02 
7.18121E+00 6.40000E-02  1.26629E-06  6.43056E-02 
7.24832E+00 6.60000E-02  1.27090E-06  6.62845E-02 
7.31544E+00 6.80000E-02  1.27566E-06  6.82633E-02 
7.38255E+00 7.00000E-02  1.28042E-06  7.02422E-02 
7.44966E+00 7.20000E-02  1.28518E-06  7.22211E-02 
7.51678E+00 7.40000E-02  1.29041E-06  7.42000E-02 
7.58389E+00 7.60000E-02  1.29501E-06  7.61788E-02 
7.65101E+00 7.80000E-02  1.30008E-06  7.83099E-02 
7.71812E+00 8.00000E-02  1.30530E-06  8.02888E-02 
7.78523E+00 8.20000E-02  1.30991E-06  8.22677E-02 
7.85235E+00 8.40000E-02  1.31498E-06  8.43988E-02 
7.91946E+00 8.60000E-02  1.32051E-06  8.63776E-02 
7.98658E+00 8.80000E-02  1.32450E-06  8.83565E-02 
8.05369E+00 9.00000E-02  1.32957E-06  9.03354E-02 
8.12081E+00 9.20000E-02  1.33541E-06  9.23142E-02 
8.18792E+00 9.40000E-02  1.33940E-06  9.42931E-02 
8.25503E+00 9.60000E-02  1.34431E-06  9.62720E-02 
8.32215E+00 9.80000E-02  1.35030E-06  9.84031E-02 
8.38926E+00 1.00000E-01  1.35445E-06  1.00230E-01 
8.45638E+00 1.02000E-01  1.35936E-06  1.02361E-01 
8.52349E+00 1.04000E-01  1.36520E-06  1.04340E-01 
8.59060E+00 1.06000E-01  1.36919E-06  1.06319E-01 
8.65772E+00 1.08000E-01  1.37426E-06  1.08297E-01 
8.72483E+00 1.10000E-01  1.37994E-06  1.10276E-01 
8.79195E+00 1.12000E-01  1.38394E-06  1.12255E-01 
8.85906E+00 1.14000E-01  1.38916E-06  1.14234E-01 
8.92617E+00 1.16000E-01  1.39484E-06  1.16365E-01 
8.99329E+00 1.18000E-01  1.39899E-06  1.18344E-01 
9.06040E+00 1.20000E-01  1.40452E-06  1.20323E-01 
9.12752E+00 1.22000E-01  1.41005E-06  1.22454E-01 
9.19463E+00 1.24000E-01  1.41435E-06  1.24433E-01 
9.26174E+00 1.26000E-01  1.41987E-06  1.26412E-01 
9.32886E+00 1.28000E-01  1.42510E-06  1.28391E-01 
9.39597E+00 1.30000E-01  1.42894E-06  1.30369E-01 
9.46309E+00 1.32000E-01  1.43508E-06  1.32348E-01 
9.53020E+00 1.34000E-01  1.44045E-06  1.34479E-01 
9.59732E+00 1.36000E-01  1.44414E-06  1.36458E-01 
9.66443E+00 1.38000E-01  1.44921E-06  1.38285E-01 
9.73154E+00 1.40000E-01  1.45612E-06  1.40112E-01 
9.79866E+00 1.42000E-01  1.45950E-06  1.42091E-01 
9.86577E+00 1.44000E-01  1.46641E-06  1.44222E-01 
9.93289E+00 1.46000E-01  1.47240E-06  1.46200E-01 
1.00000E+01 1.48000E-01  1.47701E-06  1.48179E-01 
1.00671E+01 1.50000E-01  1.48330E-06  1.50158E-01 
1.01342E+01 1.52000E-01  1.48945E-06  1.52137E-01 
1.02013E+01 1.54000E-01  1.49467E-06  1.54116E-01 
1.02685E+01 1.56000E-01  1.49974E-06  1.56247E-01 
1.03356E+01 1.58000E-01  1.50695E-06  1.58226E-01 
1.04027E+01 1.60000E-01  1.51202E-06  1.60205E-01 
1.04698E+01 1.62000E-01  1.51801E-06  1.62184E-01 
1.05369E+01 1.64000E-01  1.52462E-06  1.64163E-01 
1.06040E+01 1.66000E-01  1.53061E-06  1.66294E-01 
1.06711E+01 1.68000E-01  1.53690E-06  1.68273E-01 
1.07383E+01 1.70000E-01  1.54274E-06  1.70251E-01 
1.08054E+01 1.72000E-01  1.54996E-06  1.72230E-01 
1.08725E+01 1.74000E-01  1.55533E-06  1.74209E-01 
1.09396E+01 1.76000E-01  1.56055E-06  1.76188E-01 
1.10067E+01 1.78000E-01  1.56885E-06  1.78167E-01 
1.10738E+01 1.80000E-01  1.57484E-06  1.80146E-01 
1.11409E+01 1.82000E-01  1.58006E-06  1.82277E-01 
1.12081E+01 1.84000E-01  1.58682E-06  1.84256E-01 
1.12752E+01 1.86000E-01  1.59434E-06  1.86235E-01 
1.13423E+01 1.88000E-01  1.60018E-06  1.88213E-01 
1.14094E+01 1.90000E-01  1.60755E-06  1.90192E-01 
1.14765E+01 1.92000E-01  1.61507E-06  1.92171E-01 
1.15436E+01 1.94000E-01  1.62076E-06  1.94302E-01 
1.16107E+01 1.96000E-01  1.62414E-06  1.96281E-01 
1.16779E+01 1.98000E-01  1.63704E-06  1.98260E-01 
1.17450E+01 2.00000E-01  1.64195E-06  2.00239E-01 
1.18121E+01 2.02000E-01  1.64917E-06  2.02370E-01 
1.18792E+01 2.04000E-01  1.65470E-06  2.04349E-01 
1.19463E+01 2.06000E-01  1.67052E-06  2.06328E-01 
1.20134E+01 2.08000E-01  1.67159E-06  2.08307E-01 
1.20805E+01 2.10000E-01  1.67912E-06  2.10285E-01 
1.21477E+01 2.12000E-01  1.68557E-06  2.12264E-01 
1.22148E+01 2.14000E-01  1.69509E-06  2.14395E-01 
1.22819E+01 2.16000E-01  1.70139E-06  2.16222E-01 
1.23490E+01 2.18000E-01  1.70953E-06  2.18201E-01 
1.24161E+01 2.20000E-01  1.71813E-06  2.20180E-01 
1.24832E+01 2.22000E-01  1.72611E-06  2.22159E-01 
1.25503E+01 2.24000E-01  1.73057E-06  2.24290E-01 
1.26174E+01 2.26000E-01  1.74163E-06  2.26269E-01 
1.26846E+01 2.28000E-01  1.75084E-06  2.28248E-01 
1.27517E+01 2.30000E-01  1.75575E-06  2.30226E-01 
1.28188E+01 2.32000E-01  1.76681E-06  2.32205E-01 
1.28859E+01 2.34000E-01  1.77664E-06  2.34336E-01 
1.29530E+01 2.36000E-01  1.78232E-06  2.36315E-01 
1.30201E+01 2.38000E-01  1.79354E-06  2.38294E-01 
1.30872E+01 2.40000E-01  1.80321E-06  2.40273E-01 
1.31544E+01 2.42000E-01  1.81074E-06  2.42404E-01 
1.32215E+01 2.44000E-01  1.82087E-06  2.44383E-01 
1.32886E+01 2.46000E-01  1.83070E-06  2.46362E-01 
1.33557E+01 2.48000E-01  1.83900E-06  2.48341E-01 
1.34228E+01 2.50000E-01  1.84898E-06  2.50320E-01 
1.34899E+01 2.52000E-01  1.85742E-06  2.52298E-01 
1.35570E+01 2.54000E-01  1.86818E-06  2.54430E-01 
1.36242E+01 2.56000E-01  1.87816E-06  2.56256E-01 
1.36913E+01 2.58000E-01  1.88522E-06  2.58387E-01 
1.37584E+01 2.60000E-01  1.89828E-06  2.60366E-01 
1.38255E+01 2.62000E-01  1.90903E-06  2.62345E-01 
1.38926E+01 2.64000E-01  1.91655E-06  2.64324E-01 
1.39597E+01 2.66000E-01  1.92823E-06  2.66303E-01 
1.40268E+01 2.68000E-01  1.93959E-06  2.68282E-01 
1.40940E+01 2.70000E-01  1.94712E-06  2.70261E-01 
1.41611E+01 2.72000E-01  1.95725E-06  2.72392E-01 
1.42282E+01 2.74000E-01  1.96985E-06  2.74371E-01 
1.42953E+01 2.76000E-01  1.97691E-06  2.76349E-01 
1.43624E+01 2.78000E-01  1.98858E-06  2.78328E-01 
1.44295E+01 2.80000E-01  2.00118E-06  2.80459E-01 
1.44966E+01 2.82000E-01  2.00855E-06  2.82438E-01 
1.45638E+01 2.84000E-01  2.01945E-06  2.84417E-01 
1.46309E+01 2.86000E-01  2.03082E-06  2.86396E-01 
1.46980E+01 2.88000E-01  2.04019E-06  2.88375E-01 
1.47651E+01 2.90000E-01  2.05063E-06  2.90354E-01 
1.48322E+01 2.92000E-01  2.06199E-06  2.92333E-01 
1.48993E+01 2.94000E-01  2.06998E-06  2.94311E-01 
1.49664E+01 2.96000E-01  2.08211E-06  2.96290E-01 
1.50336E+01 2.98000E-01  2.09286E-06  2.98269E-01 
1.51007E+01 3.00000E-01  2.10208E-06  3.00400E-01 
1.51678E+01 3.02000E-01  2.11436E-06  3.02379E-01 
1.52349E+01 3.04000E-01  2.12404E-06  3.04358E-01 
1.53020E+01 3.06000E-01  2.13387E-06  3.06337E-01 
1.53691E+01 3.08000E-01  2.14585E-06  3.08316E-01 
1.54362E+01 3.10000E-01  2.15537E-06  3.10295E-01 
1.55034E+01 3.12000E-01  2.16443E-06  3.12426E-01 
1.55705E+01 3.14000E-01  2.17580E-06  3.14405E-01 
1.56376E+01 3.16000E-01  2.18593E-06  3.16384E-01 
1.57047E+01 3.18000E-01  2.19315E-06  3.18362E-01 
1.57718E+01 3.20000E-01  2.20283E-06  3.20493E-01 
1.58389E+01 3.22000E-01  2.21312E-06  3.22472E-01 
1.59060E+01 3.24000E-01  2.21880E-06  3.24299E-01 
1.59732E+01 3.26000E-01  2.22986E-06  3.26278E-01 
1.60403E+01 3.28000E-01  2.23876E-06  3.28409E-01 
1.61074E+01 3.30000E-01  2.24522E-06  3.30388E-01 
1.61745E+01 3.32000E-01  2.25320E-06  3.32367E-01 
1.62416E+01 3.34000E-01  2.26226E-06  3.34346E-01 
1.63087E+01 3.36000E-01  2.26779E-06  3.36324E-01 
1.63758E+01 3.38000E-01  2.27455E-06  3.38456E-01 
1.64430E+01 3.40000E-01  2.28315E-06  3.40434E-01 
1.65101E+01 3.42000E-01  2.28852E-06  3.42413E-01 
1.65772E+01 3.44000E-01  2.29359E-06  3.44392E-01 
1.66443E+01 3.46000E-01  2.30096E-06  3.46371E-01 
1.67114E+01 3.48000E-01  2.30557E-06  3.48350E-01 
1.67785E+01 3.50000E-01  2.31018E-06  3.50481E-01 
1.68456E+01 3.52000E-01  2.31479E-06  3.52460E-01 
1.69128E+01 3.54000E-01  2.31970E-06  3.54439E-01 
1.69799E+01 3.56000E-01  2.32293E-06  3.56418E-01 
1.70470E+01 3.58000E-01  2.32846E-06  3.58549E-01 
1.71141E+01 3.60000E-01  2.32999E-06  3.60528E-01 
1.71812E+01 3.62000E-01  2.33276E-06  3.62506E-01 
1.72483E+01 3.64000E-01  2.33598E-06  3.64333E-01 
1.73154E+01 3.66000E-01  2.33629E-06  3.66464E-01 
1.73826E+01 3.68000E-01  2.33890E-06  3.68443E-01 
1.74497E+01 3.70000E-01  2.34120E-06  3.70422E-01 
1.75168E+01 3.72000E-01  2.34074E-06  3.72401E-01 
1.75839E+01 3.74000E-01  2.34120E-06  3.74380E-01 
1.76510E+01 3.76000E-01  2.34335E-06  3.76359E-01 
1.77181E+01 3.78000E-01  2.34197E-06  3.78337E-01 
1.77852E+01 3.80000E-01  2.34320E-06  3.80469E-01 
1.78523E+01 3.82000E-01  2.34458E-06  3.82295E-01 
1.79195E+01 3.84000E-01  2.34243E-06  3.84426E-01 
1.79866E+01 3.86000E-01  2.34289E-06  3.86405E-01 
1.80537E+01 3.88000E-01  2.34381E-06  3.88384E-01 
1.81208E+01 3.90000E-01  2.34228E-06  3.90363E-01 
1.81879E+01 3.92000E-01  2.34305E-06  3.92342E-01 
1.82550E+01 3.94000E-01  2.34412E-06  3.94473E-01 
1.83221E+01 3.96000E-01  2.34289E-06  3.96452E-01 
1.83893E+01 3.98000E-01  2.34427E-06  3.98431E-01 
1.84564E+01 4.00000E-01  2.34550E-06  4.00562E-01 
1.85235E+01 4.02000E-01  2.34489E-06  4.02388E-01 
1.85906E+01 4.04000E-01  2.34612E-06  4.04367E-01 
1.86577E+01 4.06000E-01  2.34750E-06  4.06498E-01 
1.87248E+01 4.08000E-01  2.34781E-06  4.08477E-01 
1.87919E+01 4.10000E-01  2.34888E-06  4.10456E-01 
1.88591E+01 4.12000E-01  2.35103E-06  4.12435E-01 
1.89262E+01 4.14000E-01  2.35226E-06  4.14414E-01 
1.89933E+01 4.16000E-01  2.35395E-06  4.16393E-01 
1.90604E+01 4.18000E-01  2.35702E-06  4.18524E-01 
1.91275E+01 4.20000E-01  2.35856E-06  4.20503E-01 
1.91946E+01 4.22000E-01  2.36117E-06  4.22329E-01 
1.92617E+01 4.24000E-01  2.36363E-06  4.24308E-01 
1.93289E+01 4.26000E-01  2.36578E-06  4.26439E-01 
1.93960E+01 4.28000E-01  2.36854E-06  4.28418E-01 
1.94631E+01 4.30000E-01  2.37146E-06  4.30397E-01 
1.95302E+01 4.32000E-01  2.37438E-06  4.32528E-01 
1.95973E+01 4.34000E-01  2.37760E-06  4.34507E-01 
1.96644E+01 4.36000E-01  2.38052E-06  4.36486E-01 
1.97315E+01 4.38000E-01  2.38359E-06  4.38465E-01 
1.97987E+01 4.40000E-01  2.38743E-06  4.40444E-01 
1.98658E+01 4.42000E-01  2.39096E-06  4.42422E-01 
1.99329E+01 4.44000E-01  2.39419E-06  4.44401E-01 
2.00000E+01 4.46000E-01  2.39849E-06  4.46532E-01 
2.00671E+01 4.48000E-01  2.40248E-06  4.48511E-01 
2.01342E+01 4.50000E-01  2.40647E-06  4.50186E-01 
2.02013E+01 4.52000E-01  2.41062E-06  4.52165E-01 
2.02685E+01 4.54000E-01  2.41492E-06  4.54296E-01 
2.03356E+01 4.56000E-01  2.41922E-06  4.56275E-01 
2.04027E+01 4.58000E-01  2.42337E-06  4.58253E-01 
2.04698E+01 4.60000E-01  2.42752E-06  4.60232E-01 
2.05369E+01 4.62000E-01  2.43182E-06  4.62211E-01 
2.06040E+01 4.64000E-01  2.43658E-06  4.64190E-01 
2.06711E+01 4.66000E-01  2.44118E-06  4.66169E-01 
2.07383E+01 4.68000E-01  2.44625E-06  4.68300E-01 
2.08054E+01 4.70000E-01  2.45132E-06  4.70279E-01 
2.08725E+01 4.72000E-01  2.45608E-06  4.72258E-01 
2.09396E+01 4.74000E-01  2.46146E-06  4.74389E-01 
2.10067E+01 4.76000E-01  2.46637E-06  4.76368E-01 
2.10738E+01 4.78000E-01  2.47098E-06  4.78347E-01 
2.11409E+01 4.80000E-01  2.47666E-06  4.80325E-01 
2.12081E+01 4.82000E-01  2.48188E-06  4.82304E-01 
2.12752E+01 4.84000E-01  2.48695E-06  4.84283E-01 
2.13423E+01 4.86000E-01  2.49279E-06  4.86262E-01 
2.14094E+01 4.88000E-01  2.49862E-06  4.88393E-01 
2.14765E+01 4.90000E-01  2.50369E-06  4.90220E-01 
2.15436E+01 4.92000E-01  2.50968E-06  4.92351E-01 
2.16107E+01 4.94000E-01  2.51567E-06  4.94330E-01 
2.16779E+01 4.96000E-01  2.52074E-06  4.96309E-01 
2.17450E+01 4.98000E-01  2.52704E-06  4.98440E-01 
2.18121E+01 5.00000E-01  2.53302E-06  5.00266E-01 
2.18792E+01 5.02000E-01  2.53779E-06  5.02245E-01 
2.19463E+01 5.04000E-01  2.54362E-06  5.04376E-01 
2.20134E+01 5.06000E-01  2.54884E-06  5.06355E-01 
2.20805E+01 5.08000E-01  2.55330E-06  5.08334E-01 
2.21477E+01 5.10000E-01  2.55898E-06  5.10313E-01 
2.22148E+01 5.12000E-01  2.56482E-06  5.12292E-01 
2.22819E+01 5.14000E-01  2.57004E-06  5.14423E-01 
2.23490E+01 5.16000E-01  2.57618E-06  5.16402E-01 
2.24161E+01 5.18000E-01  2.58202E-06  5.18381E-01 
2.24832E+01 5.20000E-01  2.58801E-06  5.20360E-01 
2.25503E+01 5.22000E-01  2.59446E-06  5.22338E-01 
2.26174E+01 5.24000E-01  2.60060E-06  5.24317E-01 
2.26846E+01 5.26000E-01  2.60705E-06  5.26448E-01 
2.27517E+01 5.28000E-01  2.61412E-06  5.28275E-01 
2.28188E+01 5.30000E-01  2.62057E-06  5.30254E-01 
2.28859E+01 5.32000E-01  2.62686E-06  5.32385E-01 
2.29530E+01 5.34000E-01  2.63423E-06  5.34364E-01 
2.30201E+01 5.36000E-01  2.64068E-06  5.36343E-01 
2.30872E+01 5.38000E-01  2.64729E-06  5.38322E-01 
2.31544E+01 5.40000E-01  2.65466E-06  5.40301E-01 
2.32215E+01 5.42000E-01  2.66142E-06  5.42279E-01 
2.32886E+01 5.44000E-01  2.66802E-06  5.44258E-01 
2.33557E+01 5.46000E-01  2.67524E-06  5.46389E-01 
2.34228E+01 5.48000E-01  2.68200E-06  5.48368E-01 
2.34899E+01 5.50000E-01  2.68891E-06  5.50347E-01 
2.35570E+01 5.52000E-01  2.69628E-06  5.52478E-01 
2.36242E+01 5.54000E-01  2.70319E-06  5.54457E-01 
2.36913E+01 5.56000E-01  2.71010E-06  5.56436E-01 
2.37584E+01 5.58000E-01  2.71717E-06  5.58263E-01 
2.38255E+01 5.60000E-01  2.72485E-06  5.60394E-01 
2.38926E+01 5.62000E-01  2.73268E-06  5.62373E-01 
2.39597E+01 5.64000E-01  2.73990E-06  5.64351E-01 
2.40268E+01 5.66000E-01  2.74681E-06  5.66483E-01 
2.40940E+01 5.68000E-01  2.75479E-06  5.68309E-01 
2.41611E+01 5.70000E-01  2.76232E-06  5.70440E-01 
2.42282E+01 5.72000E-01  2.76939E-06  5.72419E-01 
2.42953E+01 5.74000E-01  2.77691E-06  5.74398E-01 
2.43624E+01 5.76000E-01  2.78444E-06  5.76377E-01 
2.44295E+01 5.78000E-01  2.79165E-06  5.78356E-01 
2.44966E+01 5.80000E-01  2.79903E-06  5.80335E-01 
2.45638E+01 5.82000E-01  2.80655E-06  5.82314E-01 
2.46309E+01 5.84000E-01  2.81392E-06  5.84445E-01 
2.46980E+01 5.86000E-01  2.82145E-06  5.86423E-01 
2.47651E+01 5.88000E-01  2.83005E-06  5.88402E-01 
2.48322E+01 5.90000E-01  2.83850E-06  5.90533E-01 
2.48993E+01 5.92000E-01  2.84648E-06  5.92512E-01 
2.49664E+01 5.94000E-01  2.85462E-06  5.94491E-01 
2.50336E+01 5.96000E-01  2.86153E-06  5.96470E-01 
2.51007E+01 5.98000E-01  2.86722E-06  5.98449E-01 
2.51678E+01 6.00000E-01  2.87290E-06  6.00428E-01 
2.52349E+01 5.98000E-01  2.84587E-06  5.98601E-01 
2.53020E+01 5.96000E-01  2.82483E-06  5.96622E-01 
2.53691E+01 5.94000E-01  2.80624E-06  5.94643E-01 
2.54362E+01 5.92000E-01  2.78874E-06  5.92665E-01 
2.55034E+01 5.90000E-01  2.77215E-06  5.90533E-01 
2.55705E+01 5.88000E-01  2.75664E-06  5.88555E-01 
2.56376E+01 5.86000E-01  2.74189E-06  5.86576E-01 
2.57047E+01 5.84000E-01  2.72761E-06  5.84597E-01 
2.57718E+01 5.82000E-01  2.71440E-06  5.82618E-01 
2.58389E+01 5.80000E-01  2.70135E-06  5.80487E-01 
2.59060E+01 5.78000E-01  2.68922E-06  5.78508E-01 
2.59732E+01 5.76000E-01  2.67708E-06  5.76529E-01 
2.60403E+01 5.74000E-01  2.66541E-06  5.74550E-01 
2.61074E+01 5.72000E-01  2.65389E-06  5.72571E-01 
2.61745E+01 5.70000E-01  2.64283E-06  5.70593E-01 
2.62416E+01 5.68000E-01  2.63208E-06  5.68461E-01 
2.63087E+01 5.66000E-01  2.62226E-06  5.66635E-01 
2.63758E+01 5.64000E-01  2.61319E-06  5.64504E-01 
2.64430E+01 5.62000E-01  2.60290E-06  5.62525E-01 
2.65101E+01 5.60000E-01  2.59323E-06  5.60546E-01 
2.65772E+01 5.58000E-01  2.58447E-06  5.58567E-01 
2.66443E+01 5.56000E-01  2.57480E-06  5.56588E-01 
2.67114E+01 5.54000E-01  2.56558E-06  5.54609E-01 
2.67785E+01 5.52000E-01  2.55729E-06  5.52630E-01 
2.68456E+01 5.50000E-01  2.54792E-06  5.50499E-01 
2.69128E+01 5.48000E-01  2.54009E-06  5.48520E-01 
2.69799E+01 5.46000E-01  2.53272E-06  5.46542E-01 
2.70470E+01 5.44000E-01  2.52427E-06  5.44563E-01 
2.71141E+01 5.42000E-01  2.51628E-06  5.42432E-01 
2.71812E+01 5.40000E-01  2.50876E-06  5.40453E-01 
2.72483E+01 5.38000E-01  2.50047E-06  5.38474E-01 
2.73154E+01 5.36000E-01  2.49294E-06  5.36495E-01 
2.73826E+01 5.34000E-01  2.48557E-06  5.34516E-01 
2.74497E+01 5.32000E-01  2.47743E-06  5.32537E-01 
2.75168E+01 5.30000E-01  2.46960E-06  5.30406E-01 
2.75839E+01 5.28000E-01  2.46161E-06  5.28427E-01 
2.76510E+01 5.26000E-01  2.45332E-06  5.26601E-01 
2.77181E+01 5.24000E-01  2.44487E-06  5.24470E-01 
2.77852E+01 5.22000E-01  2.43704E-06  5.22491E-01 
2.78523E+01 5.20000E-01  2.42844E-06  5.20512E-01 
2.79195E+01 5.18000E-01  2.41999E-06  5.18533E-01 
2.79866E+01 5.16000E-01  2.41200E-06  5.16554E-01 
2.80537E+01 5.14000E-01  2.40325E-06  5.14575E-01 
2.81208E+01 5.12000E-01  2.39572E-06  5.12596E-01 
2.81879E+01 5.10000E-01  2.38805E-06  5.10465E-01 
2.82550E+01 5.08000E-01  2.37991E-06  5.08486E-01 
2.83221E+01 5.06000E-01  2.37253E-06  5.06507E-01 
2.83893E+01 5.04000E-01  2.36501E-06  5.04376E-01 
2.84564E+01 5.02000E-01  2.35733E-06  5.02398E-01 
2.85235E+01 5.00000E-01  2.35042E-06  5.00419E-01 
2.85906E+01 4.98000E-01  2.34366E-06  4.98440E-01 
2.86577E+01 4.96000E-01  2.33598E-06  4.96461E-01 
2.87248E+01 4.94000E-01  2.32907E-06  4.94482E-01 
2.87919E+01 4.92000E-01  2.32216E-06  4.92503E-01 
2.88591E+01 4.90000E-01  2.31494E-06  4.90372E-01 
2.89262E+01 4.88000E-01  2.30834E-06  4.88545E-01 
2.89933E+01 4.86000E-01  2.30219E-06  4.86567E-01 
2.90604E+01 4.84000E-01  2.29559E-06  4.84435E-01 
2.91275E+01 4.82000E-01  2.28899E-06  4.82457E-01 
2.91946E+01 4.80000E-01  2.28207E-06  4.80478E-01 
2.92617E+01 4.78000E-01  2.27486E-06  4.78499E-01 
2.93289E+01 4.76000E-01  2.26702E-06  4.76520E-01 
2.93960E+01 4.74000E-01  2.25919E-06  4.74541E-01 
2.94631E+01 4.72000E-01  2.25182E-06  4.72410E-01 
2.95302E+01 4.70000E-01  2.24475E-06  4.70431E-01 
2.95973E+01 4.68000E-01  2.23738E-06  4.68452E-01 
2.96644E+01 4.66000E-01  2.23109E-06  4.66473E-01 
2.97315E+01 4.64000E-01  2.22448E-06  4.64494E-01 
2.97987E+01 4.62000E-01  2.21711E-06  4.62363E-01 
2.98658E+01 4.60000E-01  2.21112E-06  4.60385E-01 
2.99329E+01 4.58000E-01  2.20467E-06  4.58406E-01 
3.00000E+01 4.56000E-01  2.19714E-06  4.56427E-01 
3.00671E+01 4.54000E-01  2.19100E-06  4.54448E-01 
3.01342E+01 4.52000E-01  2.18440E-06  4.52317E-01 
3.02013E+01 4.50000E-01  2.17718E-06  4.50338E-01 
3.02685E+01 4.48000E-01  2.17104E-06  4.48664E-01 
3.03356E+01 4.46000E-01  2.16459E-06  4.46685E-01 
3.04027E+01 4.44000E-01  2.15767E-06  4.44554E-01 
3.04698E+01 4.42000E-01  2.15153E-06  4.42575E-01 
3.05369E+01 4.40000E-01  2.14508E-06  4.40596E-01 
3.06040E+01 4.38000E-01  2.13817E-06  4.38769E-01 
3.06711E+01 4.36000E-01  2.13187E-06  4.36638E-01 
3.07383E+01 4.34000E-01  2.12527E-06  4.34659E-01 
3.08054E+01 4.32000E-01  2.11836E-06  4.32680E-01 
3.08725E+01 4.30000E-01  2.11206E-06  4.30701E-01 
3.09396E+01 4.28000E-01  2.10530E-06  4.28570E-01 
3.10067E+01 4.26000E-01  2.09870E-06  4.26591E-01 
3.10738E+01 4.24000E-01  2.09271E-06  4.24460E-01 
3.11409E+01 4.22000E-01  2.08611E-06  4.22482E-01 
3.12081E+01 4.20000E-01  2.07919E-06  4.20655E-01 
3.12752E+01 4.18000E-01  2.07367E-06  4.18676E-01 
3.13423E+01 4.16000E-01  2.06706E-06  4.16545E-01 
3.14094E+01 4.14000E-01  2.06015E-06  4.14566E-01 
3.14765E+01 4.12000E-01  2.05416E-06  4.12587E-01 
3.15436E+01 4.10000E-01  2.04756E-06  4.10608E-01 
3.16107E+01 4.08000E-01  2.04065E-06  4.08629E-01 
3.16779E+01 4.06000E-01  2.03496E-06  4.06651E-01 
3.17450E+01 4.04000E-01  2.02836E-06  4.04519E-01 
3.18121E+01 4.02000E-01  2.02130E-06  4.02541E-01 
3.18792E+01 4.00000E-01  2.01500E-06  4.00562E-01 
3.19463E+01 3.98000E-01  2.00855E-06  3.98583E-01 
3.20134E+01 3.96000E-01  2.00164E-06  3.96604E-01 
3.20805E+01 3.94000E-01  1.99534E-06  3.94625E-01 
3.21477E+01 3.92000E-01  1.98874E-06  3.92494E-01 
3.22148E+01 3.90000E-01  1.98182E-06  3.90515E-01 
3.22819E+01 3.88000E-01  1.97476E-06  3.88536E-01 
3.23490E+01 3.86000E-01  1.96877E-06  3.86557E-01 
3.24161E+01 3.84000E-01  1.96155E-06  3.84578E-01 
3.24832E+01 3.82000E-01  1.95479E-06  3.82447E-01 
3.25503E+01 3.80000E-01  1.94788E-06  3.80469E-01 
3.26174E+01 3.78000E-01  1.94097E-06  3.78490E-01 
3.26846E+01 3.76000E-01  1.93422E-06  3.76511E-01 
3.27517E+01 3.74000E-01  1.92669E-06  3.74532E-01 
3.28188E+01 3.72000E-01  1.91978E-06  3.72553E-01 
3.28859E+01 3.70000E-01  1.91364E-06  3.70574E-01 
3.29530E+01 3.68000E-01  1.90657E-06  3.68595E-01 
3.30201E+01 3.66000E-01  1.89920E-06  3.66616E-01 
3.30872E+01 3.64000E-01  1.89321E-06  3.64638E-01 
3.31544E+01 3.62000E-01  1.88553E-06  3.62506E-01 
3.32215E+01 3.60000E-01  1.87831E-06  3.60680E-01 
3.32886E+01 3.58000E-01  1.87370E-06  3.58549E-01 
3.33557E+01 3.56000E-01  1.86464E-06  3.56570E-01 
3.34228E+01 3.54000E-01  1.85789E-06  3.54591E-01 
3.34899E+01 3.52000E-01  1.85236E-06  3.52612E-01 
3.35570E+01 3.50000E-01  1.84376E-06  3.50633E-01 
3.36242E+01 3.48000E-01  1.83654E-06  3.48502E-01 
3.36913E+01 3.46000E-01  1.83039E-06  3.46523E-01 
3.37584E+01 3.44000E-01  1.82210E-06  3.44392E-01 
3.38255E+01 3.42000E-01  1.81473E-06  3.42566E-01 
3.38926E+01 3.40000E-01  1.80843E-06  3.40587E-01 
3.39597E+01 3.38000E-01  1.80029E-06  3.38456E-01 
3.40268E+01 3.36000E-01  1.79384E-06  3.36477E-01 
3.40940E+01 3.34000E-01  1.78709E-06  3.34498E-01 
3.41611E+01 3.32000E-01  1.77910E-06  3.32519E-01 
3.42282E+01 3.30000E-01  1.77388E-06  3.30540E-01 
3.42953E+01 3.28000E-01  1.76620E-06  3.28561E-01 
3.43624E+01 3.26000E-01  1.75837E-06  3.26430E-01 
3.44295E+01 3.24000E-01  1.75176E-06  3.24451E-01 
3.44966E+01 3.22000E-01  1.74562E-06  3.22625E-01 
3.45638E+01 3.20000E-01  1.73517E-06  3.20493E-01 
3.46309E+01 3.18000E-01  1.72780E-06  3.18515E-01 
3.46980E+01 3.16000E-01  1.72273E-06  3.16536E-01 
3.47651E+01 3.14000E-01  1.71137E-06  3.14557E-01 
3.48322E+01 3.12000E-01  1.70553E-06  3.12426E-01 
3.48993E+01 3.10000E-01  1.69924E-06  3.10447E-01 
3.49664E+01 3.08000E-01  1.68879E-06  3.08468E-01 
3.50336E+01 3.06000E-01  1.68127E-06  3.06337E-01 
3.51007E+01 3.04000E-01  1.67420E-06  3.04358E-01 
3.51678E+01 3.02000E-01  1.66422E-06  3.02531E-01 
3.52349E+01 3.00000E-01  1.65547E-06  3.00553E-01 
3.53020E+01 2.98000E-01  1.64963E-06  2.98421E-01 
3.53691E+01 2.96000E-01  1.64011E-06  2.96443E-01 
3.54362E+01 2.94000E-01  1.63105E-06  2.94464E-01 
3.55034E+01 2.92000E-01  1.62567E-06  2.92485E-01 
3.55705E+01 2.90000E-01  1.61615E-06  2.90506E-01 
3.56376E+01 2.88000E-01  1.60724E-06  2.88527E-01 
3.57047E+01 2.86000E-01  1.60294E-06  2.86396E-01 
3.57718E+01 2.84000E-01  1.59311E-06  2.84417E-01 
3.58389E+01 2.82000E-01  1.58589E-06  2.82590E-01 
3.59060E+01 2.80000E-01  1.58190E-06  2.80459E-01 
3.59732E+01 2.78000E-01  1.57192E-06  2.78480E-01 
3.60403E+01 2.76000E-01  1.56455E-06  2.76502E-01 
3.61074E+01 2.74000E-01  1.56086E-06  2.74371E-01 
3.61745E+01 2.72000E-01  1.55042E-06  2.72392E-01 
3.62416E+01 2.70000E-01  1.54305E-06  2.70413E-01 
3.63087E+01 2.68000E-01  1.53951E-06  2.68282E-01 
3.63758E+01 2.66000E-01  1.52861E-06  2.66303E-01 
3.64430E+01 2.64000E-01  1.52201E-06  2.64476E-01 
3.65101E+01 2.62000E-01  1.52078E-06  2.62497E-01 
3.65772E+01 2.60000E-01  1.50742E-06  2.60518E-01 
3.66443E+01 2.58000E-01  1.50219E-06  2.58387E-01 
3.67114E+01 2.56000E-01  1.50081E-06  2.56408E-01 
3.67785E+01 2.54000E-01  1.48945E-06  2.54430E-01 
3.68456E+01 2.52000E-01  1.47793E-06  2.52451E-01 
3.69128E+01 2.50000E-01  1.48146E-06  2.50320E-01 
3.69799E+01 2.48000E-01  1.46887E-06  2.48341E-01 
3.70470E+01 2.46000E-01  1.46318E-06  2.46362E-01 
3.71141E+01 2.44000E-01  1.46226E-06  2.44383E-01 
3.71812E+01 2.42000E-01  1.45197E-06  2.42404E-01 
3.72483E+01 2.40000E-01  1.44660E-06  2.40425E-01 
3.73154E+01 2.38000E-01  1.44598E-06  2.38294E-01 
3.73826E+01 2.36000E-01  1.43385E-06  2.36315E-01 
3.74497E+01 2.34000E-01  1.43078E-06  2.34336E-01 
3.75168E+01 2.32000E-01  1.42786E-06  2.32358E-01 
3.75839E+01 2.30000E-01  1.41772E-06  2.30226E-01 
3.76510E+01 2.28000E-01  1.41603E-06  2.28248E-01 
3.77181E+01 2.26000E-01  1.41143E-06  2.26269E-01 
3.77852E+01 2.24000E-01  1.40421E-06  2.24290E-01 
3.78523E+01 2.22000E-01  1.40237E-06  2.22311E-01 
3.79195E+01 2.20000E-01  1.39807E-06  2.20332E-01 
3.79866E+01 2.18000E-01  1.39100E-06  2.18353E-01 
3.80537E+01 2.16000E-01  1.38977E-06  2.16374E-01 
3.81208E+01 2.14000E-01  1.38394E-06  2.14395E-01 
3.81879E+01 2.12000E-01  1.37779E-06  2.12417E-01 
3.82550E+01 2.10000E-01  1.37672E-06  2.10438E-01 
3.83221E+01 2.08000E-01  1.36996E-06  2.08307E-01 
3.83893E+01 2.06000E-01  1.36551E-06  2.06480E-01 
3.84564E+01 2.04000E-01  1.36244E-06  2.04501E-01 
3.85235E+01 2.02000E-01  1.35506E-06  2.02370E-01 
3.85906E+01 2.00000E-01  1.35215E-06  2.00391E-01 
3.86577E+01 1.98000E-01  1.34907E-06  1.98412E-01 
3.87248E+01 1.96000E-01  1.34370E-06  1.96281E-01 
3.87919E+01 1.94000E-01  1.34078E-06  1.94302E-01 
3.88591E+01 1.92000E-01  1.33756E-06  1.92323E-01 
3.89262E+01 1.90000E-01  1.33064E-06  1.90192E-01 
3.89933E+01 1.88000E-01  1.32849E-06  1.88213E-01 
3.90604E+01 1.86000E-01  1.32450E-06  1.86387E-01 
3.91275E+01 1.84000E-01  1.31636E-06  1.84408E-01 
3.91946E+01 1.82000E-01  1.32035E-06  1.82277E-01 
3.92617E+01 1.80000E-01  1.31129E-06  1.80298E-01 
3.93289E+01 1.78000E-01  1.30361E-06  1.78319E-01 
3.93960E+01 1.76000E-01  1.30469E-06  1.76340E-01 
3.94631E+01 1.74000E-01  1.29993E-06  1.74361E-01 
3.95302E+01 1.72000E-01  1.29240E-06  1.72382E-01 
3.95973E+01 1.70000E-01  1.29240E-06  1.70251E-01 
3.96644E+01 1.68000E-01  1.28795E-06  1.68273E-01 
3.97315E+01 1.66000E-01  1.28058E-06  1.66294E-01 
3.97987E+01 1.64000E-01  1.28058E-06  1.64315E-01 
3.98658E+01 1.62000E-01  1.27658E-06  1.62336E-01 
3.99329E+01 1.60000E-01  1.26967E-06  1.60357E-01 
4.00000E+01 1.58000E-01  1.26890E-06  1.58378E-01 
4.00671E+01 1.56000E-01  1.26568E-06  1.56247E-01 
4.01342E+01 1.54000E-01  1.25923E-06  1.54268E-01 
4.02013E+01 1.52000E-01  1.25708E-06  1.52289E-01 
4.02685E+01 1.50000E-01  1.25585E-06  1.50310E-01 
4.03356E+01 1.48000E-01  1.24833E-06  1.48332E-01 
4.04027E+01 1.46000E-01  1.24740E-06  1.46353E-01 
4.04698E+01 1.44000E-01  1.24495E-06  1.44374E-01 
4.05369E+01 1.42000E-01  1.23880E-06  1.42395E-01 
4.06040E+01 1.40000E-01  1.23696E-06  1.40264E-01 
4.06711E+01 1.38000E-01  1.23435E-06  1.38437E-01 
4.07383E+01 1.36000E-01  1.22867E-06  1.36611E-01 
4.08054E+01 1.34000E-01  1.22560E-06  1.34632E-01 
4.08725E+01 1.32000E-01  1.22298E-06  1.32653E-01 
4.09396E+01 1.30000E-01  1.21868E-06  1.30674E-01 
4.10067E+01 1.28000E-01  1.21484E-06  1.28543E-01 
4.10738E+01 1.26000E-01  1.21223E-06  1.26716E-01 
4.11409E+01 1.24000E-01  1.20763E-06  1.24585E-01 
4.12081E+01 1.22000E-01  1.20425E-06  1.22606E-01 
4.12752E+01 1.20000E-01  1.20056E-06  1.20627E-01 
4.13423E+01 1.18000E-01  1.19657E-06  1.18496E-01 
4.14094E+01 1.16000E-01  1.19457E-06  1.16517E-01 
4.14765E+01 1.14000E-01  1.19135E-06  1.14539E-01 
4.15436E+01 1.12000E-01  1.18705E-06  1.12560E-01 
4.16107E+01 1.10000E-01  1.18490E-06  1.10429E-01 
4.16779E+01 1.08000E-01  1.18136E-06  1.08602E-01 
4.17450E+01 1.06000E-01  1.17676E-06  1.06623E-01 
4.18121E+01 1.04000E-01  1.17430E-06  1.04644E-01 
4.18792E+01 1.02000E-01  1.17077E-06  1.02513E-01 
4.19463E+01 1.00000E-01  1.16601E-06  1.00534E-01 
4.20134E+01 9.80000E-02  1.16309E-06  9.85553E-02 
4.20805E+01 9.60000E-02  1.15909E-06  9.65764E-02 
4.21477E+01 9.40000E-02  1.15449E-06  9.45976E-02 
4.22148E+01 9.20000E-02  1.15080E-06  9.24665E-02 
4.22819E+01 9.00000E-02  1.14665E-06  9.04876E-02 
4.23490E+01 8.80000E-02  1.14205E-06  8.86609E-02 
4.24161E+01 8.60000E-02  1.13790E-06  8.66821E-02 
4.24832E+01 8.40000E-02  1.13345E-06  8.45510E-02 
4.25503E+01 8.20000E-02  1.12884E-06  8.25721E-02 
4.26174E+01 8.00000E-02  1.12500E-06  8.05932E-02 
4.26846E+01 7.80000E-02  1.12009E-06  7.84621E-02 
4.27517E+01 7.60000E-02  1.11609E-06  7.64833E-02 
4.28188E+01 7.40000E-02  1.11210E-06  7.45044E-02 
4.28859E+01 7.20000E-02  1.10657E-06  7.25255E-02 
4.29530E+01 7.00000E-02  1.10319E-06  7.03944E-02 
4.30201E+01 6.80000E-02  1.09920E-06  6.85678E-02 
4.30872E+01 6.60000E-02  1.09413E-06  6.65889E-02 
4.31544E+01 6.40000E-02  1.09029E-06  6.44578E-02 
4.32215E+01 6.20000E-02  1.08614E-06  6.24789E-02 
4.32886E+01 6.00000E-02  1.08138E-06  6.05001E-02 
4.33557E+01 5.80000E-02  1.07724E-06  5.86734E-02 
4.34228E+01 5.60000E-02  1.07324E-06  5.65423E-02 
4.34899E+01 5.40000E-02  1.06833E-06  5.45635E-02 
4.35570E+01 5.20000E-02  1.06418E-06  5.25846E-02 
4.36242E+01 5.00000E-02  1.05988E-06  5.06057E-02 
4.36913E+01 4.80000E-02  1.05527E-06  4.86268E-02 
4.37584E+01 4.60000E-02  1.05082E-06  4.66480E-02 
4.38255E+01 4.40000E-02  1.04637E-06  4.45169E-02 
4.38926E+01 4.20000E-02  1.04222E-06  4.25380E-02 
4.39597E+01 4.00000E-02  1.03777E-06  4.05591E-02 
4.40268E+01 3.80000E-02  1.03393E-06  3.85803E-02 
4.40940E+01 3.60000E-02  1.02978E-06  3.64492E-02 
4.41611E+01 3.40000E-02  1.02563E-06  3.44703E-02 
4.42282E+01 3.20000E-02  1.02179E-06  3.24914E-02 
4.42953E+01 3.00000E-02  1.01749E-06  3.05125E-02 
4.43624E+01 2.80000E-02  1.01335E-06  2.85337E-02 
4.44295E+01 2.60000E-02  1.00905E-06  2.65548E-02 
4.44966E+01 2.40000E-02  1.00459E-06  2.45759E-02 
4.45638E+01 2.20000E-02  1.00014E-06  2.24448E-02 
4.46309E+01 2.00000E-02  9.95378E-07  2.04660E-02 
4.46980E+01 1.80000E-02  9.90464E-07  1.84871E-02 
4.47651E+01 1.60000E-02  9.85856E-07  1.65082E-02 
4.48322E+01 1.40000E-02  9.81556E-07  1.45293E-02 
4.48993E+01 1.20000E-02  9.76641E-07  1.23982E-02 
4.49664E+01 1.00000E-02  9.71727E-07  1.05716E-02 
4.50336E+01 8.00000E-03  9.66351E-07  8.59272E-03 
4.51007E+01 6.00000E-03  9.60055E-07  6.46163E-03 
4.51678E+01 4.00000E-03  9.54526E-07  4.48276E-03 
4.52349E+01 2.00000E-03  9.49918E-07  2.50388E-03 
4.53020E+01 3.14419E-18  9.45004E-07  5.25010E-04 
4.53691E+01 -2.00000E-03 9.40089E-07  -1.60608E-03
4.54362E+01 -4.00000E-03 9.36557E-07  -3.58496E-03
4.55034E+01 -6.00000E-03 9.31949E-07  -5.56383E-03
4.55705E+01 -8.00000E-03 9.27496E-07  -7.54270E-03
4.56376E+01 -1.00000E-02 9.23810E-07  -9.52157E-03
4.57047E+01 -1.20000E-02 9.18895E-07  -1.15004E-02
4.57718E+01 -1.40000E-02 9.14134E-07  -1.36315E-02
4.58389E+01 -1.60000E-02 9.09527E-07  -1.56104E-02
4.59060E+01 -1.80000E-02 9.03383E-07  -1.74371E-02
4.59732E+01 -2.00000E-02 8.97701E-07  -1.92637E-02
4.60403E+01 -2.20000E-02 8.92786E-07  -2.12426E-02
4.61074E+01 -2.40000E-02 8.87104E-07  -2.32215E-02
4.61745E+01 -2.60000E-02 8.82036E-07  -2.53526E-02
4.62416E+01 -2.80000E-02 8.77582E-07  -2.73314E-02
4.63087E+01 -3.00000E-02 8.72360E-07  -2.91581E-02
4.63758E+01 -3.20000E-02 8.67753E-07  -3.12892E-02
4.64430E+01 -3.40000E-02 8.63299E-07  -3.32680E-02
4.65101E+01 -3.60000E-02 8.58231E-07  -3.53991E-02
4.65772E+01 -3.80000E-02 8.53777E-07  -3.73780E-02
4.66443E+01 -4.00000E-02 8.49323E-07  -3.93569E-02
4.67114E+01 -4.20000E-02 8.44255E-07  -4.13358E-02
4.67785E+01 -4.40000E-02 8.39801E-07  -4.33146E-02
4.68456E+01 -4.60000E-02 8.35040E-07  -4.54457E-02
4.69128E+01 -4.80000E-02 8.30279E-07  -4.72724E-02
4.69799E+01 -5.00000E-02 8.25979E-07  -4.92512E-02
4.70470E+01 -5.20000E-02 8.21525E-07  -5.13823E-02
4.71141E+01 -5.40000E-02 8.16611E-07  -5.33612E-02
4.71812E+01 -5.60000E-02 8.12157E-07  -5.53401E-02
4.72483E+01 -5.80000E-02 8.07856E-07  -5.73190E-02
4.73154E+01 -6.00000E-02 8.02788E-07  -5.92978E-02
4.73826E+01 -6.20000E-02 7.98181E-07  -6.12767E-02
4.74497E+01 -6.40000E-02 7.93727E-07  -6.34078E-02
4.75168E+01 -6.60000E-02 7.89120E-07  -6.53867E-02
4.75839E+01 -6.80000E-02 7.84512E-07  -6.73655E-02
4.76510E+01 -7.00000E-02 7.80212E-07  -6.93444E-02
4.77181E+01 -7.20000E-02 7.75912E-07  -7.13233E-02
4.77852E+01 -7.40000E-02 7.71458E-07  -7.33022E-02
4.78523E+01 -7.60000E-02 7.66851E-07  -7.52810E-02
4.79195E+01 -7.80000E-02 7.62550E-07  -7.74121E-02
4.79866E+01 -8.00000E-02 7.57789E-07  -7.93910E-02
4.80537E+01 -8.20000E-02 7.53028E-07  -8.13699E-02
4.81208E+01 -8.40000E-02 7.48882E-07  -8.35010E-02
4.81879E+01 -8.60000E-02 7.44274E-07  -8.54798E-02
4.82550E+01 -8.80000E-02 7.39513E-07  -8.73065E-02
4.83221E+01 -9.00000E-02 7.35367E-07  -8.94376E-02
4.83893E+01 -9.20000E-02 7.30759E-07  -9.14165E-02
4.84564E+01 -9.40000E-02 7.25845E-07  -9.33953E-02
4.85235E+01 -9.60000E-02 7.21698E-07  -9.53742E-02
4.85906E+01 -9.80000E-02 7.17090E-07  -9.73531E-02
4.86577E+01 -1.00000E-01 7.12176E-07  -9.93319E-02
4.87248E+01 -1.02000E-01 7.08029E-07  -1.01311E-01
4.87919E+01 -1.04000E-01 7.03422E-07  -1.03442E-01
4.88591E+01 -1.06000E-01 6.98661E-07  -1.05269E-01
4.89262E+01 -1.08000E-01 6.94361E-07  -1.07247E-01
4.89933E+01 -1.10000E-01 6.89907E-07  -1.09379E-01
4.90604E+01 -1.12000E-01 6.84992E-07  -1.11357E-01
4.91275E+01 -1.14000E-01 6.80538E-07  -1.13336E-01
4.91946E+01 -1.16000E-01 6.75931E-07  -1.15467E-01
4.92617E+01 -1.18000E-01 6.71324E-07  -1.17446E-01
4.93289E+01 -1.20000E-01 6.67023E-07  -1.19425E-01
4.93960E+01 -1.22000E-01 6.62416E-07  -1.21404E-01
4.94631E+01 -1.24000E-01 6.57501E-07  -1.23383E-01
4.95302E+01 -1.26000E-01 6.53355E-07  -1.25362E-01
4.95973E+01 -1.28000E-01 6.48594E-07  -1.27341E-01
4.96644E+01 -1.30000E-01 6.43679E-07  -1.29472E-01
4.97315E+01 -1.32000E-01 6.39225E-07  -1.31451E-01
4.97987E+01 -1.34000E-01 6.34618E-07  -1.33429E-01
4.98658E+01 -1.36000E-01 6.29703E-07  -1.35408E-01
4.99329E+01 -1.38000E-01 6.25403E-07  -1.37387E-01
5.00000E+01 -1.40000E-01 6.20949E-07  -1.39366E-01
5.00671E+01 -1.42000E-01 6.16035E-07  -1.41497E-01
5.01342E+01 -1.44000E-01 6.11888E-07  -1.43476E-01
5.02013E+01 -1.46000E-01 6.07281E-07  -1.45303E-01
5.02685E+01 -1.48000E-01 6.02366E-07  -1.47434E-01
