time/s      E/V        I/A
0.00000E+00 -1.50000E-01 6.01752E-07  -1.49413E-01
6.71141E-02 -1.48000E-01 6.12656E-07  -1.47586E-01
1.34228E-01 -1.46000E-01 6.19106E-07  -1.45455E-01
2.01342E-01 -1.44000E-01 6.25864E-07  -1.43628E-01
2.68456E-01 -1.42000E-01 6.32775E-07  -1.41649E-01
3.35570E-01 -1.40000E-01 6.38918E-07  -1.39518E-01
4.02685E-01 -1.38000E-01 6.44908E-07  -1.37539E-01
4.69799E-01 -1.36000E-01 6.51512E-07  -1.35561E-01
5.36913E-01 -1.34000E-01 6.57041E-07  -1.33582E-01
6.04027E-01 -1.32000E-01 6.62723E-07  -1.31603E-01
6.71141E-01 -1.30000E-01 6.69020E-07  -1.29472E-01
7.38255E-01 -1.28000E-01 6.74242E-07  -1.27493E-01
8.05369E-01 -1.26000E-01 6.79924E-07  -1.25514E-01
8.72483E-01 -1.24000E-01 6.86067E-07  -1.23687E-01
9.39597E-01 -1.22000E-01 6.90982E-07  -1.21556E-01
1.00671E+00 -1.20000E-01 6.96357E-07  -1.19577E-01
1.07383E+00 -1.18000E-01 7.02193E-07  -1.17446E-01
1.14094E+00 -1.16000E-01 7.07108E-07  -1.15467E-01
1.20805E+00 -1.14000E-01 7.12176E-07  -1.13488E-01
1.27517E+00 -1.12000E-01 7.18166E-07  -1.11510E-01
1.34228E+00 -1.10000E-01 7.22619E-07  -1.09531E-01
1.40940E+00 -1.08000E-01 7.27841E-07  -1.07400E-01
1.47651E+00 -1.06000E-01 7.33524E-07  -1.05421E-01
1.54362E+00 -1.04000E-01 7.37824E-07  -1.03594E-01
1.61074E+00 -1.02000E-01 7.42892E-07  -1.01463E-01
1.67785E+00 -1.00000E-01 7.48574E-07  -9.94842E-02
1.74497E+00 -9.80000E-02 7.52721E-07  -9.75053E-02
1.81208E+00 -9.60000E-02 7.57789E-07  -9.55264E-02
1.87919E+00 -9.40000E-02 7.63625E-07  -9.35475E-02
1.94631E+00 -9.20000E-02 7.67465E-07  -9.15687E-02
2.01342E+00 -9.00000E-02 7.72379E-07  -8.95898E-02
2.08054E+00 -8.80000E-02 7.77908E-07  -8.76109E-02
2.14765E+00 -8.60000E-02 7.81748E-07  -8.56321E-02
2.21477E+00 -8.40000E-02 7.86662E-07  -8.36532E-02
2.28188E+00 -8.20000E-02 7.91884E-07  -8.16743E-02
2.34899E+00 -8.00000E-02 7.96184E-07  -7.95432E-02
2.41611E+00 -7.80000E-02 8.01099E-07  -7.75643E-02
2.48322E+00 -7.60000E-02 8.06474E-07  -7.55855E-02
2.55034E+00 -7.40000E-02 8.10467E-07  -7.34544E-02
2.61745E+00 -7.20000E-02 8.15382E-07  -7.14755E-02
2.68456E+00 -7.00000E-02 8.20450E-07  -6.94966E-02
2.75168E+00 -6.80000E-02 8.24597E-07  -6.75178E-02
2.81879E+00 -6.60000E-02 8.29358E-07  -6.55389E-02
2.88591E+00 -6.40000E-02 8.33965E-07  -6.35600E-02
2.95302E+00 -6.20000E-02 8.38419E-07  -6.15811E-02
3.02013E+00 -6.00000E-02 8.43026E-07  -5.94500E-02
3.08725E+00 -5.80000E-02 8.47941E-07  -5.74712E-02
3.15436E+00 -5.60000E-02 8.51934E-07  -5.54923E-02
3.22148E+00 -5.40000E-02 8.56695E-07  -5.35134E-02
3.28859E+00 -5.20000E-02 8.61302E-07  -5.15346E-02
3.35570E+00 -5.00000E-02 8.65603E-07  -4.94035E-02
3.42282E+00 -4.80000E-02 8.69903E-07  -4.74246E-02
3.48993E+00 -4.60000E-02 8.74664E-07  -4.55979E-02
3.55705E+00 -4.40000E-02 8.78964E-07  -4.34668E-02
3.62416E+00 -4.20000E-02 8.83418E-07  -4.14880E-02
3.69128E+00 -4.00000E-02 8.87872E-07  -3.95091E-02
3.75839E+00 -3.80000E-02 8.92326E-07  -3.75302E-02
3.82550E+00 -3.60000E-02 8.96626E-07  -3.55514E-02
3.89262E+00 -3.40000E-02 9.00926E-07  -3.34203E-02
3.95973E+00 -3.20000E-02 9.05534E-07  -3.14414E-02
4.02685E+00 -3.00000E-02 9.09834E-07  -2.94625E-02
4.09396E+00 -2.80000E-02 9.13673E-07  -2.74836E-02
4.16107E+00 -2.60000E-02 9.18895E-07  -2.55048E-02
4.22819E+00 -2.40000E-02 9.23195E-07  -2.35259E-02
4.29530E+00 -2.20000E-02 9.26728E-07  -2.13948E-02
4.36242E+00 -2.00000E-02 9.31949E-07  -1.94159E-02
4.42953E+00 -1.80000E-02 9.36250E-07  -1.75893E-02
4.49664E+00 -1.60000E-02 9.39628E-07  -1.57626E-02
4.56376E+00 -1.40000E-02 9.45004E-07  -1.37838E-02
4.63087E+00 -1.20000E-02 9.49304E-07  -1.16527E-02
4.69799E+00 -1.00000E-02 9.52529E-07  -9.67379E-03
4.76510E+00 -8.00000E-03 9.57905E-07  -7.69492E-03
4.83221E+00 -6.00000E-03 9.62512E-07  -5.71605E-03
4.89933E+00 -4.00000E-03 9.65430E-07  -3.73718E-03
4.96644E+00 -2.00000E-03 9.70805E-07  -1.75830E-03
5.03356E+00 3.11708E-18  9.75259E-07  2.20568E-04 
5.10067E+00 2.00000E-03  9.78331E-07  2.35166E-03 
5.16779E+00 4.00000E-03  9.83860E-07  4.33053E-03 
5.23490E+00 6.00000E-03  9.88160E-07  6.30941E-03 
5.30201E+00 8.00000E-03  9.91078E-07  8.28828E-03 
5.36913E+00 1.00000E-02  9.96760E-07  1.04194E-02 
5.43624E+00 1.20000E-02  1.00121E-06  1.22460E-02 
5.50336E+00 1.40000E-02  1.00398E-06  1.43771E-02 
5.57047E+00 1.60000E-02  1.00966E-06  1.63560E-02 
5.63758E+00 1.80000E-02  1.01396E-06  1.83349E-02 
5.70470E+00 2.00000E-02  1.01673E-06  2.04660E-02 
5.77181E+00 2.20000E-02  1.02256E-06  2.22926E-02 
5.83893E+00 2.40000E-02  1.02671E-06  2.42715E-02 
5.90604E+00 2.60000E-02  1.02978E-06  2.64026E-02 
5.97315E+00 2.80000E-02  1.03592E-06  2.83814E-02 
6.04027E+00 3.00000E-02  1.04022E-06  3.03603E-02 
6.10738E+00 3.20000E-02  1.04330E-06  3.23392E-02 
6.17450E+00 3.40000E-02  1.04913E-06  3.43181E-02 
6.24161E+00 3.60000E-02  1.05328E-06  3.62969E-02 
6.30872E+00 3.80000E-02  1.05604E-06  3.82758E-02 
6.37584E+00 4.00000E-02  1.06203E-06  4.04069E-02 
6.44295E+00 4.20000E-02  1.06618E-06  4.23858E-02 
6.51007E+00 4.40000E-02  1.06910E-06  4.43646E-02 
6.57718E+00 4.60000E-02  1.07509E-06  4.64957E-02 
6.64430E+00 4.80000E-02  1.07908E-06  4.84746E-02 
6.71141E+00 5.00000E-02  1.08246E-06  5.04535E-02 
6.77852E+00 5.20000E-02  1.08768E-06  5.22801E-02 
6.84564E+00 5.40000E-02  1.09213E-06  5.44112E-02 
6.91275E+00 5.60000E-02  1.09536E-06  5.63901E-02 
6.97987E+00 5.80000E-02  1.10043E-06  5.83690E-02 
7.04698E+00 6.00000E-02  1.10473E-06  6.03478E-02 
7.11409E+00 6.20000E-02  1.10857E-06  6.23267E-02 
7.18121E+00 6.40000E-02  1.11348E-06  6.43056E-02 
7.24832E+00 6.60000E-02  1.11747E-06  6.62845E-02 
7.31544E+00 6.80000E-02  1.12147E-06  6.84156E-02 
7.38255E+00 7.00000E-02  1.12638E-06  7.02422E-02 
7.44966E+00 7.20000E-02  1.12991E-06  7.22211E-02 
7.51678E+00 7.40000E-02  1.13437E-06  7.43522E-02 
7.58389E+00 7.60000E-02  1.13959E-06  7.63310E-02 
7.65101E+00 7.80000E-02  1.14297E-06  7.83099E-02 
7.71812E+00 8.00000E-02  1.14742E-06  8.02888E-02 
7.78523E+00 8.20000E-02  1.15264E-06  8.24199E-02 
7.85235E+00 8.40000E-02  1.15633E-06  8.43988E-02 
7.91946E+00 8.60000E-02  1.16078E-06  8.63776E-02 
7.98658E+00 8.80000E-02  1.16585E-06  8.83565E-02 
8.05369E+00 9.00000E-02  1.16938E-06  9.03354E-02 
8.12081E+00 9.20000E-02  1.17384E-06  9.23142E-02 
8.18792E+00 9.40000E-02  1.17921E-06  9.44453E-02 
8.25503E+00 9.60000E-02  1.18275E-06  9.64242E-02 
8.32215E+00 9.80000E-02  1.18674E-06  9.84031E-02 
8.38926E+00 1.00000E-01  1.19227E-06  1.00382E-01 
8.45638E+00 1.02000E-01  1.19641E-06  1.02361E-01 
8.52349E+00 1.04000E-01  1.20072E-06  1.04340E-01 
8.59060E+00 1.06000E-01  1.20609E-06  1.06471E-01 
8.65772E+00 1.08000E-01  1.21024E-06  1.08450E-01 
8.72483E+00 1.10000E-01  1.21438E-06  1.10276E-01 
8.79195E+00 1.12000E-01  1.22007E-06  1.12407E-01 
8.85906E+00 1.14000E-01  1.22375E-06  1.14386E-01 
8.92617E+00 1.16000E-01  1.22759E-06  1.16365E-01 
8.99329E+00 1.18000E-01  1.23404E-06  1.18344E-01 
9.06040E+00 1.20000E-01  1.23757E-06  1.20475E-01 
9.12752E+00 1.22000E-01  1.24187E-06  1.22454E-01 
9.19463E+00 1.24000E-01  1.24894E-06  1.24433E-01 
9.26174E+00 1.26000E-01  1.25140E-06  1.26412E-01 
9.32886E+00 1.28000E-01  1.25570E-06  1.28391E-01 
9.39597E+00 1.30000E-01  1.26399E-06  1.30217E-01 
9.46309E+00 1.32000E-01  1.26507E-06  1.32348E-01 
9.53020E+00 1.34000E-01  1.27029E-06  1.34327E-01 
9.59732E+00 1.36000E-01  1.27843E-06  1.36306E-01 
9.66443E+00 1.38000E-01  1.27935E-06  1.38285E-01 
9.73154E+00 1.40000E-01  1.28380E-06  1.40112E-01 
9.79866E+00 1.42000E-01  1.29363E-06  1.42091E-01 
9.86577E+00 1.44000E-01  1.29378E-06  1.44222E-01 
9.93289E+00 1.46000E-01  1.29855E-06  1.46200E-01 
1.00000E+01 1.48000E-01  1.30899E-06  1.48027E-01 
1.00671E+01 1.50000E-01  1.30837E-06  1.50158E-01 
1.01342E+01 1.52000E-01  1.31298E-06  1.52137E-01 
1.02013E+01 1.54000E-01  1.32404E-06  1.54116E-01 
1.02685E+01 1.56000E-01  1.32343E-06  1.56095E-01 
1.03356E+01 1.58000E-01  1.32819E-06  1.58226E-01 
1.04027E+01 1.60000E-01  1.33894E-06  1.60205E-01 
1.04698E+01 1.62000E-01  1.33832E-06  1.62184E-01 
1.05369E+01 1.64000E-01  1.34308E-06  1.64163E-01 
1.06040E+01 1.66000E-01  1.35337E-06  1.66294E-01 
1.06711E+01 1.68000E-01  1.35368E-06  1.68120E-01 
1.07383E+01 1.70000E-01  1.35952E-06  1.70099E-01 
1.08054E+01 1.72000E-01  1.37119E-06  1.72230E-01 
1.08725E+01 1.74000E-01  1.36981E-06  1.74209E-01 
1.09396E+01 1.76000E-01  1.37610E-06  1.76188E-01 
1.10067E+01 1.78000E-01  1.38716E-06  1.78167E-01 
1.10738E+01 1.80000E-01  1.38501E-06  1.80146E-01 
1.11409E+01 1.82000E-01  1.39146E-06  1.82277E-01 
1.12081E+01 1.84000E-01  1.40283E-06  1.84103E-01 
1.12752E+01 1.86000E-01  1.40022E-06  1.86235E-01 
1.13423E+01 1.88000E-01  1.40682E-06  1.88213E-01 
1.14094E+01 1.90000E-01  1.41803E-06  1.90192E-01 
1.14765E+01 1.92000E-01  1.41650E-06  1.92171E-01 
1.15436E+01 1.94000E-01  1.42371E-06  1.94150E-01 
1.16107E+01 1.96000E-01  1.43339E-06  1.96129E-01 
1.16779E+01 1.98000E-01  1.43308E-06  1.98260E-01 
1.17450E+01 2.00000E-01  1.43938E-06  2.00239E-01 
1.18121E+01 2.02000E-01  1.44998E-06  2.02218E-01 
1.18792E+01 2.04000E-01  1.44936E-06  2.04197E-01 
1.19463E+01 2.06000E-01  1.45520E-06  2.06328E-01 
1.20134E+01 2.08000E-01  1.46518E-06  2.08307E-01 
1.20805E+01 2.10000E-01  1.46641E-06  2.10133E-01 
1.21477E+01 2.12000E-01  1.47086E-06  2.12264E-01 
1.22148E+01 2.14000E-01  1.47777E-06  2.14243E-01 
1.22819E+01 2.16000E-01  1.48284E-06  2.16222E-01 
1.23490E+01 2.18000E-01  1.48760E-06  2.18201E-01 
1.24161E+01 2.20000E-01  1.49390E-06  2.20180E-01 
1.24832E+01 2.22000E-01  1.49943E-06  2.22159E-01 
1.25503E+01 2.24000E-01  1.50419E-06  2.24290E-01 
1.26174E+01 2.26000E-01  1.50772E-06  2.26116E-01 
1.26846E+01 2.28000E-01  1.51509E-06  2.28095E-01 
1.27517E+01 2.30000E-01  1.52078E-06  2.30226E-01 
1.28188E+01 2.32000E-01  1.52185E-06  2.32205E-01 
1.28859E+01 2.34000E-01  1.53122E-06  2.34184E-01 
1.29530E+01 2.36000E-01  1.53706E-06  2.36163E-01 
1.30201E+01 2.38000E-01  1.53798E-06  2.38294E-01 
1.30872E+01 2.40000E-01  1.54719E-06  2.40273E-01 
1.31544E+01 2.42000E-01  1.55441E-06  2.42252E-01 
1.32215E+01 2.44000E-01  1.55195E-06  2.44231E-01 
1.32886E+01 2.46000E-01  1.56347E-06  2.46210E-01 
1.33557E+01 2.48000E-01  1.56946E-06  2.48189E-01 
1.34228E+01 2.50000E-01  1.56562E-06  2.50320E-01 
1.34899E+01 2.52000E-01  1.57852E-06  2.52298E-01 
1.35570E+01 2.54000E-01  1.58328E-06  2.54277E-01 
1.36242E+01 2.56000E-01  1.57868E-06  2.56256E-01 
1.36913E+01 2.58000E-01  1.59434E-06  2.58235E-01 
1.37584E+01 2.60000E-01  1.59880E-06  2.60214E-01 
1.38255E+01 2.62000E-01  1.59403E-06  2.62345E-01 
1.38926E+01 2.64000E-01  1.61001E-06  2.64324E-01 
1.39597E+01 2.66000E-01  1.61339E-06  2.66151E-01 
1.40268E+01 2.68000E-01  1.60694E-06  2.68282E-01 
1.40940E+01 2.70000E-01  1.62429E-06  2.70261E-01 
1.41611E+01 2.72000E-01  1.62705E-06  2.72239E-01 
1.42282E+01 2.74000E-01  1.62014E-06  2.74218E-01 
1.42953E+01 2.76000E-01  1.63827E-06  2.76349E-01 
1.43624E+01 2.78000E-01  1.64103E-06  2.78328E-01 
1.44295E+01 2.80000E-01  1.63381E-06  2.80307E-01 
1.44966E+01 2.82000E-01  1.65178E-06  2.82286E-01 
1.45638E+01 2.84000E-01  1.65408E-06  2.84417E-01 
1.46309E+01 2.86000E-01  1.64748E-06  2.86244E-01 
1.46980E+01 2.88000E-01  1.66453E-06  2.88375E-01 
1.47651E+01 2.90000E-01  1.66714E-06  2.90354E-01 
1.48322E+01 2.92000E-01  1.65946E-06  2.92333E-01 
1.48993E+01 2.94000E-01  1.67543E-06  2.94311E-01 
1.49664E+01 2.96000E-01  1.67896E-06  2.96290E-01 
1.50336E+01 2.98000E-01  1.67297E-06  2.98269E-01 
1.51007E+01 3.00000E-01  1.68710E-06  3.00248E-01 
1.51678E+01 3.02000E-01  1.68987E-06  3.02379E-01 
1.52349E+01 3.04000E-01  1.68695E-06  3.04206E-01 
1.53020E+01 3.06000E-01  1.69924E-06  3.06185E-01 
1.53691E+01 3.08000E-01  1.70154E-06  3.08316E-01 
1.54362E+01 3.10000E-01  1.69893E-06  3.10295E-01 
1.55034E+01 3.12000E-01  1.70753E-06  3.12274E-01 
1.55705E+01 3.14000E-01  1.71168E-06  3.14252E-01 
1.56376E+01 3.16000E-01  1.71076E-06  3.16384E-01 
1.57047E+01 3.18000E-01  1.71813E-06  3.18362E-01 
1.57718E+01 3.20000E-01  1.72166E-06  3.20341E-01 
1.58389E+01 3.22000E-01  1.72166E-06  3.22320E-01 
1.59060E+01 3.24000E-01  1.72965E-06  3.24299E-01 
1.59732E+01 3.26000E-01  1.73011E-06  3.26278E-01 
1.60403E+01 3.28000E-01  1.73118E-06  3.28409E-01 
1.61074E+01 3.30000E-01  1.73871E-06  3.30388E-01 
1.61745E+01 3.32000E-01  1.73948E-06  3.32367E-01 
1.62416E+01 3.34000E-01  1.74055E-06  3.34346E-01 
1.63087E+01 3.36000E-01  1.74761E-06  3.36324E-01 
1.63758E+01 3.38000E-01  1.74854E-06  3.38303E-01 
1.64430E+01 3.40000E-01  1.74915E-06  3.40282E-01 
1.65101E+01 3.42000E-01  1.75529E-06  3.42413E-01 
1.65772E+01 3.44000E-01  1.75668E-06  3.44240E-01 
1.66443E+01 3.46000E-01  1.75790E-06  3.46219E-01 
1.67114E+01 3.48000E-01  1.76251E-06  3.48350E-01 
1.67785E+01 3.50000E-01  1.76405E-06  3.50329E-01 
1.68456E+01 3.52000E-01  1.76589E-06  3.52308E-01 
1.69128E+01 3.54000E-01  1.77096E-06  3.54287E-01 
1.69799E+01 3.56000E-01  1.77111E-06  3.56418E-01 
1.70470E+01 3.58000E-01  1.77280E-06  3.58396E-01 
1.71141E+01 3.60000E-01  1.77756E-06  3.60375E-01 
1.71812E+01 3.62000E-01  1.77756E-06  3.62354E-01 
1.72483E+01 3.64000E-01  1.77956E-06  3.64333E-01 
1.73154E+01 3.66000E-01  1.78401E-06  3.66312E-01 
1.73826E+01 3.68000E-01  1.78309E-06  3.68443E-01 
1.74497E+01 3.70000E-01  1.78647E-06  3.70422E-01 
1.75168E+01 3.72000E-01  1.79062E-06  3.72249E-01 
1.75839E+01 3.74000E-01  1.79031E-06  3.74380E-01 
1.76510E+01 3.76000E-01  1.79292E-06  3.76359E-01 
1.77181E+01 3.78000E-01  1.79753E-06  3.78337E-01 
1.77852E+01 3.80000E-01  1.79691E-06  3.80316E-01 
1.78523E+01 3.82000E-01  1.79784E-06  3.82295E-01 
1.79195E+01 3.84000E-01  1.80444E-06  3.84274E-01 
1.79866E+01 3.86000E-01  1.80398E-06  3.86253E-01 
1.80537E+01 3.88000E-01  1.80674E-06  3.88384E-01 
1.81208E+01 3.90000E-01  1.81166E-06  3.90363E-01 
1.81879E+01 3.92000E-01  1.81120E-06  3.92342E-01 
1.82550E+01 3.94000E-01  1.81412E-06  3.94321E-01 
1.83221E+01 3.96000E-01  1.81903E-06  3.96300E-01 
1.83893E+01 3.98000E-01  1.81918E-06  3.98431E-01 
1.84564E+01 4.00000E-01  1.82225E-06  4.00409E-01 
1.85235E+01 4.02000E-01  1.82686E-06  4.02388E-01 
1.85906E+01 4.04000E-01  1.82640E-06  4.04367E-01 
1.86577E+01 4.06000E-01  1.83024E-06  4.06346E-01 
1.87248E+01 4.08000E-01  1.83469E-06  4.08477E-01 
1.87919E+01 4.10000E-01  1.83592E-06  4.10456E-01 
1.88591E+01 4.12000E-01  1.83654E-06  4.12283E-01 
1.89262E+01 4.14000E-01  1.84222E-06  4.14414E-01 
1.89933E+01 4.16000E-01  1.84345E-06  4.16393E-01 
1.90604E+01 4.18000E-01  1.85005E-06  4.18372E-01 
1.91275E+01 4.20000E-01  1.85005E-06  4.20503E-01 
1.91946E+01 4.22000E-01  1.85205E-06  4.22329E-01 
1.92617E+01 4.24000E-01  1.85297E-06  4.24308E-01 
1.93289E+01 4.26000E-01  1.85927E-06  4.26287E-01 
1.93960E+01 4.28000E-01  1.86034E-06  4.28418E-01 
1.94631E+01 4.30000E-01  1.86418E-06  4.30397E-01 
1.95302E+01 4.32000E-01  1.86864E-06  4.32376E-01 
1.95973E+01 4.34000E-01  1.87033E-06  4.34507E-01 
1.96644E+01 4.36000E-01  1.87370E-06  4.36486E-01 
1.97315E+01 4.38000E-01  1.87831E-06  4.38465E-01 
1.97987E+01 4.40000E-01  1.88015E-06  4.40444E-01 
1.98658E+01 4.42000E-01  1.88323E-06  4.42422E-01 
1.99329E+01 4.44000E-01  1.88783E-06  4.44401E-01 
2.00000E+01 4.46000E-01  1.89014E-06  4.46380E-01 
2.00671E+01 4.48000E-01  1.89336E-06  4.48511E-01 
2.01342E+01 4.50000E-01  1.89843E-06  4.50186E-01 
2.02013E+01 4.52000E-01  1.90073E-06  4.52165E-01 
2.02685E+01 4.54000E-01  1.90411E-06  4.54143E-01 
2.03356E+01 4.56000E-01  1.90903E-06  4.56122E-01 
2.04027E+01 4.58000E-01  1.91149E-06  4.58253E-01 
2.04698E+01 4.60000E-01  1.91502E-06  4.60232E-01 
2.05369E+01 4.62000E-01  1.91978E-06  4.62211E-01 
2.06040E+01 4.64000E-01  1.92254E-06  4.64190E-01 
2.06711E+01 4.66000E-01  1.92638E-06  4.66169E-01 
2.07383E+01 4.68000E-01  1.93145E-06  4.68148E-01 
2.08054E+01 4.70000E-01  1.93422E-06  4.70279E-01 
2.08725E+01 4.72000E-01  1.93836E-06  4.72258E-01 
2.09396E+01 4.74000E-01  1.94297E-06  4.74237E-01 
2.10067E+01 4.76000E-01  1.94604E-06  4.76368E-01 
2.10738E+01 4.78000E-01  1.95034E-06  4.78347E-01 
2.11409E+01 4.80000E-01  1.95479E-06  4.80173E-01 
2.12081E+01 4.82000E-01  1.95787E-06  4.82304E-01 
2.12752E+01 4.84000E-01  1.96217E-06  4.84283E-01 
2.13423E+01 4.86000E-01  1.96677E-06  4.86262E-01 
2.14094E+01 4.88000E-01  1.97000E-06  4.88241E-01 
2.14765E+01 4.90000E-01  1.97445E-06  4.90220E-01 
2.15436E+01 4.92000E-01  1.97891E-06  4.92199E-01 
2.16107E+01 4.94000E-01  1.98259E-06  4.94178E-01 
2.16779E+01 4.96000E-01  1.98705E-06  4.96309E-01 
2.17450E+01 4.98000E-01  1.99119E-06  4.98288E-01 
2.18121E+01 5.00000E-01  1.99519E-06  5.00266E-01 
2.18792E+01 5.02000E-01  1.99949E-06  5.02245E-01 
2.19463E+01 5.04000E-01  2.00363E-06  5.04224E-01 
2.20134E+01 5.06000E-01  2.00778E-06  5.06203E-01 
2.20805E+01 5.08000E-01  2.01208E-06  5.08334E-01 
2.21477E+01 5.10000E-01  2.01607E-06  5.10313E-01 
2.22148E+01 5.12000E-01  2.02083E-06  5.12292E-01 
2.22819E+01 5.14000E-01  2.02513E-06  5.14423E-01 
2.23490E+01 5.16000E-01  2.02867E-06  5.16402E-01 
2.24161E+01 5.18000E-01  2.03389E-06  5.18381E-01 
2.24832E+01 5.20000E-01  2.03804E-06  5.20207E-01 
2.25503E+01 5.22000E-01  2.04126E-06  5.22338E-01 
2.26174E+01 5.24000E-01  2.04664E-06  5.24317E-01 
2.26846E+01 5.26000E-01  2.05109E-06  5.26296E-01 
2.27517E+01 5.28000E-01  2.05447E-06  5.28275E-01 
2.28188E+01 5.30000E-01  2.06000E-06  5.30254E-01 
2.28859E+01 5.32000E-01  2.06476E-06  5.32233E-01 
2.29530E+01 5.34000E-01  2.06798E-06  5.34364E-01 
2.30201E+01 5.36000E-01  2.07351E-06  5.36343E-01 
2.30872E+01 5.38000E-01  2.07812E-06  5.38169E-01 
2.31544E+01 5.40000E-01  2.08119E-06  5.40301E-01 
2.32215E+01 5.42000E-01  2.08733E-06  5.42279E-01 
2.32886E+01 5.44000E-01  2.09179E-06  5.44258E-01 
2.33557E+01 5.46000E-01  2.09486E-06  5.46237E-01 
2.34228E+01 5.48000E-01  2.10100E-06  5.48216E-01 
2.34899E+01 5.50000E-01  2.10546E-06  5.50347E-01 
2.35570E+01 5.52000E-01  2.10899E-06  5.52326E-01 
2.36242E+01 5.54000E-01  2.11498E-06  5.54305E-01 
2.36913E+01 5.56000E-01  2.11943E-06  5.56436E-01 
2.37584E+01 5.58000E-01  2.12327E-06  5.58263E-01 
2.38255E+01 5.60000E-01  2.12926E-06  5.60241E-01 
2.38926E+01 5.62000E-01  2.13418E-06  5.62373E-01 
2.39597E+01 5.64000E-01  2.13756E-06  5.64351E-01 
2.40268E+01 5.66000E-01  2.14431E-06  5.66330E-01 
2.40940E+01 5.68000E-01  2.14892E-06  5.68309E-01 
2.41611E+01 5.70000E-01  2.15261E-06  5.70288E-01 
2.42282E+01 5.72000E-01  2.15906E-06  5.72267E-01 
2.42953E+01 5.74000E-01  2.16412E-06  5.74398E-01 
2.43624E+01 5.76000E-01  2.16781E-06  5.76377E-01 
2.44295E+01 5.78000E-01  2.17441E-06  5.78356E-01 
2.44966E+01 5.80000E-01  2.17964E-06  5.80335E-01 
2.45638E+01 5.82000E-01  2.18363E-06  5.82314E-01 
2.46309E+01 5.84000E-01  2.19023E-06  5.84292E-01 
2.46980E+01 5.86000E-01  2.19576E-06  5.86271E-01 
2.47651E+01 5.88000E-01  2.19976E-06  5.88402E-01 
2.48322E+01 5.90000E-01  2.20636E-06  5.90381E-01 
2.48993E+01 5.92000E-01  2.21189E-06  5.92360E-01 
2.49664E+01 5.94000E-01  2.21634E-06  5.94491E-01 
2.50336E+01 5.96000E-01  2.22295E-06  5.96318E-01 
2.51007E+01 5.98000E-01  2.22878E-06  5.98297E-01 
2.51678E+01 6.00000E-01  2.23370E-06  6.00428E-01 
2.52349E+01 5.98000E-01  2.21972E-06  5.98449E-01 
2.53020E+01 5.96000E-01  2.20958E-06  5.96470E-01 
2.53691E+01 5.94000E-01  2.20022E-06  5.94643E-01 
2.54362E+01 5.92000E-01  2.19254E-06  5.92512E-01 
2.55034E+01 5.90000E-01  2.18409E-06  5.90533E-01 
2.55705E+01 5.88000E-01  2.17595E-06  5.88555E-01 
2.56376E+01 5.86000E-01  2.16919E-06  5.86576E-01 
2.57047E+01 5.84000E-01  2.16167E-06  5.84445E-01 
2.57718E+01 5.82000E-01  2.15399E-06  5.82466E-01 
2.58389E+01 5.80000E-01  2.14754E-06  5.80487E-01 
2.59060E+01 5.78000E-01  2.14047E-06  5.78508E-01 
2.59732E+01 5.76000E-01  2.13326E-06  5.76529E-01 
2.60403E+01 5.74000E-01  2.12742E-06  5.74550E-01 
2.61074E+01 5.72000E-01  2.12035E-06  5.72571E-01 
2.61745E+01 5.70000E-01  2.11390E-06  5.70440E-01 
2.62416E+01 5.68000E-01  2.10838E-06  5.68461E-01 
2.63087E+01 5.66000E-01  2.10177E-06  5.66483E-01 
2.63758E+01 5.64000E-01  2.09532E-06  5.64504E-01 
2.64430E+01 5.62000E-01  2.08995E-06  5.62525E-01 
2.65101E+01 5.60000E-01  2.08350E-06  5.60546E-01 
2.65772E+01 5.58000E-01  2.07720E-06  5.58415E-01 
2.66443E+01 5.56000E-01  2.07182E-06  5.56588E-01 
2.67114E+01 5.54000E-01  2.06568E-06  5.54609E-01 
2.67785E+01 5.52000E-01  2.05969E-06  5.52478E-01 
2.68456E+01 5.50000E-01  2.05431E-06  5.50499E-01 
2.69128E+01 5.48000E-01  2.04833E-06  5.48520E-01 
2.69799E+01 5.46000E-01  2.04280E-06  5.46389E-01 
2.70470E+01 5.44000E-01  2.03773E-06  5.44411E-01 
2.71141E+01 5.42000E-01  2.03174E-06  5.42432E-01 
2.71812E+01 5.40000E-01  2.02636E-06  5.40453E-01 
2.72483E+01 5.38000E-01  2.02114E-06  5.38322E-01 
2.73154E+01 5.36000E-01  2.01515E-06  5.36495E-01 
2.73826E+01 5.34000E-01  2.00978E-06  5.34516E-01 
2.74497E+01 5.32000E-01  2.00502E-06  5.32537E-01 
2.75168E+01 5.30000E-01  1.99903E-06  5.30406E-01 
2.75839E+01 5.28000E-01  1.99396E-06  5.28427E-01 
2.76510E+01 5.26000E-01  1.98950E-06  5.26601E-01 
2.77181E+01 5.24000E-01  1.98351E-06  5.24470E-01 
2.77852E+01 5.22000E-01  1.97829E-06  5.22491E-01 
2.78523E+01 5.20000E-01  1.97399E-06  5.20512E-01 
2.79195E+01 5.18000E-01  1.96800E-06  5.18533E-01 
2.79866E+01 5.16000E-01  1.96263E-06  5.16554E-01 
2.80537E+01 5.14000E-01  1.95848E-06  5.14575E-01 
2.81208E+01 5.12000E-01  1.95264E-06  5.12444E-01 
2.81879E+01 5.10000E-01  1.94758E-06  5.10465E-01 
2.82550E+01 5.08000E-01  1.94328E-06  5.08486E-01 
2.83221E+01 5.06000E-01  1.93759E-06  5.06507E-01 
2.83893E+01 5.04000E-01  1.93237E-06  5.04376E-01 
2.84564E+01 5.02000E-01  1.92853E-06  5.02398E-01 
2.85235E+01 5.00000E-01  1.92285E-06  5.00419E-01 
2.85906E+01 4.98000E-01  1.91794E-06  4.98440E-01 
2.86577E+01 4.96000E-01  1.91379E-06  4.96461E-01 
2.87248E+01 4.94000E-01  1.90795E-06  4.94482E-01 
2.87919E+01 4.92000E-01  1.90288E-06  4.92351E-01 
2.88591E+01 4.90000E-01  1.89858E-06  4.90372E-01 
2.89262E+01 4.88000E-01  1.89290E-06  4.88545E-01 
2.89933E+01 4.86000E-01  1.88814E-06  4.86414E-01 
2.90604E+01 4.84000E-01  1.88384E-06  4.84435E-01 
2.91275E+01 4.82000E-01  1.87847E-06  4.82457E-01 
2.91946E+01 4.80000E-01  1.87386E-06  4.80325E-01 
2.92617E+01 4.78000E-01  1.86986E-06  4.78499E-01 
2.93289E+01 4.76000E-01  1.86495E-06  4.76520E-01 
2.93960E+01 4.74000E-01  1.86234E-06  4.74389E-01 
2.94631E+01 4.72000E-01  1.85988E-06  4.72410E-01 
2.95302E+01 4.70000E-01  1.85512E-06  4.70431E-01 
2.95973E+01 4.68000E-01  1.85159E-06  4.68452E-01 
2.96644E+01 4.66000E-01  1.84898E-06  4.66321E-01 
2.97315E+01 4.64000E-01  1.84376E-06  4.64342E-01 
2.97987E+01 4.62000E-01  1.83992E-06  4.62363E-01 
2.98658E+01 4.60000E-01  1.83685E-06  4.60385E-01 
2.99329E+01 4.58000E-01  1.83178E-06  4.58406E-01 
3.00000E+01 4.56000E-01  1.82763E-06  4.56427E-01 
3.00671E+01 4.54000E-01  1.82441E-06  4.54296E-01 
3.01342E+01 4.52000E-01  1.81903E-06  4.52317E-01 
3.02013E+01 4.50000E-01  1.81458E-06  4.50338E-01 
3.02685E+01 4.48000E-01  1.81135E-06  4.48664E-01 
3.03356E+01 4.46000E-01  1.80613E-06  4.46685E-01 
3.04027E+01 4.44000E-01  1.80168E-06  4.44554E-01 
3.04698E+01 4.42000E-01  1.79784E-06  4.42575E-01 
3.05369E+01 4.40000E-01  1.79277E-06  4.40596E-01 
3.06040E+01 4.38000E-01  1.78785E-06  4.38617E-01 
3.06711E+01 4.36000E-01  1.78386E-06  4.36638E-01 
3.07383E+01 4.34000E-01  1.77879E-06  4.34659E-01 
3.08054E+01 4.32000E-01  1.77403E-06  4.32680E-01 
3.08725E+01 4.30000E-01  1.77050E-06  4.30549E-01 
3.09396E+01 4.28000E-01  1.76436E-06  4.28570E-01 
3.10067E+01 4.26000E-01  1.75990E-06  4.26591E-01 
3.10738E+01 4.24000E-01  1.75483E-06  4.24460E-01 
3.11409E+01 4.22000E-01  1.75023E-06  4.22482E-01 
3.12081E+01 4.20000E-01  1.74562E-06  4.20655E-01 
3.12752E+01 4.18000E-01  1.74009E-06  4.18524E-01 
3.13423E+01 4.16000E-01  1.73579E-06  4.16545E-01 
3.14094E+01 4.14000E-01  1.73118E-06  4.14566E-01 
3.14765E+01 4.12000E-01  1.72550E-06  4.12435E-01 
3.15436E+01 4.10000E-01  1.72166E-06  4.10608E-01 
3.16107E+01 4.08000E-01  1.71659E-06  4.08629E-01 
3.16779E+01 4.06000E-01  1.71060E-06  4.06498E-01 
3.17450E+01 4.04000E-01  1.70676E-06  4.04519E-01 
3.18121E+01 4.02000E-01  1.70185E-06  4.02541E-01 
3.18792E+01 4.00000E-01  1.69540E-06  4.00562E-01 
3.19463E+01 3.98000E-01  1.69202E-06  3.98583E-01 
3.20134E+01 3.96000E-01  1.68710E-06  3.96604E-01 
3.20805E+01 3.94000E-01  1.68035E-06  3.94473E-01 
3.21477E+01 3.92000E-01  1.67789E-06  3.92494E-01 
3.22148E+01 3.90000E-01  1.67267E-06  3.90515E-01 
3.22819E+01 3.88000E-01  1.66484E-06  3.88536E-01 
3.23490E+01 3.86000E-01  1.66315E-06  3.86405E-01 
3.24161E+01 3.84000E-01  1.65777E-06  3.84426E-01 
3.24832E+01 3.82000E-01  1.64886E-06  3.82447E-01 
3.25503E+01 3.80000E-01  1.64763E-06  3.80469E-01 
3.26174E+01 3.78000E-01  1.64241E-06  3.78490E-01 
3.26846E+01 3.76000E-01  1.63274E-06  3.76511E-01 
3.27517E+01 3.74000E-01  1.63197E-06  3.74532E-01 
3.28188E+01 3.72000E-01  1.62690E-06  3.72401E-01 
3.28859E+01 3.70000E-01  1.61676E-06  3.70574E-01 
3.29530E+01 3.68000E-01  1.61600E-06  3.68595E-01 
3.30201E+01 3.66000E-01  1.61124E-06  3.66616E-01 
3.30872E+01 3.64000E-01  1.60002E-06  3.64485E-01 
3.31544E+01 3.62000E-01  1.60018E-06  3.62506E-01 
3.32215E+01 3.60000E-01  1.59480E-06  3.60528E-01 
3.32886E+01 3.58000E-01  1.58390E-06  3.58549E-01 
3.33557E+01 3.56000E-01  1.58390E-06  3.56570E-01 
3.34228E+01 3.54000E-01  1.57760E-06  3.54591E-01 
3.34899E+01 3.52000E-01  1.56747E-06  3.52612E-01 
3.35570E+01 3.50000E-01  1.56762E-06  3.50481E-01 
3.36242E+01 3.48000E-01  1.56071E-06  3.48502E-01 
3.36913E+01 3.46000E-01  1.55103E-06  3.46523E-01 
3.37584E+01 3.44000E-01  1.55165E-06  3.44392E-01 
3.38255E+01 3.42000E-01  1.54427E-06  3.42566E-01 
3.38926E+01 3.40000E-01  1.53429E-06  3.40434E-01 
3.39597E+01 3.38000E-01  1.53506E-06  3.38456E-01 
3.40268E+01 3.36000E-01  1.52707E-06  3.36477E-01 
3.40940E+01 3.34000E-01  1.51771E-06  3.34498E-01 
3.41611E+01 3.32000E-01  1.51801E-06  3.32519E-01 
3.42282E+01 3.30000E-01  1.51003E-06  3.30540E-01 
3.42953E+01 3.28000E-01  1.50081E-06  3.28561E-01 
3.43624E+01 3.26000E-01  1.50112E-06  3.26430E-01 
3.44295E+01 3.24000E-01  1.49282E-06  3.24451E-01 
3.44966E+01 3.22000E-01  1.48346E-06  3.22472E-01 
3.45638E+01 3.20000E-01  1.48392E-06  3.20493E-01 
3.46309E+01 3.18000E-01  1.47685E-06  3.18515E-01 
3.46980E+01 3.16000E-01  1.46718E-06  3.16536E-01 
3.47651E+01 3.14000E-01  1.46610E-06  3.14405E-01 
3.48322E+01 3.12000E-01  1.45873E-06  3.12426E-01 
3.48993E+01 3.10000E-01  1.45151E-06  3.10447E-01 
3.49664E+01 3.08000E-01  1.44844E-06  3.08316E-01 
3.50336E+01 3.06000E-01  1.44045E-06  3.06337E-01 
3.51007E+01 3.04000E-01  1.43477E-06  3.04358E-01 
3.51678E+01 3.02000E-01  1.43016E-06  3.02531E-01 
3.52349E+01 3.00000E-01  1.42356E-06  3.00400E-01 
3.53020E+01 2.98000E-01  1.41650E-06  2.98421E-01 
3.53691E+01 2.96000E-01  1.41358E-06  2.96443E-01 
3.54362E+01 2.94000E-01  1.40590E-06  2.94311E-01 
3.55034E+01 2.92000E-01  1.39714E-06  2.92485E-01 
3.55705E+01 2.90000E-01  1.39699E-06  2.90506E-01 
3.56376E+01 2.88000E-01  1.38747E-06  2.88375E-01 
3.57047E+01 2.86000E-01  1.38240E-06  2.86396E-01 
3.57718E+01 2.84000E-01  1.38133E-06  2.84417E-01 
3.58389E+01 2.82000E-01  1.37027E-06  2.82438E-01 
3.59060E+01 2.80000E-01  1.36397E-06  2.80459E-01 
3.59732E+01 2.78000E-01  1.36197E-06  2.78480E-01 
3.60403E+01 2.76000E-01  1.35460E-06  2.76502E-01 
3.61074E+01 2.74000E-01  1.34554E-06  2.74371E-01 
3.61745E+01 2.72000E-01  1.34969E-06  2.72392E-01 
3.62416E+01 2.70000E-01  1.33863E-06  2.70413E-01 
3.63087E+01 2.68000E-01  1.33034E-06  2.68282E-01 
3.63758E+01 2.66000E-01  1.33387E-06  2.66303E-01 
3.64430E+01 2.64000E-01  1.32128E-06  2.64476E-01 
3.65101E+01 2.62000E-01  1.31498E-06  2.62497E-01 
3.65772E+01 2.60000E-01  1.31713E-06  2.60366E-01 
3.66443E+01 2.58000E-01  1.30561E-06  2.58387E-01 
3.67114E+01 2.56000E-01  1.29962E-06  2.56408E-01 
3.67785E+01 2.54000E-01  1.30269E-06  2.54430E-01 
3.68456E+01 2.52000E-01  1.29010E-06  2.52451E-01 
3.69128E+01 2.50000E-01  1.28565E-06  2.50320E-01 
3.69799E+01 2.48000E-01  1.28995E-06  2.48341E-01 
3.70470E+01 2.46000E-01  1.27413E-06  2.46362E-01 
3.71141E+01 2.44000E-01  1.27152E-06  2.44383E-01 
3.71812E+01 2.42000E-01  1.27566E-06  2.42404E-01 
3.72483E+01 2.40000E-01  1.25754E-06  2.40425E-01 
3.73154E+01 2.38000E-01  1.25785E-06  2.38446E-01 
3.73826E+01 2.36000E-01  1.26153E-06  2.36315E-01 
3.74497E+01 2.34000E-01  1.24525E-06  2.34336E-01 
3.75168E+01 2.32000E-01  1.24356E-06  2.32358E-01 
3.75839E+01 2.30000E-01  1.24909E-06  2.30226E-01 
3.76510E+01 2.28000E-01  1.23312E-06  2.28400E-01 
3.77181E+01 2.26000E-01  1.23066E-06  2.26421E-01 
3.77852E+01 2.24000E-01  1.23850E-06  2.24442E-01 
3.78523E+01 2.22000E-01  1.22007E-06  2.22463E-01 
3.79195E+01 2.20000E-01  1.21807E-06  2.20332E-01 
3.79866E+01 2.18000E-01  1.22590E-06  2.18353E-01 
3.80537E+01 2.16000E-01  1.20793E-06  2.16374E-01 
3.81208E+01 2.14000E-01  1.20563E-06  2.14548E-01 
3.81879E+01 2.12000E-01  1.21223E-06  2.12417E-01 
3.82550E+01 2.10000E-01  1.19734E-06  2.10438E-01 
3.83221E+01 2.08000E-01  1.19473E-06  2.08459E-01 
3.83893E+01 2.06000E-01  1.20087E-06  2.06480E-01 
3.84564E+01 2.04000E-01  1.18751E-06  2.04501E-01 
3.85235E+01 2.02000E-01  1.18413E-06  2.02522E-01 
3.85906E+01 2.00000E-01  1.18981E-06  2.00391E-01 
3.86577E+01 1.98000E-01  1.17645E-06  1.98412E-01 
3.87248E+01 1.96000E-01  1.17322E-06  1.96433E-01 
3.87919E+01 1.94000E-01  1.17921E-06  1.94455E-01 
3.88591E+01 1.92000E-01  1.16585E-06  1.92323E-01 
3.89262E+01 1.90000E-01  1.16324E-06  1.90345E-01 
3.89933E+01 1.88000E-01  1.16770E-06  1.88366E-01 
3.90604E+01 1.86000E-01  1.15648E-06  1.86539E-01 
3.91275E+01 1.84000E-01  1.15264E-06  1.84408E-01 
3.91946E+01 1.82000E-01  1.15879E-06  1.82429E-01 
3.92617E+01 1.80000E-01  1.14619E-06  1.80450E-01 
3.93289E+01 1.78000E-01  1.14358E-06  1.78471E-01 
3.93960E+01 1.76000E-01  1.14850E-06  1.76492E-01 
3.94631E+01 1.74000E-01  1.13606E-06  1.74361E-01 
3.95302E+01 1.72000E-01  1.13391E-06  1.72382E-01 
3.95973E+01 1.70000E-01  1.13882E-06  1.70404E-01 
3.96644E+01 1.68000E-01  1.12623E-06  1.68273E-01 
3.97315E+01 1.66000E-01  1.12408E-06  1.66446E-01 
3.97987E+01 1.64000E-01  1.12899E-06  1.64467E-01 
3.98658E+01 1.62000E-01  1.11855E-06  1.62488E-01 
3.99329E+01 1.60000E-01  1.11425E-06  1.60357E-01 
4.00000E+01 1.58000E-01  1.11932E-06  1.58378E-01 
4.00671E+01 1.56000E-01  1.11041E-06  1.56399E-01 
4.01342E+01 1.54000E-01  1.10749E-06  1.54420E-01 
4.02013E+01 1.52000E-01  1.10718E-06  1.52289E-01 
4.02685E+01 1.50000E-01  1.10227E-06  1.50310E-01 
4.03356E+01 1.48000E-01  1.09904E-06  1.48332E-01 
4.04027E+01 1.46000E-01  1.09643E-06  1.46353E-01 
4.04698E+01 1.44000E-01  1.09413E-06  1.44374E-01 
4.05369E+01 1.42000E-01  1.09213E-06  1.42395E-01 
4.06040E+01 1.40000E-01  1.08676E-06  1.40264E-01 
4.06711E+01 1.38000E-01  1.08630E-06  1.38437E-01 
4.07383E+01 1.36000E-01  1.08445E-06  1.36611E-01 
4.08054E+01 1.34000E-01  1.07724E-06  1.34632E-01 
4.08725E+01 1.32000E-01  1.07739E-06  1.32501E-01 
4.09396E+01 1.30000E-01  1.07647E-06  1.30522E-01 
4.10067E+01 1.28000E-01  1.07463E-06  1.28543E-01 
4.10738E+01 1.26000E-01  1.06894E-06  1.26716E-01 
4.11409E+01 1.24000E-01  1.07017E-06  1.24585E-01 
4.12081E+01 1.22000E-01  1.06096E-06  1.22606E-01 
4.12752E+01 1.20000E-01  1.06142E-06  1.20627E-01 
4.13423E+01 1.18000E-01  1.06065E-06  1.18496E-01 
4.14094E+01 1.16000E-01  1.05236E-06  1.16517E-01 
4.14765E+01 1.14000E-01  1.05389E-06  1.14539E-01 
4.15436E+01 1.12000E-01  1.05174E-06  1.12407E-01 
4.16107E+01 1.10000E-01  1.04268E-06  1.10429E-01 
4.16779E+01 1.08000E-01  1.04606E-06  1.08602E-01 
4.17450E+01 1.06000E-01  1.04283E-06  1.06623E-01 
4.18121E+01 1.04000E-01  1.03408E-06  1.04492E-01 
4.18792E+01 1.02000E-01  1.03700E-06  1.02513E-01 
4.19463E+01 1.00000E-01  1.03362E-06  1.00534E-01 
4.20134E+01 9.80000E-02  1.02563E-06  9.85553E-02 
4.20805E+01 9.60000E-02  1.02809E-06  9.65764E-02 
4.21477E+01 9.40000E-02  1.02471E-06  9.44453E-02 
4.22148E+01 9.20000E-02  1.01657E-06  9.24665E-02 
4.22819E+01 9.00000E-02  1.01934E-06  9.04876E-02 
4.23490E+01 8.80000E-02  1.01550E-06  8.85087E-02 
4.24161E+01 8.60000E-02  1.00751E-06  8.65299E-02 
4.24832E+01 8.40000E-02  1.00966E-06  8.45510E-02 
4.25503E+01 8.20000E-02  1.00644E-06  8.25721E-02 
4.26174E+01 8.00000E-02  9.99064E-07  8.05932E-02 
4.26846E+01 7.80000E-02  1.00045E-06  7.84621E-02 
4.27517E+01 7.60000E-02  9.96914E-07  7.64833E-02 
4.28188E+01 7.40000E-02  9.90464E-07  7.45044E-02 
4.28859E+01 7.20000E-02  9.90617E-07  7.23733E-02 
4.29530E+01 7.00000E-02  9.87546E-07  7.03944E-02 
4.30201E+01 6.80000E-02  9.81402E-07  6.85678E-02 
4.30872E+01 6.60000E-02  9.81095E-07  6.64367E-02 
4.31544E+01 6.40000E-02  9.77716E-07  6.44578E-02 
4.32215E+01 6.20000E-02  9.72188E-07  6.24789E-02 
4.32886E+01 6.00000E-02  9.71266E-07  6.05001E-02 
4.33557E+01 5.80000E-02  9.68041E-07  5.85212E-02 
4.34228E+01 5.60000E-02  9.62819E-07  5.65423E-02 
4.34899E+01 5.40000E-02  9.61130E-07  5.45635E-02 
4.35570E+01 5.20000E-02  9.57597E-07  5.25846E-02 
4.36242E+01 5.00000E-02  9.52836E-07  5.06057E-02 
4.36913E+01 4.80000E-02  9.50840E-07  4.86268E-02 
4.37584E+01 4.60000E-02  9.47154E-07  4.66480E-02 
4.38255E+01 4.40000E-02  9.42546E-07  4.45169E-02 
4.38926E+01 4.20000E-02  9.40857E-07  4.25380E-02 
4.39597E+01 4.00000E-02  9.36710E-07  4.05591E-02 
4.40268E+01 3.80000E-02  9.32257E-07  3.84280E-02 
4.40940E+01 3.60000E-02  9.29953E-07  3.64492E-02 
4.41611E+01 3.40000E-02  9.26113E-07  3.44703E-02 
4.42282E+01 3.20000E-02  9.21813E-07  3.24914E-02 
4.42953E+01 3.00000E-02  9.19202E-07  3.05125E-02 
4.43624E+01 2.80000E-02  9.15363E-07  2.85337E-02 
4.44295E+01 2.60000E-02  9.11216E-07  2.65548E-02 
4.44966E+01 2.40000E-02  9.08605E-07  2.44237E-02 
4.45638E+01 2.20000E-02  9.04612E-07  2.24448E-02 
4.46309E+01 2.00000E-02  9.00619E-07  2.04660E-02 
4.46980E+01 1.80000E-02  8.97547E-07  1.84871E-02 
4.47651E+01 1.60000E-02  8.93862E-07  1.65082E-02 
4.48322E+01 1.40000E-02  8.89561E-07  1.45293E-02 
4.48993E+01 1.20000E-02  8.86490E-07  1.23982E-02 
4.49664E+01 1.00000E-02  8.82497E-07  1.05716E-02 
4.50336E+01 8.00000E-03  8.78503E-07  8.59272E-03 
4.51007E+01 6.00000E-03  8.75585E-07  6.46163E-03 
4.51678E+01 4.00000E-03  8.71285E-07  4.48276E-03 
4.52349E+01 2.00000E-03  8.67753E-07  2.50388E-03 
4.53020E+01 3.14419E-18  8.64528E-07  3.72789E-04 
4.53691E+01 -2.00000E-03 8.60227E-07  -1.60608E-03
4.54362E+01 -4.00000E-03 8.56695E-07  -3.58496E-03
4.55034E+01 -6.00000E-03 8.53316E-07  -5.56383E-03
4.55705E+01 -8.00000E-03 8.49170E-07  -7.54270E-03
4.56376E+01 -1.00000E-02 8.45637E-07  -9.52157E-03
4.57047E+01 -1.20000E-02 8.42259E-07  -1.15004E-02
4.57718E+01 -1.40000E-02 8.37958E-07  -1.36315E-02
4.58389E+01 -1.60000E-02 8.34426E-07  -1.56104E-02
4.59060E+01 -1.80000E-02 8.31201E-07  -1.74371E-02
4.59732E+01 -2.00000E-02 8.26900E-07  -1.92637E-02
4.60403E+01 -2.20000E-02 8.23215E-07  -2.13948E-02
4.61074E+01 -2.40000E-02 8.19989E-07  -2.33737E-02
4.61745E+01 -2.60000E-02 8.15536E-07  -2.53526E-02
4.62416E+01 -2.80000E-02 8.11542E-07  -2.73314E-02
4.63087E+01 -3.00000E-02 8.08778E-07  -2.93103E-02
4.63758E+01 -3.20000E-02 8.04017E-07  -3.12892E-02
4.64430E+01 -3.40000E-02 8.00177E-07  -3.32680E-02
4.65101E+01 -3.60000E-02 7.97106E-07  -3.53991E-02
4.65772E+01 -3.80000E-02 7.92652E-07  -3.73780E-02
4.66443E+01 -4.00000E-02 7.89120E-07  -3.93569E-02
4.67114E+01 -4.20000E-02 7.85895E-07  -4.13358E-02
4.67785E+01 -4.40000E-02 7.81441E-07  -4.34668E-02
4.68456E+01 -4.60000E-02 7.77908E-07  -4.54457E-02
4.69128E+01 -4.80000E-02 7.74683E-07  -4.72724E-02
4.69799E+01 -5.00000E-02 7.70383E-07  -4.94035E-02
4.70470E+01 -5.20000E-02 7.66543E-07  -5.13823E-02
4.71141E+01 -5.40000E-02 7.63318E-07  -5.33612E-02
4.71812E+01 -5.60000E-02 7.58711E-07  -5.54923E-02
4.72483E+01 -5.80000E-02 7.55025E-07  -5.73190E-02
4.73154E+01 -6.00000E-02 7.51800E-07  -5.92978E-02
4.73826E+01 -6.20000E-02 7.47346E-07  -6.12767E-02
4.74497E+01 -6.40000E-02 7.43660E-07  -6.34078E-02
4.75168E+01 -6.60000E-02 7.40435E-07  -6.53867E-02
4.75839E+01 -6.80000E-02 7.35827E-07  -6.73655E-02
4.76510E+01 -7.00000E-02 7.32141E-07  -6.93444E-02
4.77181E+01 -7.20000E-02 7.29070E-07  -7.13233E-02
4.77852E+01 -7.40000E-02 7.24309E-07  -7.33022E-02
4.78523E+01 -7.60000E-02 7.20623E-07  -7.54332E-02
4.79195E+01 -7.80000E-02 7.17551E-07  -7.74121E-02
4.79866E+01 -8.00000E-02 7.12637E-07  -7.93910E-02
4.80537E+01 -8.20000E-02 7.08951E-07  -8.13699E-02
4.81208E+01 -8.40000E-02 7.06033E-07  -8.35010E-02
4.81879E+01 -8.60000E-02 7.01425E-07  -8.54798E-02
4.82550E+01 -8.80000E-02 6.97586E-07  -8.73065E-02
4.83221E+01 -9.00000E-02 6.94668E-07  -8.94376E-02
4.83893E+01 -9.20000E-02 6.90060E-07  -9.14165E-02
4.84564E+01 -9.40000E-02 6.86221E-07  -9.33953E-02
4.85235E+01 -9.60000E-02 6.83149E-07  -9.53742E-02
4.85906E+01 -9.80000E-02 6.78695E-07  -9.73531E-02
4.86577E+01 -1.00000E-01 6.74856E-07  -9.93319E-02
4.87248E+01 -1.02000E-01 6.72091E-07  -1.01311E-01
4.87919E+01 -1.04000E-01 6.67484E-07  -1.03290E-01
4.88591E+01 -1.06000E-01 6.63491E-07  -1.05269E-01
4.89262E+01 -1.08000E-01 6.60266E-07  -1.07400E-01
4.89933E+01 -1.10000E-01 6.55812E-07  -1.09379E-01
4.90604E+01 -1.12000E-01 6.52126E-07  -1.11357E-01
4.91275E+01 -1.14000E-01 6.48747E-07  -1.13336E-01
4.91946E+01 -1.16000E-01 6.44293E-07  -1.15315E-01
4.92617E+01 -1.18000E-01 6.40607E-07  -1.17446E-01
4.93289E+01 -1.20000E-01 6.36922E-07  -1.19425E-01
4.93960E+01 -1.22000E-01 6.32775E-07  -1.21404E-01
4.94631E+01 -1.24000E-01 6.29089E-07  -1.23535E-01
4.95302E+01 -1.26000E-01 6.25249E-07  -1.25362E-01
4.95973E+01 -1.28000E-01 6.21410E-07  -1.27341E-01
4.96644E+01 -1.30000E-01 6.17878E-07  -1.29472E-01
4.97315E+01 -1.32000E-01 6.13884E-07  -1.31451E-01
4.97987E+01 -1.34000E-01 6.10199E-07  -1.33429E-01
4.98658E+01 -1.36000E-01 6.06359E-07  -1.35408E-01
4.99329E+01 -1.38000E-01 6.02212E-07  -1.37387E-01
5.00000E+01 -1.40000E-01 5.98526E-07  -1.39518E-01
5.00671E+01 -1.42000E-01 5.94687E-07  -1.41497E-01
5.01342E+01 -1.44000E-01 5.90694E-07  -1.43476E-01
5.02013E+01 -1.46000E-01 5.87161E-07  -1.45455E-01
5.02685E+01 -1.48000E-01 5.83322E-07  -1.47434E-01
