time/s      E/V        I/A
0.00000E+00 -2.00000E-01 -7.49602E-07 -1.99341E-01
6.71141E-02 -1.98000E-01 -6.50389E-07 -1.97514E-01
1.34228E-01 -1.96000E-01 -6.06005E-07 -1.95536E-01
2.01342E-01 -1.94000E-01 -5.73599E-07 -1.93557E-01
2.68456E-01 -1.92000E-01 -5.41654E-07 -1.91426E-01
3.35570E-01 -1.90000E-01 -5.17081E-07 -1.89447E-01
4.02685E-01 -1.88000E-01 -4.93123E-07 -1.87468E-01
4.69799E-01 -1.86000E-01 -4.72543E-07 -1.85489E-01
5.36913E-01 -1.84000E-01 -4.52424E-07 -1.83510E-01
6.04027E-01 -1.82000E-01 -4.34302E-07 -1.81531E-01
6.71141E-01 -1.80000E-01 -4.17101E-07 -1.79552E-01
7.38255E-01 -1.78000E-01 -3.98978E-07 -1.77421E-01
8.05369E-01 -1.76000E-01 -3.85463E-07 -1.75442E-01
8.72483E-01 -1.74000E-01 -3.69030E-07 -1.73616E-01
9.39597E-01 -1.72000E-01 -3.53365E-07 -1.71789E-01
1.00671E+00 -1.70000E-01 -3.43228E-07 -1.69658E-01
1.07383E+00 -1.68000E-01 -3.28178E-07 -1.67679E-01
1.14094E+00 -1.66000E-01 -3.13434E-07 -1.65700E-01
1.20805E+00 -1.64000E-01 -3.04833E-07 -1.63721E-01
1.27517E+00 -1.62000E-01 -2.89936E-07 -1.61590E-01
1.34228E+00 -1.60000E-01 -2.76882E-07 -1.59764E-01
1.40940E+00 -1.58000E-01 -2.70431E-07 -1.57633E-01
1.47651E+00 -1.56000E-01 -2.55688E-07 -1.55654E-01
1.54362E+00 -1.54000E-01 -2.43862E-07 -1.53675E-01
1.61074E+00 -1.52000E-01 -2.37872E-07 -1.51696E-01
1.67785E+00 -1.50000E-01 -2.23436E-07 -1.49717E-01
1.74497E+00 -1.48000E-01 -2.14067E-07 -1.47586E-01
1.81208E+00 -1.46000E-01 -2.08538E-07 -1.45607E-01
1.87919E+00 -1.44000E-01 -1.94870E-07 -1.43628E-01
1.94631E+00 -1.42000E-01 -1.86269E-07 -1.41649E-01
2.01342E+00 -1.40000E-01 -1.80587E-07 -1.39670E-01
2.08054E+00 -1.38000E-01 -1.67225E-07 -1.37539E-01
2.14765E+00 -1.36000E-01 -1.60314E-07 -1.35561E-01
2.21477E+00 -1.34000E-01 -1.53710E-07 -1.33734E-01
2.28188E+00 -1.32000E-01 -1.42192E-07 -1.31603E-01
2.34899E+00 -1.30000E-01 -1.35741E-07 -1.29624E-01
2.41611E+00 -1.28000E-01 -1.28830E-07 -1.27645E-01
2.48322E+00 -1.26000E-01 -1.18540E-07 -1.25514E-01
2.55034E+00 -1.24000E-01 -1.12704E-07 -1.23687E-01
2.61745E+00 -1.22000E-01 -1.04872E-07 -1.21708E-01
2.68456E+00 -1.20000E-01 -9.64248E-08 -1.19577E-01
2.75168E+00 -1.18000E-01 -9.10495E-08 -1.17598E-01
2.81879E+00 -1.16000E-01 -8.30633E-08 -1.15620E-01
2.88591E+00 -1.14000E-01 -7.59986E-08 -1.13641E-01
2.95302E+00 -1.12000E-01 -7.00090E-08 -1.11510E-01
3.02013E+00 -1.10000E-01 -6.17156E-08 -1.09531E-01
3.08725E+00 -1.08000E-01 -5.55724E-08 -1.07552E-01
3.15436E+00 -1.06000E-01 -4.91220E-08 -1.05573E-01
3.22148E+00 -1.04000E-01 -4.17502E-08 -1.03594E-01
3.28859E+00 -1.02000E-01 -3.63749E-08 -1.01615E-01
3.35570E+00 -1.00000E-01 -2.96173E-08 -9.96364E-02
3.42282E+00 -9.80000E-02 -2.36277E-08 -9.75053E-02
3.48993E+00 -9.60000E-02 -1.79452E-08 -9.56786E-02
3.55705E+00 -9.40000E-02 -1.13413E-08 -9.36998E-02
3.62416E+00 -9.20000E-02 -6.73385E-09 -9.17209E-02
3.69128E+00 -9.00000E-02 -7.44215E-10 -8.95898E-02
3.75839E+00 -8.80000E-02 6.16690E-09  -8.76109E-02
3.82550E+00 -8.60000E-02 1.06207E-08  -8.56321E-02
3.89262E+00 -8.40000E-02 1.70711E-08  -8.36532E-02
3.95973E+00 -8.20000E-02 2.32143E-08  -8.16743E-02
4.02685E+00 -8.00000E-02 2.70538E-08  -7.95432E-02
4.09396E+00 -7.80000E-02 3.39650E-08  -7.75643E-02
4.16107E+00 -7.60000E-02 3.91867E-08  -7.55855E-02
4.22819E+00 -7.40000E-02 4.27190E-08  -7.36066E-02
4.29530E+00 -7.20000E-02 5.07052E-08  -7.16277E-02
4.36242E+00 -7.00000E-02 5.39304E-08  -6.94966E-02
4.42953E+00 -6.80000E-02 5.77699E-08  -6.75178E-02
4.49664E+00 -6.60000E-02 6.63704E-08  -6.56911E-02
4.56376E+00 -6.40000E-02 6.86741E-08  -6.35600E-02
4.63087E+00 -6.20000E-02 7.34351E-08  -6.15811E-02
4.69799E+00 -6.00000E-02 8.08070E-08  -5.96023E-02
4.76510E+00 -5.80000E-02 8.29571E-08  -5.76234E-02
4.83221E+00 -5.60000E-02 8.86396E-08  -5.56445E-02
4.89933E+00 -5.40000E-02 9.53971E-08  -5.36657E-02
4.96644E+00 -5.20000E-02 9.73936E-08  -5.15346E-02
5.03356E+00 -5.00000E-02 1.03383E-07  -4.95557E-02
5.10067E+00 -4.80000E-02 1.08759E-07  -4.75768E-02
5.16779E+00 -4.60000E-02 1.11062E-07  -4.55979E-02
5.23490E+00 -4.40000E-02 1.16898E-07  -4.36191E-02
5.30201E+00 -4.20000E-02 1.21813E-07  -4.14880E-02
5.36913E+00 -4.00000E-02 1.24577E-07  -3.95091E-02
5.43624E+00 -3.80000E-02 1.30874E-07  -3.75302E-02
5.50336E+00 -3.60000E-02 1.35635E-07  -3.55514E-02
5.57047E+00 -3.40000E-02 1.38707E-07  -3.34203E-02
5.63758E+00 -3.20000E-02 1.43929E-07  -3.14414E-02
5.70470E+00 -3.00000E-02 1.48382E-07  -2.94625E-02
5.77181E+00 -2.80000E-02 1.51915E-07  -2.74836E-02
5.83893E+00 -2.60000E-02 1.56676E-07  -2.55048E-02
5.90604E+00 -2.40000E-02 1.60822E-07  -2.35259E-02
5.97315E+00 -2.20000E-02 1.64815E-07  -2.13948E-02
6.04027E+00 -2.00000E-02 1.68655E-07  -1.95682E-02
6.10738E+00 -1.80000E-02 1.73723E-07  -1.75893E-02
6.17450E+00 -1.60000E-02 1.77409E-07  -1.57626E-02
6.24161E+00 -1.40000E-02 1.80634E-07  -1.37838E-02
6.30872E+00 -1.20000E-02 1.86163E-07  -1.18049E-02
6.37584E+00 -1.00000E-02 1.90003E-07  -9.82602E-03
6.44295E+00 -8.00000E-03 1.92613E-07  -7.69492E-03
6.51007E+00 -6.00000E-03 1.99217E-07  -5.86827E-03
6.57718E+00 -4.00000E-03 2.02135E-07  -3.73718E-03
6.64430E+00 -2.00000E-03 2.04593E-07  -1.75830E-03
6.71141E+00 4.16063E-18  2.11811E-07  2.20568E-04 
6.77852E+00 2.00000E-03  2.12886E-07  2.19944E-03 
6.84564E+00 4.00000E-03  2.15651E-07  4.33053E-03 
6.91275E+00 6.00000E-03  2.22869E-07  6.30941E-03 
6.97987E+00 8.00000E-03  2.24097E-07  8.44050E-03 
7.04698E+00 1.00000E-02  2.27937E-07  1.02672E-02 
7.11409E+00 1.20000E-02  2.34848E-07  1.22460E-02 
7.18121E+00 1.40000E-02  2.35462E-07  1.42249E-02 
7.24832E+00 1.60000E-02  2.39763E-07  1.63560E-02 
7.31544E+00 1.80000E-02  2.46674E-07  1.83349E-02 
7.38255E+00 2.00000E-02  2.47135E-07  2.03137E-02 
7.44966E+00 2.20000E-02  2.52203E-07  2.22926E-02 
7.51678E+00 2.40000E-02  2.57732E-07  2.42715E-02 
7.58389E+00 2.60000E-02  2.58346E-07  2.62504E-02 
7.65101E+00 2.80000E-02  2.63721E-07  2.83814E-02 
7.71812E+00 3.00000E-02  2.68175E-07  3.03603E-02 
7.78523E+00 3.20000E-02  2.68789E-07  3.21870E-02 
7.85235E+00 3.40000E-02  2.75086E-07  3.43181E-02 
7.91946E+00 3.60000E-02  2.78618E-07  3.62969E-02 
7.98658E+00 3.80000E-02  2.80615E-07  3.82758E-02 
8.05369E+00 4.00000E-02  2.86451E-07  4.04069E-02 
8.12081E+00 4.20000E-02  2.90137E-07  4.22336E-02 
8.18792E+00 4.40000E-02  2.89676E-07  4.43646E-02 
8.25503E+00 4.60000E-02  2.97970E-07  4.63435E-02 
8.32215E+00 4.80000E-02  3.00888E-07  4.84746E-02 
8.38926E+00 5.00000E-02  3.04420E-07  5.04535E-02 
8.45638E+00 5.20000E-02  3.07492E-07  5.22801E-02 
8.52349E+00 5.40000E-02  3.03345E-07  5.44112E-02 
8.59060E+00 5.60000E-02  3.15785E-07  5.63901E-02 
8.65772E+00 5.80000E-02  3.17935E-07  5.83690E-02 
8.72483E+00 6.00000E-02  3.22082E-07  6.03478E-02 
8.79195E+00 6.20000E-02  3.26996E-07  6.23267E-02 
8.85906E+00 6.40000E-02  3.28686E-07  6.43056E-02 
8.92617E+00 6.60000E-02  3.33293E-07  6.62845E-02 
8.99329E+00 6.80000E-02  3.37440E-07  6.82633E-02 
9.06040E+00 7.00000E-02  3.39743E-07  7.02422E-02 
9.12752E+00 7.20000E-02  3.44044E-07  7.22211E-02 
9.19463E+00 7.40000E-02  3.48190E-07  7.42000E-02 
9.26174E+00 7.60000E-02  3.50341E-07  7.63310E-02 
9.32886E+00 7.80000E-02  3.54794E-07  7.83099E-02 
9.39597E+00 8.00000E-02  3.58480E-07  8.02888E-02 
9.46309E+00 8.20000E-02  3.61245E-07  8.24199E-02 
9.53020E+00 8.40000E-02  3.65238E-07  8.43988E-02 
9.59732E+00 8.60000E-02  3.68770E-07  8.63776E-02 
9.66443E+00 8.80000E-02  3.73224E-07  8.85087E-02 
9.73154E+00 9.00000E-02  3.76449E-07  9.03354E-02 
9.79866E+00 9.20000E-02  3.79521E-07  9.23142E-02 
9.86577E+00 9.40000E-02  3.85510E-07  9.42931E-02 
9.93289E+00 9.60000E-02  3.86586E-07  9.62720E-02 
1.00000E+01 9.80000E-02  3.90886E-07  9.84031E-02 
1.00671E+01 1.00000E-01  3.96722E-07  1.00382E-01 
1.01342E+01 1.02000E-01  3.95647E-07  1.02361E-01 
1.02013E+01 1.04000E-01  4.01790E-07  1.04340E-01 
1.02685E+01 1.06000E-01  4.08240E-07  1.06319E-01 
1.03356E+01 1.08000E-01  4.05629E-07  1.08450E-01 
1.04027E+01 1.10000E-01  4.14384E-07  1.10276E-01 
1.04698E+01 1.12000E-01  4.19298E-07  1.12255E-01 
1.05369E+01 1.14000E-01  4.16534E-07  1.14386E-01 
1.06040E+01 1.16000E-01  4.25902E-07  1.16365E-01 
1.06711E+01 1.18000E-01  4.30970E-07  1.18344E-01 
1.07383E+01 1.20000E-01  4.27899E-07  1.20323E-01 
1.08054E+01 1.22000E-01  4.37421E-07  1.22454E-01 
1.08725E+01 1.24000E-01  4.41567E-07  1.24433E-01 
1.09396E+01 1.26000E-01  4.38956E-07  1.26412E-01 
1.10067E+01 1.28000E-01  4.49861E-07  1.28391E-01 
1.10738E+01 1.30000E-01  4.51857E-07  1.30369E-01 
1.11409E+01 1.32000E-01  4.50629E-07  1.32348E-01 
1.12081E+01 1.34000E-01  4.61993E-07  1.34479E-01 
1.12752E+01 1.36000E-01  4.62915E-07  1.36458E-01 
1.13423E+01 1.38000E-01  4.64144E-07  1.38285E-01 
1.14094E+01 1.40000E-01  4.74126E-07  1.40112E-01 
1.14765E+01 1.42000E-01  4.74894E-07  1.42243E-01 
1.15436E+01 1.44000E-01  4.77044E-07  1.44222E-01 
1.16107E+01 1.46000E-01  4.85491E-07  1.46200E-01 
1.16779E+01 1.48000E-01  4.85645E-07  1.48179E-01 
1.17450E+01 1.50000E-01  4.90559E-07  1.50158E-01 
1.18121E+01 1.52000E-01  4.95013E-07  1.52137E-01 
1.18792E+01 1.54000E-01  4.97471E-07  1.54116E-01 
1.19463E+01 1.56000E-01  5.02846E-07  1.56247E-01 
1.20134E+01 1.58000E-01  5.06532E-07  1.58226E-01 
1.20805E+01 1.60000E-01  5.10832E-07  1.60205E-01 
1.21477E+01 1.62000E-01  5.16207E-07  1.62184E-01 
1.22148E+01 1.64000E-01  5.18357E-07  1.64315E-01 
1.22819E+01 1.66000E-01  5.24654E-07  1.66294E-01 
1.23490E+01 1.68000E-01  5.28033E-07  1.68273E-01 
1.24161E+01 1.70000E-01  5.30183E-07  1.70251E-01 
1.24832E+01 1.72000E-01  5.37094E-07  1.72230E-01 
1.25503E+01 1.74000E-01  5.40319E-07  1.74209E-01 
1.26174E+01 1.76000E-01  5.42162E-07  1.76340E-01 
1.26846E+01 1.78000E-01  5.49841E-07  1.78167E-01 
1.27517E+01 1.80000E-01  5.50917E-07  1.80146E-01 
1.28188E+01 1.82000E-01  5.56599E-07  1.82277E-01 
1.28859E+01 1.84000E-01  5.63357E-07  1.84256E-01 
1.29530E+01 1.86000E-01  5.63817E-07  1.86235E-01 
1.30201E+01 1.88000E-01  5.71343E-07  1.88213E-01 
1.30872E+01 1.90000E-01  5.76257E-07  1.90192E-01 
1.31544E+01 1.92000E-01  5.75182E-07  1.92171E-01 
1.32215E+01 1.94000E-01  5.85933E-07  1.94302E-01 
1.32886E+01 1.96000E-01  5.87008E-07  1.96281E-01 
1.33557E+01 1.98000E-01  5.87469E-07  1.98260E-01 
1.34228E+01 2.00000E-01  5.99601E-07  2.00239E-01 
1.34899E+01 2.02000E-01  5.99909E-07  2.02370E-01 
1.35570E+01 2.04000E-01  6.02212E-07  2.04349E-01 
1.36242E+01 2.06000E-01  6.14960E-07  2.06328E-01 
1.36913E+01 2.08000E-01  6.10966E-07  2.08307E-01 
1.37584E+01 2.10000E-01  6.17878E-07  2.10285E-01 
1.38255E+01 2.12000E-01  6.27707E-07  2.12264E-01 
1.38926E+01 2.14000E-01  6.24942E-07  2.14243E-01 
1.39597E+01 2.16000E-01  6.32621E-07  2.16222E-01 
1.40268E+01 2.18000E-01  6.41222E-07  2.18201E-01 
1.40940E+01 2.20000E-01  6.37075E-07  2.20180E-01 
1.41611E+01 2.22000E-01  6.47058E-07  2.22159E-01 
1.42282E+01 2.24000E-01  6.51051E-07  2.24290E-01 
1.42953E+01 2.26000E-01  6.49822E-07  2.26269E-01 
1.43624E+01 2.28000E-01  6.61648E-07  2.28248E-01 
1.44295E+01 2.30000E-01  6.64105E-07  2.30226E-01 
1.44966E+01 2.32000E-01  6.66102E-07  2.32205E-01 
1.45638E+01 2.34000E-01  6.75931E-07  2.34336E-01 
1.46309E+01 2.36000E-01  6.77927E-07  2.36315E-01 
1.46980E+01 2.38000E-01  6.82535E-07  2.38294E-01 
1.47651E+01 2.40000E-01  6.88217E-07  2.40273E-01 
1.48322E+01 2.42000E-01  6.92210E-07  2.42404E-01 
1.48993E+01 2.44000E-01  6.96050E-07  2.44383E-01 
1.49664E+01 2.46000E-01  6.99122E-07  2.46210E-01 
1.50336E+01 2.48000E-01  7.04650E-07  2.48341E-01 
1.51007E+01 2.50000E-01  7.11715E-07  2.50320E-01 
1.51678E+01 2.52000E-01  7.10487E-07  2.52298E-01 
1.52349E+01 2.54000E-01  7.21084E-07  2.54277E-01 
1.53020E+01 2.56000E-01  7.24923E-07  2.56256E-01 
1.53691E+01 2.58000E-01  7.23541E-07  2.58387E-01 
1.54362E+01 2.60000E-01  7.36442E-07  2.60366E-01 
1.55034E+01 2.62000E-01  7.38438E-07  2.62345E-01 
1.55705E+01 2.64000E-01  7.35827E-07  2.64324E-01 
1.56376E+01 2.66000E-01  7.51492E-07  2.66303E-01 
1.57047E+01 2.68000E-01  7.47960E-07  2.68282E-01 
1.57718E+01 2.70000E-01  7.47653E-07  2.70261E-01 
1.58389E+01 2.72000E-01  7.64240E-07  2.72392E-01 
1.59060E+01 2.74000E-01  7.58557E-07  2.74371E-01 
1.59732E+01 2.76000E-01  7.60707E-07  2.76349E-01 
1.60403E+01 2.78000E-01  7.77294E-07  2.78328E-01 
1.61074E+01 2.80000E-01  7.68847E-07  2.80459E-01 
1.61745E+01 2.82000E-01  7.76219E-07  2.82438E-01 
1.62416E+01 2.84000E-01  7.88352E-07  2.84417E-01 
1.63087E+01 2.86000E-01  7.80058E-07  2.86396E-01 
1.63758E+01 2.88000E-01  7.88659E-07  2.88375E-01 
1.64430E+01 2.90000E-01  7.97259E-07  2.90354E-01 
1.65101E+01 2.92000E-01  7.90195E-07  2.92485E-01 
1.65772E+01 2.94000E-01  7.99870E-07  2.94311E-01 
1.66443E+01 2.96000E-01  8.06781E-07  2.96290E-01 
1.67114E+01 2.98000E-01  8.01099E-07  2.98421E-01 
1.67785E+01 3.00000E-01  8.09699E-07  3.00400E-01 
1.68456E+01 3.02000E-01  8.16764E-07  3.02379E-01 
1.69128E+01 3.04000E-01  8.12464E-07  3.04206E-01 
1.69799E+01 3.06000E-01  8.20297E-07  3.06337E-01 
1.70470E+01 3.08000E-01  8.24136E-07  3.08316E-01 
1.71141E+01 3.10000E-01  8.24290E-07  3.10295E-01 
1.71812E+01 3.12000E-01  8.30126E-07  3.12274E-01 
1.72483E+01 3.14000E-01  8.32429E-07  3.14405E-01 
1.73154E+01 3.16000E-01  8.28897E-07  3.16384E-01 
1.73826E+01 3.18000E-01  8.35347E-07  3.18362E-01 
1.74497E+01 3.20000E-01  8.39648E-07  3.20341E-01 
1.75168E+01 3.22000E-01  8.42412E-07  3.22472E-01 
1.75839E+01 3.24000E-01  8.41337E-07  3.24299E-01 
1.76510E+01 3.26000E-01  8.50091E-07  3.26278E-01 
1.77181E+01 3.28000E-01  8.50859E-07  3.28409E-01 
1.77852E+01 3.30000E-01  8.49016E-07  3.30388E-01 
1.78523E+01 3.32000E-01  8.57156E-07  3.32367E-01 
1.79195E+01 3.34000E-01  8.57770E-07  3.34346E-01 
1.79866E+01 3.36000E-01  8.56695E-07  3.36324E-01 
1.80537E+01 3.38000E-01  8.63606E-07  3.38303E-01 
1.81208E+01 3.40000E-01  8.62378E-07  3.40434E-01 
1.81879E+01 3.42000E-01  8.62531E-07  3.42413E-01 
1.82550E+01 3.44000E-01  8.68367E-07  3.44392E-01 
1.83221E+01 3.46000E-01  8.67599E-07  3.46371E-01 
1.83893E+01 3.48000E-01  8.69749E-07  3.48350E-01 
1.84564E+01 3.50000E-01  8.74818E-07  3.50329E-01 
1.85235E+01 3.52000E-01  8.73435E-07  3.52308E-01 
1.85906E+01 3.54000E-01  8.77428E-07  3.54439E-01 
1.86577E+01 3.56000E-01  8.78350E-07  3.56418E-01 
1.87248E+01 3.58000E-01  8.79579E-07  3.58549E-01 
1.87919E+01 3.60000E-01  8.84340E-07  3.60528E-01 
1.88591E+01 3.62000E-01  8.81882E-07  3.62506E-01 
1.89262E+01 3.64000E-01  8.84647E-07  3.64485E-01 
1.89933E+01 3.66000E-01  8.91404E-07  3.66464E-01 
1.90604E+01 3.68000E-01  8.85415E-07  3.68443E-01 
1.91275E+01 3.70000E-01  8.90790E-07  3.70422E-01 
1.91946E+01 3.72000E-01  8.96933E-07  3.72249E-01 
1.92617E+01 3.74000E-01  8.89868E-07  3.74380E-01 
1.93289E+01 3.76000E-01  8.99237E-07  3.76206E-01 
1.93960E+01 3.78000E-01  9.01848E-07  3.78337E-01 
1.94631E+01 3.80000E-01  8.94169E-07  3.80316E-01 
1.95302E+01 3.82000E-01  9.06609E-07  3.82295E-01 
1.95973E+01 3.84000E-01  9.07223E-07  3.84274E-01 
1.96644E+01 3.86000E-01  8.99237E-07  3.86405E-01 
1.97315E+01 3.88000E-01  9.11830E-07  3.88384E-01 
1.97987E+01 3.90000E-01  9.11370E-07  3.90363E-01 
1.98658E+01 3.92000E-01  9.04766E-07  3.92342E-01 
1.99329E+01 3.94000E-01  9.17206E-07  3.94473E-01 
2.00000E+01 3.96000E-01  9.15977E-07  3.96452E-01 
2.00671E+01 3.98000E-01  9.12445E-07  3.98431E-01 
2.01342E+01 4.00000E-01  9.22581E-07  4.00562E-01 
2.02013E+01 4.02000E-01  9.20892E-07  4.02388E-01 
2.02685E+01 4.04000E-01  9.19049E-07  4.04367E-01 
2.03356E+01 4.06000E-01  9.27035E-07  4.06498E-01 
2.04027E+01 4.08000E-01  9.25038E-07  4.08477E-01 
2.04698E+01 4.10000E-01  9.25960E-07  4.10456E-01 
2.05369E+01 4.12000E-01  9.31028E-07  4.12435E-01 
2.06040E+01 4.14000E-01  9.33025E-07  4.14414E-01 
2.06711E+01 4.16000E-01  9.32410E-07  4.16393E-01 
2.07383E+01 4.18000E-01  9.36250E-07  4.18524E-01 
2.08054E+01 4.20000E-01  9.38861E-07  4.20503E-01 
2.08725E+01 4.22000E-01  9.40396E-07  4.22329E-01 
2.09396E+01 4.24000E-01  9.43468E-07  4.24308E-01 
2.10067E+01 4.26000E-01  9.45311E-07  4.26439E-01 
2.10738E+01 4.28000E-01  9.46386E-07  4.28418E-01 
2.11409E+01 4.30000E-01  9.48843E-07  4.30549E-01 
2.12081E+01 4.32000E-01  9.52068E-07  4.32528E-01 
2.12752E+01 4.34000E-01  9.51608E-07  4.34507E-01 
2.13423E+01 4.36000E-01  9.54372E-07  4.36486E-01 
2.14094E+01 4.38000E-01  9.55754E-07  4.38617E-01 
2.14765E+01 4.40000E-01  9.56983E-07  4.40444E-01 
2.15436E+01 4.42000E-01  9.60055E-07  4.42422E-01 
2.16107E+01 4.44000E-01  9.64201E-07  4.44554E-01 
2.16779E+01 4.46000E-01  9.63126E-07  4.46532E-01 
2.17450E+01 4.48000E-01  9.68041E-07  4.48511E-01 
2.18121E+01 4.50000E-01  9.70959E-07  4.50186E-01 
2.18792E+01 4.52000E-01  9.70191E-07  4.52165E-01 
2.19463E+01 4.54000E-01  9.75413E-07  4.54296E-01 
2.20134E+01 4.56000E-01  9.76641E-07  4.56275E-01 
2.20805E+01 4.58000E-01  9.77409E-07  4.58253E-01 
2.21477E+01 4.60000E-01  9.83092E-07  4.60232E-01 
2.22148E+01 4.62000E-01  9.82017E-07  4.62211E-01 
2.22819E+01 4.64000E-01  9.84320E-07  4.64190E-01 
2.23490E+01 4.66000E-01  9.90310E-07  4.66321E-01 
2.24161E+01 4.68000E-01  9.90156E-07  4.68300E-01 
2.24832E+01 4.70000E-01  9.93689E-07  4.70279E-01 
2.25503E+01 4.72000E-01  9.99064E-07  4.72410E-01 
2.26174E+01 4.74000E-01  9.98143E-07  4.74389E-01 
2.26846E+01 4.76000E-01  1.00244E-06  4.76368E-01 
2.27517E+01 4.78000E-01  1.00659E-06  4.78347E-01 
2.28188E+01 4.80000E-01  1.00551E-06  4.80325E-01 
2.28859E+01 4.82000E-01  1.01043E-06  4.82304E-01 
2.29530E+01 4.84000E-01  1.01381E-06  4.84283E-01 
2.30201E+01 4.86000E-01  1.01442E-06  4.86414E-01 
2.30872E+01 4.88000E-01  1.01964E-06  4.88393E-01 
2.31544E+01 4.90000E-01  1.02225E-06  4.90220E-01 
2.32215E+01 4.92000E-01  1.02364E-06  4.92351E-01 
2.32886E+01 4.94000E-01  1.02824E-06  4.94330E-01 
2.33557E+01 4.96000E-01  1.03039E-06  4.96309E-01 
2.34228E+01 4.98000E-01  1.03347E-06  4.98440E-01 
2.34899E+01 5.00000E-01  1.03777E-06  5.00266E-01 
2.35570E+01 4.98000E-01  9.28110E-07  4.98440E-01 
2.36242E+01 4.96000E-01  8.77889E-07  4.96461E-01 
2.36913E+01 4.94000E-01  8.39494E-07  4.94482E-01 
2.37584E+01 4.92000E-01  8.07396E-07  4.92503E-01 
2.38255E+01 4.90000E-01  7.78523E-07  4.90372E-01 
2.38926E+01 4.88000E-01  7.51185E-07  4.88393E-01 
2.39597E+01 4.86000E-01  7.27841E-07  4.86414E-01 
2.40268E+01 4.84000E-01  7.04650E-07  4.84435E-01 
2.40940E+01 4.82000E-01  6.81153E-07  4.82457E-01 
2.41611E+01 4.80000E-01  6.63798E-07  4.80478E-01 
2.42282E+01 4.78000E-01  6.42450E-07  4.78499E-01 
2.42953E+01 4.76000E-01  6.21871E-07  4.76520E-01 
2.43624E+01 4.74000E-01  6.07895E-07  4.74541E-01 
2.44295E+01 4.72000E-01  5.87161E-07  4.72410E-01 
2.44966E+01 4.70000E-01  5.68425E-07  4.70431E-01 
2.45638E+01 4.68000E-01  5.56599E-07  4.68452E-01 
2.46309E+01 4.66000E-01  5.36480E-07  4.66321E-01 
2.46980E+01 4.64000E-01  5.20354E-07  4.64342E-01 
2.47651E+01 4.62000E-01  5.10371E-07  4.62363E-01 
2.48322E+01 4.60000E-01  4.90099E-07  4.60385E-01 
2.48993E+01 4.58000E-01  4.77198E-07  4.58406E-01 
2.49664E+01 4.56000E-01  4.67062E-07  4.56427E-01 
2.50336E+01 4.54000E-01  4.47710E-07  4.54448E-01 
2.51007E+01 4.52000E-01  4.36346E-07  4.52317E-01 
2.51678E+01 4.50000E-01  4.26056E-07  4.50338E-01 
2.52349E+01 4.48000E-01  4.07933E-07  4.48664E-01 
2.53020E+01 4.46000E-01  3.97797E-07  4.46685E-01 
2.53691E+01 4.44000E-01  3.85971E-07  4.44706E-01 
2.54362E+01 4.42000E-01  3.69385E-07  4.42575E-01 
2.55034E+01 4.40000E-01  3.60170E-07  4.40596E-01 
2.55705E+01 4.38000E-01  3.49265E-07  4.38617E-01 
2.56376E+01 4.36000E-01  3.34368E-07  4.36638E-01 
2.57047E+01 4.34000E-01  3.25614E-07  4.34659E-01 
2.57718E+01 4.32000E-01  3.14403E-07  4.32528E-01 
2.58389E+01 4.30000E-01  3.01041E-07  4.30701E-01 
2.59060E+01 4.28000E-01  2.91366E-07  4.28570E-01 
2.59732E+01 4.26000E-01  2.81076E-07  4.26591E-01 
2.60403E+01 4.24000E-01  2.69557E-07  4.24460E-01 
2.61074E+01 4.22000E-01  2.57732E-07  4.22482E-01 
2.61745E+01 4.20000E-01  2.48363E-07  4.20503E-01 
2.62416E+01 4.18000E-01  2.37920E-07  4.18524E-01 
2.63087E+01 4.16000E-01  2.25326E-07  4.16545E-01 
2.63758E+01 4.14000E-01  2.18108E-07  4.14566E-01 
2.64430E+01 4.12000E-01  2.07204E-07  4.12587E-01 
2.65101E+01 4.10000E-01  1.94303E-07  4.10608E-01 
2.65772E+01 4.08000E-01  1.88620E-07  4.08629E-01 
2.66443E+01 4.06000E-01  1.76027E-07  4.06498E-01 
2.67114E+01 4.04000E-01  1.64201E-07  4.04519E-01 
2.67785E+01 4.02000E-01  1.59440E-07  4.02541E-01 
2.68456E+01 4.00000E-01  1.45771E-07  4.00562E-01 
2.69128E+01 3.98000E-01  1.34560E-07  3.98583E-01 
2.69799E+01 3.96000E-01  1.31796E-07  3.96604E-01 
2.70470E+01 3.94000E-01  1.15977E-07  3.94625E-01 
2.71141E+01 3.92000E-01  1.06916E-07  3.92494E-01 
2.71812E+01 3.90000E-01  1.02308E-07  3.90515E-01 
2.72483E+01 3.88000E-01  8.80252E-08  3.88536E-01 
2.73154E+01 3.86000E-01  8.01926E-08  3.86405E-01 
2.73826E+01 3.84000E-01  7.35887E-08  3.84426E-01 
2.74497E+01 3.82000E-01  6.08415E-08  3.82447E-01 
2.75168E+01 3.80000E-01  5.43911E-08  3.80469E-01 
2.75839E+01 3.78000E-01  4.37941E-08  3.78490E-01 
2.76510E+01 3.76000E-01  3.25827E-08  3.76511E-01 
2.77181E+01 3.74000E-01  2.76682E-08  3.74532E-01 
2.77852E+01 3.72000E-01  1.49210E-08  3.72401E-01 
2.78523E+01 3.70000E-01  6.47406E-09  3.70574E-01 
2.79195E+01 3.68000E-01  1.09875E-09  3.68595E-01 
2.79866E+01 3.66000E-01  -1.33378E-08 3.66616E-01 
2.80537E+01 3.64000E-01  -1.88667E-08 3.64638E-01 
2.81208E+01 3.62000E-01  -2.40884E-08 3.62506E-01 
2.81879E+01 3.60000E-01  -4.12894E-08 3.60680E-01 
2.82550E+01 3.58000E-01  -4.26717E-08 3.58549E-01 
2.83221E+01 3.56000E-01  -5.09650E-08 3.56570E-01 
2.83893E+01 3.54000E-01  -6.77053E-08 3.54591E-01 
2.84564E+01 3.52000E-01  -6.80124E-08 3.52612E-01 
2.85235E+01 3.50000E-01  -7.67665E-08 3.50633E-01 
2.85906E+01 3.48000E-01  -9.44282E-08 3.48502E-01 
2.86577E+01 3.46000E-01  -9.15102E-08 3.46523E-01 
2.87248E+01 3.44000E-01  -1.04104E-07 3.44544E-01 
2.87919E+01 3.42000E-01  -1.20230E-07 3.42566E-01 
2.88591E+01 3.40000E-01  -1.16237E-07 3.40587E-01 
2.89262E+01 3.38000E-01  -1.28984E-07 3.38456E-01 
2.89933E+01 3.36000E-01  -1.43574E-07 3.36477E-01 
2.90604E+01 3.34000E-01  -1.40042E-07 3.34498E-01 
2.91275E+01 3.32000E-01  -1.53864E-07 3.32519E-01 
2.91946E+01 3.30000E-01  -1.67533E-07 3.30540E-01 
2.92617E+01 3.28000E-01  -1.66611E-07 3.28561E-01 
2.93289E+01 3.26000E-01  -1.78130E-07 3.26582E-01 
2.93960E+01 3.24000E-01  -1.90723E-07 3.24451E-01 
2.94631E+01 3.22000E-01  -1.91798E-07 3.22625E-01 
2.95302E+01 3.20000E-01  -2.01167E-07 3.20646E-01 
2.95973E+01 3.18000E-01  -2.12839E-07 3.18515E-01 
2.96644E+01 3.16000E-01  -2.16217E-07 3.16536E-01 
2.97315E+01 3.14000E-01  -2.22514E-07 3.14405E-01 
2.97987E+01 3.12000E-01  -2.35261E-07 3.12578E-01 
2.98658E+01 3.10000E-01  -2.39715E-07 3.10447E-01 
2.99329E+01 3.08000E-01  -2.43708E-07 3.08468E-01 
3.00000E+01 3.06000E-01  -2.57070E-07 3.06489E-01 
3.00671E+01 3.04000E-01  -2.61677E-07 3.04510E-01 
3.01342E+01 3.02000E-01  -2.66592E-07 3.02531E-01 
3.02013E+01 3.00000E-01  -2.79953E-07 3.00553E-01 
3.02685E+01 2.98000E-01  -2.82871E-07 2.98421E-01 
3.03356E+01 2.96000E-01  -2.86711E-07 2.96443E-01 
3.04027E+01 2.94000E-01  -3.01915E-07 2.94464E-01 
3.04698E+01 2.92000E-01  -3.03298E-07 2.92485E-01 
3.05369E+01 2.90000E-01  -3.06369E-07 2.90506E-01 
3.06040E+01 2.88000E-01  -3.21727E-07 2.88527E-01 
3.06711E+01 2.86000E-01  -3.20959E-07 2.86548E-01 
3.07383E+01 2.84000E-01  -3.27410E-07 2.84569E-01 
3.08054E+01 2.82000E-01  -3.41078E-07 2.82590E-01 
3.08725E+01 2.80000E-01  -3.39543E-07 2.80612E-01 
3.09396E+01 2.78000E-01  -3.48450E-07 2.78480E-01 
3.10067E+01 2.76000E-01  -3.60737E-07 2.76502E-01 
3.10738E+01 2.74000E-01  -3.57665E-07 2.74523E-01 
3.11409E+01 2.72000E-01  -3.68569E-07 2.72544E-01 
3.12081E+01 2.70000E-01  -3.77323E-07 2.70413E-01 
3.12752E+01 2.68000E-01  -3.75480E-07 2.68434E-01 
3.13423E+01 2.66000E-01  -3.88228E-07 2.66455E-01 
3.14094E+01 2.64000E-01  -3.92374E-07 2.64476E-01 
3.14765E+01 2.62000E-01  -3.92221E-07 2.62497E-01 
3.15436E+01 2.60000E-01  -4.05429E-07 2.60518E-01 
3.16107E+01 2.58000E-01  -4.07118E-07 2.58387E-01 
3.16779E+01 2.56000E-01  -4.09422E-07 2.56408E-01 
3.17450E+01 2.54000E-01  -4.22783E-07 2.54430E-01 
3.18121E+01 2.52000E-01  -4.22630E-07 2.52451E-01 
3.18792E+01 2.50000E-01  -4.27237E-07 2.50472E-01 
3.19463E+01 2.48000E-01  -4.38755E-07 2.48493E-01 
3.20134E+01 2.46000E-01  -4.39216E-07 2.46362E-01 
3.20805E+01 2.44000E-01  -4.45667E-07 2.44535E-01 
3.21477E+01 2.42000E-01  -4.50888E-07 2.42556E-01 
3.22148E+01 2.40000E-01  -4.51349E-07 2.40425E-01 
3.22819E+01 2.38000E-01  -4.58414E-07 2.38446E-01 
3.23490E+01 2.36000E-01  -4.61639E-07 2.36467E-01 
3.24161E+01 2.34000E-01  -4.63482E-07 2.34489E-01 
3.24832E+01 2.32000E-01  -4.68550E-07 2.32358E-01 
3.25503E+01 2.30000E-01  -4.72850E-07 2.30379E-01 
3.26174E+01 2.28000E-01  -4.77151E-07 2.28400E-01 
3.26846E+01 2.26000E-01  -4.80683E-07 2.26421E-01 
3.27517E+01 2.24000E-01  -4.84830E-07 2.24442E-01 
3.28188E+01 2.22000E-01  -4.90819E-07 2.22463E-01 
3.28859E+01 2.20000E-01  -4.91587E-07 2.20332E-01 
3.29530E+01 2.18000E-01  -4.93891E-07 2.18353E-01 
3.30201E+01 2.16000E-01  -5.03106E-07 2.16374E-01 
3.30872E+01 2.14000E-01  -5.00188E-07 2.14548E-01 
3.31544E+01 2.12000E-01  -5.02491E-07 2.12417E-01 
3.32215E+01 2.10000E-01  -5.11245E-07 2.10438E-01 
3.32886E+01 2.08000E-01  -5.05870E-07 2.08459E-01 
3.33557E+01 2.06000E-01  -5.12167E-07 2.06480E-01 
3.34228E+01 2.04000E-01  -5.18771E-07 2.04501E-01 
3.34899E+01 2.02000E-01  -5.12320E-07 2.02370E-01 
3.35570E+01 2.00000E-01  -5.23378E-07 2.00543E-01 
3.36242E+01 1.98000E-01  -5.27064E-07 1.98412E-01 
3.36913E+01 1.96000E-01  -5.18003E-07 1.96433E-01 
3.37584E+01 1.94000E-01  -5.29675E-07 1.94455E-01 
3.38255E+01 1.92000E-01  -5.29982E-07 1.92476E-01 
3.38926E+01 1.90000E-01  -5.23532E-07 1.90345E-01 
3.39597E+01 1.88000E-01  -5.35818E-07 1.88366E-01 
3.40268E+01 1.86000E-01  -5.35358E-07 1.86387E-01 
3.40940E+01 1.84000E-01  -5.28754E-07 1.84408E-01 
3.41611E+01 1.82000E-01  -5.40426E-07 1.82277E-01 
3.42282E+01 1.80000E-01  -5.37815E-07 1.80450E-01 
3.42953E+01 1.78000E-01  -5.34897E-07 1.78319E-01 
3.43624E+01 1.76000E-01  -5.46262E-07 1.76340E-01 
3.44295E+01 1.74000E-01  -5.41961E-07 1.74514E-01 
3.44966E+01 1.72000E-01  -5.40272E-07 1.72382E-01 
3.45638E+01 1.70000E-01  -5.49794E-07 1.70251E-01 
3.46309E+01 1.68000E-01  -5.45955E-07 1.68273E-01 
3.46980E+01 1.66000E-01  -5.46415E-07 1.66446E-01 
3.47651E+01 1.64000E-01  -5.51023E-07 1.64467E-01 
3.48322E+01 1.62000E-01  -5.48719E-07 1.62336E-01 
3.48993E+01 1.60000E-01  -5.48412E-07 1.60357E-01 
3.49664E+01 1.58000E-01  -5.53173E-07 1.58378E-01 
3.50336E+01 1.56000E-01  -5.52405E-07 1.56399E-01 
3.51007E+01 1.54000E-01  -5.52098E-07 1.54268E-01 
3.51678E+01 1.52000E-01  -5.54401E-07 1.52289E-01 
3.52349E+01 1.50000E-01  -5.55630E-07 1.50310E-01 
3.53020E+01 1.48000E-01  -5.54709E-07 1.48332E-01 
3.53691E+01 1.46000E-01  -5.57627E-07 1.46353E-01 
3.54362E+01 1.44000E-01  -5.59777E-07 1.44374E-01 
3.55034E+01 1.42000E-01  -5.56244E-07 1.42243E-01 
3.55705E+01 1.40000E-01  -5.58855E-07 1.40264E-01 
3.56376E+01 1.38000E-01  -5.62388E-07 1.38437E-01 
3.57047E+01 1.36000E-01  -5.57780E-07 1.36611E-01 
3.57718E+01 1.34000E-01  -5.61005E-07 1.34479E-01 
3.58389E+01 1.32000E-01  -5.65613E-07 1.32501E-01 
3.59060E+01 1.30000E-01  -5.59930E-07 1.30522E-01 
3.59732E+01 1.28000E-01  -5.65306E-07 1.28543E-01 
3.60403E+01 1.26000E-01  -5.67456E-07 1.26564E-01 
3.61074E+01 1.24000E-01  -5.63309E-07 1.24585E-01 
3.61745E+01 1.22000E-01  -5.68684E-07 1.22606E-01 
3.62416E+01 1.20000E-01  -5.70067E-07 1.20475E-01 
3.63087E+01 1.18000E-01  -5.65920E-07 1.18496E-01 
3.63758E+01 1.16000E-01  -5.71295E-07 1.16517E-01 
3.64430E+01 1.14000E-01  -5.71910E-07 1.14539E-01 
3.65101E+01 1.12000E-01  -5.69299E-07 1.12407E-01 
3.65772E+01 1.10000E-01  -5.73906E-07 1.10429E-01 
3.66443E+01 1.08000E-01  -5.72831E-07 1.08450E-01 
3.67114E+01 1.06000E-01  -5.73292E-07 1.06471E-01 
3.67785E+01 1.04000E-01  -5.77131E-07 1.04492E-01 
3.68456E+01 1.02000E-01  -5.75596E-07 1.02513E-01 
3.69128E+01 1.00000E-01  -5.78206E-07 1.00534E-01 
3.69799E+01 9.80000E-02  -5.79742E-07 9.85553E-02 
3.70470E+01 9.60000E-02  -5.77746E-07 9.64242E-02 
3.71141E+01 9.40000E-02  -5.82507E-07 9.44453E-02 
3.71812E+01 9.20000E-02  -5.82353E-07 9.24665E-02 
3.72483E+01 9.00000E-02  -5.80971E-07 9.03354E-02 
3.73154E+01 8.80000E-02  -5.86807E-07 8.85087E-02 
3.73826E+01 8.60000E-02  -5.84043E-07 8.65299E-02 
3.74497E+01 8.40000E-02  -5.83735E-07 8.45510E-02 
3.75168E+01 8.20000E-02  -5.90339E-07 8.24199E-02 
3.75839E+01 8.00000E-02  -5.86807E-07 8.04410E-02 
3.76510E+01 7.80000E-02  -5.87882E-07 7.84621E-02 
3.77181E+01 7.60000E-02  -5.94025E-07 7.64833E-02 
3.77852E+01 7.40000E-02  -5.89418E-07 7.43522E-02 
3.78523E+01 7.20000E-02  -5.91875E-07 7.23733E-02 
3.79195E+01 7.00000E-02  -5.97404E-07 7.03944E-02 
3.79866E+01 6.80000E-02  -5.92797E-07 6.85678E-02 
3.80537E+01 6.60000E-02  -5.95561E-07 6.64367E-02 
3.81208E+01 6.40000E-02  -5.90493E-07 6.44578E-02 
3.81879E+01 6.20000E-02  -5.96790E-07 6.24789E-02 
3.82550E+01 6.00000E-02  -5.98940E-07 6.03478E-02 
3.83221E+01 5.80000E-02  -6.03547E-07 5.85212E-02 
3.83893E+01 5.60000E-02  -5.99401E-07 5.65423E-02 
3.84564E+01 5.40000E-02  -6.02319E-07 5.45635E-02 
3.85235E+01 5.20000E-02  -6.06619E-07 5.24324E-02 
3.85906E+01 5.00000E-02  -6.03547E-07 5.06057E-02 
3.86577E+01 4.80000E-02  -6.06312E-07 4.86268E-02 
3.87248E+01 4.60000E-02  -6.09230E-07 4.64957E-02 
3.87919E+01 4.40000E-02  -6.07080E-07 4.45169E-02 
3.88591E+01 4.20000E-02  -6.09076E-07 4.25380E-02 
3.89262E+01 4.00000E-02  -6.12608E-07 4.05591E-02 
3.89933E+01 3.80000E-02  -6.13530E-07 3.84280E-02 
3.90604E+01 3.60000E-02  -6.01551E-07 3.64492E-02 
3.91275E+01 3.40000E-02  -6.09690E-07 3.44703E-02 
3.91946E+01 3.20000E-02  -6.16602E-07 3.24914E-02 
3.92617E+01 3.00000E-02  -6.14451E-07 3.05125E-02 
3.93289E+01 2.80000E-02  -6.18752E-07 2.85337E-02 
3.93960E+01 2.60000E-02  -6.18598E-07 2.64026E-02 
3.94631E+01 2.40000E-02  -6.18598E-07 2.44237E-02 
3.95302E+01 2.20000E-02  -6.21823E-07 2.24448E-02 
3.95973E+01 2.00000E-02  -6.21363E-07 2.04660E-02 
3.96644E+01 1.80000E-02  -6.21516E-07 1.84871E-02 
3.97315E+01 1.60000E-02  -6.25509E-07 1.65082E-02 
3.97987E+01 1.40000E-02  -6.24588E-07 1.43771E-02 
3.98658E+01 1.20000E-02  -6.24895E-07 1.23982E-02 
3.99329E+01 1.00000E-02  -6.28888E-07 1.04194E-02 
4.00000E+01 8.00000E-03  -6.27199E-07 8.44050E-03 
4.00671E+01 6.00000E-03  -6.27966E-07 6.46163E-03 
4.01342E+01 4.00000E-03  -6.31960E-07 4.33053E-03 
4.02013E+01 2.00000E-03  -6.29809E-07 2.35166E-03 
4.02685E+01 4.17418E-18  -6.32267E-07 3.72789E-04 
4.03356E+01 -2.00000E-03 -6.34878E-07 -1.60608E-03
4.04027E+01 -4.00000E-03 -6.33495E-07 -3.58496E-03
4.04698E+01 -6.00000E-03 -6.36413E-07 -5.71605E-03
4.05369E+01 -8.00000E-03 -6.38103E-07 -7.69492E-03
4.06040E+01 -1.00000E-02 -6.36413E-07 -9.52157E-03
4.06711E+01 -1.20000E-02 -6.39792E-07 -1.15004E-02
4.07383E+01 -1.40000E-02 -6.40867E-07 -1.36315E-02
4.08054E+01 -1.60000E-02 -6.39485E-07 -1.56104E-02
4.08725E+01 -1.80000E-02 -6.43017E-07 -1.74371E-02
4.09396E+01 -2.00000E-02 -6.43325E-07 -1.92637E-02
4.10067E+01 -2.20000E-02 -6.43171E-07 -2.13948E-02
4.10738E+01 -2.40000E-02 -6.47010E-07 -2.33737E-02
4.11409E+01 -2.60000E-02 -6.46857E-07 -2.53526E-02
4.12081E+01 -2.80000E-02 -6.47010E-07 -2.73314E-02
4.12752E+01 -3.00000E-02 -6.49468E-07 -2.93103E-02
4.13423E+01 -3.20000E-02 -6.49314E-07 -3.12892E-02
4.14094E+01 -3.40000E-02 -6.50850E-07 -3.34203E-02
4.14765E+01 -3.60000E-02 -6.53461E-07 -3.53991E-02
4.15436E+01 -3.80000E-02 -6.52693E-07 -3.73780E-02
4.16107E+01 -4.00000E-02 -6.54229E-07 -3.93569E-02
4.16779E+01 -4.20000E-02 -6.55611E-07 -4.14880E-02
4.17450E+01 -4.40000E-02 -6.56225E-07 -4.34668E-02
4.18121E+01 -4.60000E-02 -6.57300E-07 -4.54457E-02
4.18792E+01 -4.80000E-02 -6.58529E-07 -4.74246E-02
4.19463E+01 -5.00000E-02 -6.59450E-07 -4.94035E-02
4.20134E+01 -5.20000E-02 -6.59911E-07 -5.13823E-02
4.20805E+01 -5.40000E-02 -6.62061E-07 -5.33612E-02
4.21477E+01 -5.60000E-02 -6.63597E-07 -5.54923E-02
4.22148E+01 -5.80000E-02 -6.63904E-07 -5.73190E-02
4.22819E+01 -6.00000E-02 -6.65133E-07 -5.94500E-02
4.23490E+01 -6.20000E-02 -6.66822E-07 -6.14289E-02
4.24161E+01 -6.40000E-02 -6.66669E-07 -6.34078E-02
4.24832E+01 -6.60000E-02 -6.67744E-07 -6.55389E-02
4.25503E+01 -6.80000E-02 -6.70355E-07 -6.73655E-02
4.26174E+01 -7.00000E-02 -6.69126E-07 -6.93444E-02
4.26846E+01 -7.20000E-02 -6.71123E-07 -7.14755E-02
4.27517E+01 -7.40000E-02 -6.73887E-07 -7.34544E-02
4.28188E+01 -7.60000E-02 -6.72044E-07 -7.54332E-02
4.28859E+01 -7.80000E-02 -6.75576E-07 -7.74121E-02
4.29530E+01 -8.00000E-02 -6.77266E-07 -7.95432E-02
4.30201E+01 -8.20000E-02 -6.74962E-07 -8.15221E-02
4.30872E+01 -8.40000E-02 -6.79570E-07 -8.35010E-02
4.31544E+01 -8.60000E-02 -6.80491E-07 -8.54798E-02
4.32215E+01 -8.80000E-02 -6.77880E-07 -8.74587E-02
4.32886E+01 -9.00000E-02 -6.82795E-07 -8.94376E-02
4.33557E+01 -9.20000E-02 -6.83409E-07 -9.14165E-02
4.34228E+01 -9.40000E-02 -6.80798E-07 -9.35475E-02
4.34899E+01 -9.60000E-02 -6.86020E-07 -9.55264E-02
4.35570E+01 -9.80000E-02 -6.85866E-07 -9.73531E-02
4.36242E+01 -1.00000E-01 -6.85098E-07 -9.94842E-02
4.36913E+01 -1.02000E-01 -6.89245E-07 -1.01463E-01
4.37584E+01 -1.04000E-01 -6.89245E-07 -1.03442E-01
4.38255E+01 -1.06000E-01 -6.88784E-07 -1.05421E-01
4.38926E+01 -1.08000E-01 -6.93545E-07 -1.07400E-01
4.39597E+01 -1.10000E-01 -6.92470E-07 -1.09379E-01
4.40268E+01 -1.12000E-01 -6.92777E-07 -1.11510E-01
4.40940E+01 -1.14000E-01 -6.96310E-07 -1.13488E-01
4.41611E+01 -1.16000E-01 -6.96003E-07 -1.15467E-01
4.42282E+01 -1.18000E-01 -6.96771E-07 -1.17446E-01
4.42953E+01 -1.20000E-01 -6.99228E-07 -1.19425E-01
4.43624E+01 -1.22000E-01 -6.99381E-07 -1.21404E-01
4.44295E+01 -1.24000E-01 -7.00303E-07 -1.23535E-01
4.44966E+01 -1.26000E-01 -7.02914E-07 -1.25362E-01
4.45638E+01 -1.28000E-01 -7.03989E-07 -1.27493E-01
4.46309E+01 -1.30000E-01 -7.04296E-07 -1.29472E-01
4.46980E+01 -1.32000E-01 -7.06139E-07 -1.31451E-01
4.47651E+01 -1.34000E-01 -7.07675E-07 -1.33582E-01
4.48322E+01 -1.36000E-01 -7.08135E-07 -1.35408E-01
4.48993E+01 -1.38000E-01 -7.09671E-07 -1.37387E-01
4.49664E+01 -1.40000E-01 -7.12282E-07 -1.39366E-01
4.50336E+01 -1.42000E-01 -7.11053E-07 -1.41497E-01
4.51007E+01 -1.44000E-01 -7.13511E-07 -1.43476E-01
4.51678E+01 -1.46000E-01 -7.16122E-07 -1.45455E-01
4.52349E+01 -1.48000E-01 -7.15047E-07 -1.47434E-01
4.53020E+01 -1.50000E-01 -7.17350E-07 -1.49565E-01
4.53691E+01 -1.52000E-01 -7.20422E-07 -1.51544E-01
4.54362E+01 -1.54000E-01 -7.18886E-07 -1.53523E-01
4.55034E+01 -1.56000E-01 -7.22111E-07 -1.55501E-01
4.55705E+01 -1.58000E-01 -7.24415E-07 -1.57480E-01
4.56376E+01 -1.60000E-01 -7.23801E-07 -1.59611E-01
4.57047E+01 -1.62000E-01 -7.26872E-07 -1.61590E-01
4.57718E+01 -1.64000E-01 -7.28254E-07 -1.63569E-01
4.58389E+01 -1.66000E-01 -7.27487E-07 -1.65548E-01
4.59060E+01 -1.68000E-01 -7.31633E-07 -1.67527E-01
4.59732E+01 -1.70000E-01 -7.31787E-07 -1.69506E-01
4.60403E+01 -1.72000E-01 -7.32862E-07 -1.71637E-01
4.61074E+01 -1.74000E-01 -7.35780E-07 -1.73464E-01
4.61745E+01 -1.76000E-01 -7.36087E-07 -1.75290E-01
4.62416E+01 -1.78000E-01 -7.38852E-07 -1.77269E-01
4.63087E+01 -1.80000E-01 -7.41155E-07 -1.79248E-01
4.63758E+01 -1.82000E-01 -7.40541E-07 -1.81379E-01
4.64430E+01 -1.84000E-01 -7.45763E-07 -1.83358E-01
4.65101E+01 -1.86000E-01 -7.45148E-07 -1.85185E-01
4.65772E+01 -1.88000E-01 -7.45148E-07 -1.87316E-01
4.66443E+01 -1.90000E-01 -7.51138E-07 -1.89295E-01
4.67114E+01 -1.92000E-01 -7.49909E-07 -1.91273E-01
4.67785E+01 -1.94000E-01 -7.50063E-07 -1.93404E-01
4.68456E+01 -1.96000E-01 -7.56820E-07 -1.95383E-01
4.69128E+01 -1.98000E-01 -7.54210E-07 -1.97362E-01
