time/s      E/V        I/A
0.00000E+00 -2.00000E-01 -7.37776E-07 -1.99341E-01
6.71141E-02 -1.98000E-01 -6.37488E-07 -1.97514E-01
1.34228E-01 -1.96000E-01 -5.92797E-07 -1.95536E-01
2.01342E-01 -1.94000E-01 -5.59623E-07 -1.93404E-01
2.68456E-01 -1.92000E-01 -5.29061E-07 -1.91426E-01
3.35570E-01 -1.90000E-01 -5.03566E-07 -1.89447E-01
4.02685E-01 -1.88000E-01 -4.82526E-07 -1.87468E-01
4.69799E-01 -1.86000E-01 -4.59335E-07 -1.85489E-01
5.36913E-01 -1.84000E-01 -4.40598E-07 -1.83358E-01
6.04027E-01 -1.82000E-01 -4.22630E-07 -1.81531E-01
6.71141E-01 -1.80000E-01 -4.03125E-07 -1.79552E-01
7.38255E-01 -1.78000E-01 -3.88995E-07 -1.77421E-01
8.05369E-01 -1.76000E-01 -3.71948E-07 -1.75442E-01
8.72483E-01 -1.74000E-01 -3.57051E-07 -1.73616E-01
9.39597E-01 -1.72000E-01 -3.45225E-07 -1.71637E-01
1.00671E+00 -1.70000E-01 -3.28638E-07 -1.69658E-01
1.07383E+00 -1.68000E-01 -3.16352E-07 -1.67679E-01
1.14094E+00 -1.66000E-01 -3.05601E-07 -1.65700E-01
1.20805E+00 -1.64000E-01 -2.90243E-07 -1.63721E-01
1.27517E+00 -1.62000E-01 -2.79953E-07 -1.61743E-01
1.34228E+00 -1.60000E-01 -2.69049E-07 -1.59764E-01
1.40940E+00 -1.58000E-01 -2.55841E-07 -1.57633E-01
1.47651E+00 -1.56000E-01 -2.46166E-07 -1.55654E-01
1.54362E+00 -1.54000E-01 -2.36029E-07 -1.53675E-01
1.61074E+00 -1.52000E-01 -2.24511E-07 -1.51696E-01
1.67785E+00 -1.50000E-01 -2.15603E-07 -1.49717E-01
1.74497E+00 -1.48000E-01 -2.05774E-07 -1.47586E-01
1.81208E+00 -1.46000E-01 -1.95638E-07 -1.45607E-01
1.87919E+00 -1.44000E-01 -1.87037E-07 -1.43628E-01
1.94631E+00 -1.42000E-01 -1.77515E-07 -1.41649E-01
2.01342E+00 -1.40000E-01 -1.68915E-07 -1.39670E-01
2.08054E+00 -1.38000E-01 -1.60007E-07 -1.37539E-01
2.14765E+00 -1.36000E-01 -1.51867E-07 -1.35561E-01
2.21477E+00 -1.34000E-01 -1.43267E-07 -1.33582E-01
2.28188E+00 -1.32000E-01 -1.34820E-07 -1.31603E-01
2.34899E+00 -1.30000E-01 -1.27448E-07 -1.29624E-01
2.41611E+00 -1.28000E-01 -1.19462E-07 -1.27493E-01
2.48322E+00 -1.26000E-01 -1.10554E-07 -1.25514E-01
2.55034E+00 -1.24000E-01 -1.05179E-07 -1.23687E-01
2.61745E+00 -1.22000E-01 -9.79606E-08 -1.21708E-01
2.68456E+00 -1.20000E-01 -8.79779E-08 -1.19577E-01
2.75168E+00 -1.18000E-01 -8.41384E-08 -1.17598E-01
2.81879E+00 -1.16000E-01 -7.44628E-08 -1.15620E-01
2.88591E+00 -1.14000E-01 -6.66302E-08 -1.13641E-01
2.95302E+00 -1.12000E-01 -6.27907E-08 -1.11510E-01
3.02013E+00 -1.10000E-01 -5.35759E-08 -1.09531E-01
3.08725E+00 -1.08000E-01 -4.69719E-08 -1.07552E-01
3.15436E+00 -1.06000E-01 -4.31324E-08 -1.05573E-01
3.22148E+00 -1.04000E-01 -3.82178E-08 -1.03594E-01
3.28859E+00 -1.02000E-01 -3.05388E-08 -1.01615E-01
3.35570E+00 -1.00000E-01 -2.37813E-08 -9.94842E-02
3.42282E+00 -9.80000E-02 -1.51808E-08 -9.75053E-02
3.48993E+00 -9.60000E-02 -1.10341E-08 -9.55264E-02
3.55705E+00 -9.40000E-02 -5.19805E-09 -9.36998E-02
3.62416E+00 -9.20000E-02 2.32739E-09  -9.15687E-02
3.69128E+00 -9.00000E-02 6.01332E-09  -8.95898E-02
3.75839E+00 -8.80000E-02 1.27709E-08  -8.76109E-02
3.82550E+00 -8.60000E-02 1.93748E-08  -8.56321E-02
3.89262E+00 -8.40000E-02 2.24464E-08  -8.36532E-02
3.95973E+00 -8.20000E-02 2.96647E-08  -8.16743E-02
4.02685E+00 -8.00000E-02 3.47329E-08  -7.95432E-02
4.09396E+00 -7.80000E-02 3.88795E-08  -7.75643E-02
4.16107E+00 -7.60000E-02 4.56371E-08  -7.55855E-02
4.22819E+00 -7.40000E-02 5.00909E-08  -7.36066E-02
4.29530E+00 -7.20000E-02 5.50055E-08  -7.14755E-02
4.36242E+00 -7.00000E-02 6.14558E-08  -6.94966E-02
4.42953E+00 -6.80000E-02 6.56025E-08  -6.75178E-02
4.49664E+00 -6.60000E-02 7.11314E-08  -6.55389E-02
4.56376E+00 -6.40000E-02 7.61996E-08  -6.35600E-02
4.63087E+00 -6.20000E-02 8.04998E-08  -6.15811E-02
4.69799E+00 -6.00000E-02 8.57215E-08  -5.94500E-02
4.76510E+00 -5.80000E-02 9.03290E-08  -5.74712E-02
4.83221E+00 -5.60000E-02 9.43220E-08  -5.54923E-02
4.89933E+00 -5.40000E-02 1.00005E-07  -5.35134E-02
4.96644E+00 -5.20000E-02 1.03537E-07  -5.15346E-02
5.03356E+00 -5.00000E-02 1.08605E-07  -4.95557E-02
5.10067E+00 -4.80000E-02 1.14287E-07  -4.74246E-02
5.16779E+00 -4.60000E-02 1.17513E-07  -4.55979E-02
5.23490E+00 -4.40000E-02 1.23349E-07  -4.34668E-02
5.30201E+00 -4.20000E-02 1.27803E-07  -4.16402E-02
5.36913E+00 -4.00000E-02 1.30567E-07  -3.95091E-02
5.43624E+00 -3.80000E-02 1.37017E-07  -3.75302E-02
5.50336E+00 -3.60000E-02 1.39935E-07  -3.55514E-02
5.57047E+00 -3.40000E-02 1.43621E-07  -3.34203E-02
5.63758E+00 -3.20000E-02 1.50379E-07  -3.14414E-02
5.70470E+00 -3.00000E-02 1.52222E-07  -2.94625E-02
5.77181E+00 -2.80000E-02 1.56369E-07  -2.74836E-02
5.83893E+00 -2.60000E-02 1.63280E-07  -2.55048E-02
5.90604E+00 -2.40000E-02 1.64508E-07  -2.35259E-02
5.97315E+00 -2.20000E-02 1.70037E-07  -2.15470E-02
6.04027E+00 -2.00000E-02 1.75412E-07  -1.94159E-02
6.10738E+00 -1.80000E-02 1.77102E-07  -1.75893E-02
6.17450E+00 -1.60000E-02 1.82477E-07  -1.57626E-02
6.24161E+00 -1.40000E-02 1.86931E-07  -1.37838E-02
6.30872E+00 -1.20000E-02 1.88928E-07  -1.18049E-02
6.37584E+00 -1.00000E-02 1.94764E-07  -9.67379E-03
6.44295E+00 -8.00000E-03 1.98296E-07  -7.69492E-03
6.51007E+00 -6.00000E-03 2.01368E-07  -5.86827E-03
6.57718E+00 -4.00000E-03 2.06743E-07  -3.73718E-03
6.64430E+00 -2.00000E-03 2.10275E-07  -1.75830E-03
6.71141E+00 4.16063E-18  2.13654E-07  2.20568E-04 
6.77852E+00 2.00000E-03  2.18108E-07  2.19944E-03 
6.84564E+00 4.00000E-03  2.21640E-07  4.33053E-03 
6.91275E+00 6.00000E-03  2.25940E-07  6.30941E-03 
6.97987E+00 8.00000E-03  2.29012E-07  8.44050E-03 
7.04698E+00 1.00000E-02  2.33005E-07  1.02672E-02 
7.11409E+00 1.20000E-02  2.37459E-07  1.22460E-02 
7.18121E+00 1.40000E-02  2.40070E-07  1.42249E-02 
7.24832E+00 1.60000E-02  2.44984E-07  1.63560E-02 
7.31544E+00 1.80000E-02  2.48670E-07  1.83349E-02 
7.38255E+00 2.00000E-02  2.51281E-07  2.03137E-02 
7.44966E+00 2.20000E-02  2.57271E-07  2.22926E-02 
7.51678E+00 2.40000E-02  2.59728E-07  2.42715E-02 
7.58389E+00 2.60000E-02  2.62646E-07  2.62504E-02 
7.65101E+00 2.80000E-02  2.68329E-07  2.83814E-02 
7.71812E+00 3.00000E-02  2.70325E-07  3.03603E-02 
7.78523E+00 3.20000E-02  2.72936E-07  3.21870E-02 
7.85235E+00 3.40000E-02  2.80154E-07  3.43181E-02 
7.91946E+00 3.60000E-02  2.80615E-07  3.62969E-02 
7.98658E+00 3.80000E-02  2.84147E-07  3.82758E-02 
8.05369E+00 4.00000E-02  2.91212E-07  4.04069E-02 
8.12081E+00 4.20000E-02  2.91673E-07  4.23858E-02 
8.18792E+00 4.40000E-02  2.96127E-07  4.43646E-02 
8.25503E+00 4.60000E-02  3.02423E-07  4.63435E-02 
8.32215E+00 4.80000E-02  3.02116E-07  4.84746E-02 
8.38926E+00 5.00000E-02  3.07799E-07  5.04535E-02 
8.45638E+00 5.20000E-02  3.12099E-07  5.24324E-02 
8.52349E+00 5.40000E-02  3.12867E-07  5.44112E-02 
8.59060E+00 5.60000E-02  3.18242E-07  5.63901E-02 
8.65772E+00 5.80000E-02  3.22082E-07  5.83690E-02 
8.72483E+00 6.00000E-02  3.23925E-07  6.03478E-02 
8.79195E+00 6.20000E-02  3.29761E-07  6.23267E-02 
8.85906E+00 6.40000E-02  3.32679E-07  6.43056E-02 
8.92617E+00 6.60000E-02  3.36058E-07  6.62845E-02 
8.99329E+00 6.80000E-02  3.40204E-07  6.84156E-02 
9.06040E+00 7.00000E-02  3.43276E-07  7.02422E-02 
9.12752E+00 7.20000E-02  3.46655E-07  7.22211E-02 
9.19463E+00 7.40000E-02  3.50648E-07  7.43522E-02 
9.26174E+00 7.60000E-02  3.53259E-07  7.63310E-02 
9.32886E+00 7.80000E-02  3.57559E-07  7.83099E-02 
9.39597E+00 8.00000E-02  3.60784E-07  8.02888E-02 
9.46309E+00 8.20000E-02  3.64470E-07  8.24199E-02 
9.53020E+00 8.40000E-02  3.68924E-07  8.43988E-02 
9.59732E+00 8.60000E-02  3.71227E-07  8.63776E-02 
9.66443E+00 8.80000E-02  3.75988E-07  8.83565E-02 
9.73154E+00 9.00000E-02  3.80135E-07  9.03354E-02 
9.79866E+00 9.20000E-02  3.81825E-07  9.23142E-02 
9.86577E+00 9.40000E-02  3.87507E-07  9.44453E-02 
9.93289E+00 9.60000E-02  3.89964E-07  9.64242E-02 
1.00000E+01 9.80000E-02  3.92268E-07  9.84031E-02 
1.00671E+01 1.00000E-01  3.97490E-07  1.00382E-01 
1.01342E+01 1.02000E-01  3.99947E-07  1.02361E-01 
1.02013E+01 1.04000E-01  4.03326E-07  1.04340E-01 
1.02685E+01 1.06000E-01  4.08240E-07  1.06319E-01 
1.03356E+01 1.08000E-01  4.10851E-07  1.08450E-01 
1.04027E+01 1.10000E-01  4.15612E-07  1.10276E-01 
1.04698E+01 1.12000E-01  4.18530E-07  1.12407E-01 
1.05369E+01 1.14000E-01  4.21755E-07  1.14386E-01 
1.06040E+01 1.16000E-01  4.27284E-07  1.16365E-01 
1.06711E+01 1.18000E-01  4.28513E-07  1.18496E-01 
1.07383E+01 1.20000E-01  4.32045E-07  1.20475E-01 
1.08054E+01 1.22000E-01  4.38956E-07  1.22454E-01 
1.08725E+01 1.24000E-01  4.38189E-07  1.24433E-01 
1.09396E+01 1.26000E-01  4.43717E-07  1.26564E-01 
1.10067E+01 1.28000E-01  4.50782E-07  1.28391E-01 
1.10738E+01 1.30000E-01  4.49093E-07  1.30369E-01 
1.11409E+01 1.32000E-01  4.55850E-07  1.32348E-01 
1.12081E+01 1.34000E-01  4.62608E-07  1.34479E-01 
1.12752E+01 1.36000E-01  4.60765E-07  1.36458E-01 
1.13423E+01 1.38000E-01  4.68905E-07  1.38285E-01 
1.14094E+01 1.40000E-01  4.73051E-07  1.40264E-01 
1.14765E+01 1.42000E-01  4.70594E-07  1.42091E-01 
1.15436E+01 1.44000E-01  4.81498E-07  1.44222E-01 
1.16107E+01 1.46000E-01  4.82573E-07  1.46200E-01 
1.16779E+01 1.48000E-01  4.82113E-07  1.48179E-01 
1.17450E+01 1.50000E-01  4.94092E-07  1.50158E-01 
1.18121E+01 1.52000E-01  4.93631E-07  1.52137E-01 
1.18792E+01 1.54000E-01  4.95628E-07  1.54268E-01 
1.19463E+01 1.56000E-01  5.05150E-07  1.56247E-01 
1.20134E+01 1.58000E-01  5.07300E-07  1.58226E-01 
1.20805E+01 1.60000E-01  5.08221E-07  1.60357E-01 
1.21477E+01 1.62000E-01  5.16207E-07  1.62336E-01 
1.22148E+01 1.64000E-01  5.16207E-07  1.64315E-01 
1.22819E+01 1.66000E-01  5.21736E-07  1.66294E-01 
1.23490E+01 1.68000E-01  5.26804E-07  1.68273E-01 
1.24161E+01 1.70000E-01  5.29415E-07  1.70251E-01 
1.24832E+01 1.72000E-01  5.35251E-07  1.72230E-01 
1.25503E+01 1.74000E-01  5.38016E-07  1.74209E-01 
1.26174E+01 1.76000E-01  5.43237E-07  1.76188E-01 
1.26846E+01 1.78000E-01  5.49227E-07  1.78167E-01 
1.27517E+01 1.80000E-01  5.51377E-07  1.80298E-01 
1.28188E+01 1.82000E-01  5.57367E-07  1.82277E-01 
1.28859E+01 1.84000E-01  5.59978E-07  1.84256E-01 
1.29530E+01 1.86000E-01  5.62281E-07  1.86235E-01 
1.30201E+01 1.88000E-01  5.70728E-07  1.88213E-01 
1.30872E+01 1.90000E-01  5.72725E-07  1.90192E-01 
1.31544E+01 1.92000E-01  5.75489E-07  1.92323E-01 
1.32215E+01 1.94000E-01  5.82554E-07  1.94302E-01 
1.32886E+01 1.96000E-01  5.84243E-07  1.96281E-01 
1.33557E+01 1.98000E-01  5.91308E-07  1.98260E-01 
1.34228E+01 2.00000E-01  5.96991E-07  2.00239E-01 
1.34899E+01 2.02000E-01  5.96376E-07  2.02370E-01 
1.35570E+01 2.04000E-01  6.05898E-07  2.04349E-01 
1.36242E+01 2.06000E-01  6.09277E-07  2.06328E-01 
1.36913E+01 2.08000E-01  6.09584E-07  2.08307E-01 
1.37584E+01 2.10000E-01  6.19874E-07  2.10285E-01 
1.38255E+01 2.12000E-01  6.20642E-07  2.12264E-01 
1.38926E+01 2.14000E-01  6.22639E-07  2.14395E-01 
1.39597E+01 2.16000E-01  6.33236E-07  2.16222E-01 
1.40268E+01 2.18000E-01  6.32007E-07  2.18201E-01 
1.40940E+01 2.20000E-01  6.37382E-07  2.20180E-01 
1.41611E+01 2.22000E-01  6.48286E-07  2.22311E-01 
1.42282E+01 2.24000E-01  6.45829E-07  2.24290E-01 
1.42953E+01 2.26000E-01  6.53662E-07  2.26269E-01 
1.43624E+01 2.28000E-01  6.60726E-07  2.28248E-01 
1.44295E+01 2.30000E-01  6.58116E-07  2.30226E-01 
1.44966E+01 2.32000E-01  6.67945E-07  2.32205E-01 
1.45638E+01 2.34000E-01  6.71631E-07  2.34336E-01 
1.46309E+01 2.36000E-01  6.72399E-07  2.36315E-01 
1.46980E+01 2.38000E-01  6.81767E-07  2.38294E-01 
1.47651E+01 2.40000E-01  6.82074E-07  2.40273E-01 
1.48322E+01 2.42000E-01  6.87142E-07  2.42404E-01 
1.48993E+01 2.44000E-01  6.96050E-07  2.44383E-01 
1.49664E+01 2.46000E-01  6.98968E-07  2.46210E-01 
1.50336E+01 2.48000E-01  7.02654E-07  2.48341E-01 
1.51007E+01 2.50000E-01  7.09565E-07  2.50320E-01 
1.51678E+01 2.52000E-01  7.11408E-07  2.52298E-01 
1.52349E+01 2.54000E-01  7.17090E-07  2.54277E-01 
1.53020E+01 2.56000E-01  7.19855E-07  2.56256E-01 
1.53691E+01 2.58000E-01  7.25998E-07  2.58387E-01 
1.54362E+01 2.60000E-01  7.30606E-07  2.60366E-01 
1.55034E+01 2.62000E-01  7.31220E-07  2.62345E-01 
1.55705E+01 2.64000E-01  7.38899E-07  2.64324E-01 
1.56376E+01 2.66000E-01  7.44581E-07  2.66303E-01 
1.57047E+01 2.68000E-01  7.43353E-07  2.68282E-01 
1.57718E+01 2.70000E-01  7.54411E-07  2.70261E-01 
1.58389E+01 2.72000E-01  7.55946E-07  2.72392E-01 
1.59060E+01 2.74000E-01  7.54871E-07  2.74371E-01 
1.59732E+01 2.76000E-01  7.68079E-07  2.76349E-01 
1.60403E+01 2.78000E-01  7.65161E-07  2.78480E-01 
1.61074E+01 2.80000E-01  7.67311E-07  2.80459E-01 
1.61745E+01 2.82000E-01  7.79905E-07  2.82438E-01 
1.62416E+01 2.84000E-01  7.74683E-07  2.84417E-01 
1.63087E+01 2.86000E-01  7.80058E-07  2.86396E-01 
1.63758E+01 2.88000E-01  7.91731E-07  2.88375E-01 
1.64430E+01 2.90000E-01  7.86355E-07  2.90354E-01 
1.65101E+01 2.92000E-01  7.92959E-07  2.92333E-01 
1.65772E+01 2.94000E-01  8.02481E-07  2.94311E-01 
1.66443E+01 2.96000E-01  7.96338E-07  2.96290E-01 
1.67114E+01 2.98000E-01  8.04785E-07  2.98421E-01 
1.67785E+01 3.00000E-01  8.10467E-07  3.00400E-01 
1.68456E+01 3.02000E-01  8.05860E-07  3.02379E-01 
1.69128E+01 3.04000E-01  8.16457E-07  3.04358E-01 
1.69799E+01 3.06000E-01  8.19221E-07  3.06337E-01 
1.70470E+01 3.08000E-01  8.16918E-07  3.08316E-01 
1.71141E+01 3.10000E-01  8.25672E-07  3.10295E-01 
1.71812E+01 3.12000E-01  8.28283E-07  3.12274E-01 
1.72483E+01 3.14000E-01  8.28129E-07  3.14405E-01 
1.73154E+01 3.16000E-01  8.33658E-07  3.16384E-01 
1.73826E+01 3.18000E-01  8.35655E-07  3.18362E-01 
1.74497E+01 3.20000E-01  8.38112E-07  3.20493E-01 
1.75168E+01 3.22000E-01  8.39801E-07  3.22472E-01 
1.75839E+01 3.24000E-01  8.42719E-07  3.24299E-01 
1.76510E+01 3.26000E-01  8.46712E-07  3.26430E-01 
1.77181E+01 3.28000E-01  8.45944E-07  3.28409E-01 
1.77852E+01 3.30000E-01  8.52088E-07  3.30388E-01 
1.78523E+01 3.32000E-01  8.55006E-07  3.32367E-01 
1.79195E+01 3.34000E-01  8.53163E-07  3.34346E-01 
1.79866E+01 3.36000E-01  8.61610E-07  3.36324E-01 
1.80537E+01 3.38000E-01  8.61149E-07  3.38456E-01 
1.81208E+01 3.40000E-01  8.60074E-07  3.40434E-01 
1.81879E+01 3.42000E-01  8.68214E-07  3.42413E-01 
1.82550E+01 3.44000E-01  8.65756E-07  3.44240E-01 
1.83221E+01 3.46000E-01  8.65910E-07  3.46371E-01 
1.83893E+01 3.48000E-01  8.74357E-07  3.48350E-01 
1.84564E+01 3.50000E-01  8.70671E-07  3.50481E-01 
1.85235E+01 3.52000E-01  8.72514E-07  3.52460E-01 
1.85906E+01 3.54000E-01  8.79886E-07  3.54439E-01 
1.86577E+01 3.56000E-01  8.74664E-07  3.56418E-01 
1.87248E+01 3.58000E-01  8.79271E-07  3.58396E-01 
1.87919E+01 3.60000E-01  8.84493E-07  3.60528E-01 
1.88591E+01 3.62000E-01  8.79732E-07  3.62506E-01 
1.89262E+01 3.64000E-01  8.86336E-07  3.64485E-01 
1.89933E+01 3.66000E-01  8.88179E-07  3.66464E-01 
1.90604E+01 3.68000E-01  8.84954E-07  3.68443E-01 
1.91275E+01 3.70000E-01  8.92019E-07  3.70422E-01 
1.91946E+01 3.72000E-01  8.90329E-07  3.72401E-01 
1.92617E+01 3.74000E-01  8.91865E-07  3.74380E-01 
1.93289E+01 3.76000E-01  8.97855E-07  3.76359E-01 
1.93960E+01 3.78000E-01  8.94937E-07  3.78337E-01 
1.94631E+01 3.80000E-01  8.98469E-07  3.80469E-01 
1.95302E+01 3.82000E-01  9.03383E-07  3.82295E-01 
1.95973E+01 3.84000E-01  8.98776E-07  3.84426E-01 
1.96644E+01 3.86000E-01  9.05534E-07  3.86405E-01 
1.97315E+01 3.88000E-01  9.07684E-07  3.88384E-01 
1.97987E+01 3.90000E-01  9.02769E-07  3.90363E-01 
1.98658E+01 3.92000E-01  9.11984E-07  3.92494E-01 
1.99329E+01 3.94000E-01  9.11677E-07  3.94473E-01 
2.00000E+01 3.96000E-01  9.07684E-07  3.96452E-01 
2.00671E+01 3.98000E-01  9.17052E-07  3.98431E-01 
2.01342E+01 4.00000E-01  9.16284E-07  4.00562E-01 
2.02013E+01 4.02000E-01  9.14134E-07  4.02388E-01 
2.02685E+01 4.04000E-01  9.22735E-07  4.04367E-01 
2.03356E+01 4.06000E-01  9.20892E-07  4.06346E-01 
2.04027E+01 4.08000E-01  9.21967E-07  4.08477E-01 
2.04698E+01 4.10000E-01  9.27649E-07  4.10456E-01 
2.05369E+01 4.12000E-01  9.27342E-07  4.12435E-01 
2.06040E+01 4.14000E-01  9.28110E-07  4.14414E-01 
2.06711E+01 4.16000E-01  9.31028E-07  4.16393E-01 
2.07383E+01 4.18000E-01  9.33332E-07  4.18524E-01 
2.08054E+01 4.20000E-01  9.33946E-07  4.20503E-01 
2.08725E+01 4.22000E-01  9.38400E-07  4.22329E-01 
2.09396E+01 4.24000E-01  9.39628E-07  4.24460E-01 
2.10067E+01 4.26000E-01  9.40089E-07  4.26439E-01 
2.10738E+01 4.28000E-01  9.43775E-07  4.28570E-01 
2.11409E+01 4.30000E-01  9.45772E-07  4.30549E-01 
2.12081E+01 4.32000E-01  9.47000E-07  4.32528E-01 
2.12752E+01 4.34000E-01  9.49150E-07  4.34507E-01 
2.13423E+01 4.36000E-01  9.52990E-07  4.36486E-01 
2.14094E+01 4.38000E-01  9.52222E-07  4.38617E-01 
2.14765E+01 4.40000E-01  9.54372E-07  4.40444E-01 
2.15436E+01 4.42000E-01  9.59594E-07  4.42575E-01 
2.16107E+01 4.44000E-01  9.58058E-07  4.44554E-01 
2.16779E+01 4.46000E-01  9.61744E-07  4.46532E-01 
2.17450E+01 4.48000E-01  9.66351E-07  4.48511E-01 
2.18121E+01 4.50000E-01  9.64355E-07  4.50338E-01 
2.18792E+01 4.52000E-01  9.69730E-07  4.52317E-01 
2.19463E+01 4.54000E-01  9.72648E-07  4.54296E-01 
2.20134E+01 4.56000E-01  9.71880E-07  4.56275E-01 
2.20805E+01 4.58000E-01  9.77870E-07  4.58253E-01 
2.21477E+01 4.60000E-01  9.78177E-07  4.60232E-01 
2.22148E+01 4.62000E-01  9.78791E-07  4.62211E-01 
2.22819E+01 4.64000E-01  9.84628E-07  4.64342E-01 
2.23490E+01 4.66000E-01  9.85703E-07  4.66321E-01 
2.24161E+01 4.68000E-01  9.87085E-07  4.68300E-01 
2.24832E+01 4.70000E-01  9.93228E-07  4.70279E-01 
2.25503E+01 4.72000E-01  9.93228E-07  4.72258E-01 
2.26174E+01 4.74000E-01  9.97068E-07  4.74237E-01 
2.26846E+01 4.76000E-01  1.00183E-06  4.76368E-01 
2.27517E+01 4.78000E-01  1.00152E-06  4.78347E-01 
2.28188E+01 4.80000E-01  1.00582E-06  4.80173E-01 
2.28859E+01 4.82000E-01  1.00935E-06  4.82304E-01 
2.29530E+01 4.84000E-01  1.00935E-06  4.84283E-01 
2.30201E+01 4.86000E-01  1.01534E-06  4.86262E-01 
2.30872E+01 4.88000E-01  1.01842E-06  4.88393E-01 
2.31544E+01 4.90000E-01  1.01934E-06  4.90220E-01 
2.32215E+01 4.92000E-01  1.02471E-06  4.92351E-01 
2.32886E+01 4.94000E-01  1.02794E-06  4.94330E-01 
2.33557E+01 4.96000E-01  1.03132E-06  4.96309E-01 
2.34228E+01 4.98000E-01  1.03715E-06  4.98288E-01 
2.34899E+01 5.00000E-01  1.03807E-06  5.00266E-01 
2.35570E+01 4.98000E-01  9.29185E-07  4.98440E-01 
2.36242E+01 4.96000E-01  8.79118E-07  4.96461E-01 
2.36913E+01 4.94000E-01  8.40569E-07  4.94482E-01 
2.37584E+01 4.92000E-01  8.08932E-07  4.92351E-01 
2.38255E+01 4.90000E-01  7.79137E-07  4.90372E-01 
2.38926E+01 4.88000E-01  7.53335E-07  4.88545E-01 
2.39597E+01 4.86000E-01  7.29531E-07  4.86414E-01 
2.40268E+01 4.84000E-01  7.04958E-07  4.84435E-01 
2.40940E+01 4.82000E-01  6.84992E-07  4.82457E-01 
2.41611E+01 4.80000E-01  6.65334E-07  4.80478E-01 
2.42282E+01 4.78000E-01  6.43525E-07  4.78499E-01 
2.42953E+01 4.76000E-01  6.27092E-07  4.76520E-01 
2.43624E+01 4.74000E-01  6.08509E-07  4.74389E-01 
2.44295E+01 4.72000E-01  5.88544E-07  4.72410E-01 
2.44966E+01 4.70000E-01  5.75489E-07  4.70431E-01 
2.45638E+01 4.68000E-01  5.55831E-07  4.68452E-01 
2.46309E+01 4.66000E-01  5.38477E-07  4.66473E-01 
2.46980E+01 4.64000E-01  5.26958E-07  4.64342E-01 
2.47651E+01 4.62000E-01  5.08221E-07  4.62363E-01 
2.48322E+01 4.60000E-01  4.93324E-07  4.60385E-01 
2.48993E+01 4.58000E-01  4.83034E-07  4.58558E-01 
2.49664E+01 4.56000E-01  4.65065E-07  4.56427E-01 
2.50336E+01 4.54000E-01  4.52625E-07  4.54448E-01 
2.51007E+01 4.52000E-01  4.42028E-07  4.52469E-01 
2.51678E+01 4.50000E-01  4.24981E-07  4.50338E-01 
2.52349E+01 4.48000E-01  4.13308E-07  4.48664E-01 
2.53020E+01 4.46000E-01  4.02097E-07  4.46685E-01 
2.53691E+01 4.44000E-01  3.85357E-07  4.44706E-01 
2.54362E+01 4.42000E-01  3.75374E-07  4.42575E-01 
2.55034E+01 4.40000E-01  3.64470E-07  4.40596E-01 
2.55705E+01 4.38000E-01  3.49726E-07  4.38769E-01 
2.56376E+01 4.36000E-01  3.40819E-07  4.36638E-01 
2.57047E+01 4.34000E-01  3.28993E-07  4.34659E-01 
2.57718E+01 4.32000E-01  3.16092E-07  4.32680E-01 
2.58389E+01 4.30000E-01  3.06109E-07  4.30701E-01 
2.59060E+01 4.28000E-01  2.94898E-07  4.28570E-01 
2.59732E+01 4.26000E-01  2.84147E-07  4.26591E-01 
2.60403E+01 4.24000E-01  2.72629E-07  4.24613E-01 
2.61074E+01 4.22000E-01  2.62339E-07  4.22482E-01 
2.61745E+01 4.20000E-01  2.51588E-07  4.20655E-01 
2.62416E+01 4.18000E-01  2.40223E-07  4.18676E-01 
2.63087E+01 4.16000E-01  2.30855E-07  4.16545E-01 
2.63758E+01 4.14000E-01  2.20565E-07  4.14566E-01 
2.64430E+01 4.12000E-01  2.08893E-07  4.12587E-01 
2.65101E+01 4.10000E-01  2.01521E-07  4.10608E-01 
2.65772E+01 4.08000E-01  1.90310E-07  4.08629E-01 
2.66443E+01 4.06000E-01  1.78484E-07  4.06651E-01 
2.67114E+01 4.04000E-01  1.72034E-07  4.04519E-01 
2.67785E+01 4.02000E-01  1.60054E-07  4.02541E-01 
2.68456E+01 4.00000E-01  1.48536E-07  4.00562E-01 
2.69128E+01 3.98000E-01  1.44236E-07  3.98583E-01 
2.69799E+01 3.96000E-01  1.30721E-07  3.96604E-01 
2.70470E+01 3.94000E-01  1.19663E-07  3.94625E-01 
2.71141E+01 3.92000E-01  1.15977E-07  3.92646E-01 
2.71812E+01 3.90000E-01  1.01233E-07  3.90667E-01 
2.72483E+01 3.88000E-01  9.20183E-08  3.88536E-01 
2.73154E+01 3.86000E-01  8.84860E-08  3.86557E-01 
2.73826E+01 3.84000E-01  7.32815E-08  3.84426E-01 
2.74497E+01 3.82000E-01  6.65240E-08  3.82447E-01 
2.75168E+01 3.80000E-01  6.06879E-08  3.80621E-01 
2.75839E+01 3.78000E-01  4.59442E-08  3.78490E-01 
2.76510E+01 3.76000E-01  3.99546E-08  3.76511E-01 
2.77181E+01 3.74000E-01  3.24291E-08  3.74532E-01 
2.77852E+01 3.72000E-01  1.82998E-08  3.72401E-01 
2.78523E+01 3.70000E-01  1.38459E-08  3.70574E-01 
2.79195E+01 3.68000E-01  3.86320E-09  3.68595E-01 
2.79866E+01 3.66000E-01  -7.04101E-09 3.66616E-01 
2.80537E+01 3.64000E-01  -1.18020E-08 3.64485E-01 
2.81208E+01 3.62000E-01  -2.19383E-08 3.62506E-01 
2.81879E+01 3.60000E-01  -3.17675E-08 3.60680E-01 
2.82550E+01 3.58000E-01  -3.74499E-08 3.58549E-01 
2.83221E+01 3.56000E-01  -4.91220E-08 3.56570E-01 
2.83893E+01 3.54000E-01  -5.69546E-08 3.54591E-01 
2.84564E+01 3.52000E-01  -6.38658E-08 3.52612E-01 
2.85235E+01 3.50000E-01  -7.70737E-08 3.50481E-01 
2.85906E+01 3.48000E-01  -8.10668E-08 3.48502E-01 
2.86577E+01 3.46000E-01  -9.10495E-08 3.46523E-01 
2.87248E+01 3.44000E-01  -1.03182E-07 3.44544E-01 
2.87919E+01 3.42000E-01  -1.05179E-07 3.42566E-01 
2.88591E+01 3.40000E-01  -1.17158E-07 3.40587E-01 
2.89262E+01 3.38000E-01  -1.28830E-07 3.38608E-01 
2.89933E+01 3.36000E-01  -1.29598E-07 3.36477E-01 
2.90604E+01 3.34000E-01  -1.42192E-07 3.34498E-01 
2.91275E+01 3.32000E-01  -1.52942E-07 3.32519E-01 
2.91946E+01 3.30000E-01  -1.54171E-07 3.30540E-01 
2.92617E+01 3.28000E-01  -1.66304E-07 3.28561E-01 
2.93289E+01 3.26000E-01  -1.76747E-07 3.26582E-01 
2.93960E+01 3.24000E-01  -1.80894E-07 3.24451E-01 
2.94631E+01 3.22000E-01  -1.90416E-07 3.22625E-01 
2.95302E+01 3.20000E-01  -2.00399E-07 3.20493E-01 
2.95973E+01 3.18000E-01  -2.04699E-07 3.18515E-01 
2.96644E+01 3.16000E-01  -2.12992E-07 3.16536E-01 
2.97315E+01 3.14000E-01  -2.23282E-07 3.14557E-01 
2.97987E+01 3.12000E-01  -2.28811E-07 3.12578E-01 
2.98658E+01 3.10000E-01  -2.32804E-07 3.10447E-01 
2.99329E+01 3.08000E-01  -2.46473E-07 3.08468E-01 
3.00000E+01 3.06000E-01  -2.51848E-07 3.06489E-01 
3.00671E+01 3.04000E-01  -2.53845E-07 3.04510E-01 
3.01342E+01 3.02000E-01  -2.71506E-07 3.02531E-01 
3.02013E+01 3.00000E-01  -2.75807E-07 3.00553E-01 
3.02685E+01 2.98000E-01  -2.75346E-07 2.98421E-01 
3.03356E+01 2.96000E-01  -2.93008E-07 2.96443E-01 
3.04027E+01 2.94000E-01  -2.93315E-07 2.94464E-01 
3.04698E+01 2.92000E-01  -2.96079E-07 2.92485E-01 
3.05369E+01 2.90000E-01  -3.14816E-07 2.90506E-01 
3.06040E+01 2.88000E-01  -3.12052E-07 2.88527E-01 
3.06711E+01 2.86000E-01  -3.16813E-07 2.86548E-01 
3.07383E+01 2.84000E-01  -3.33706E-07 2.84569E-01 
3.08054E+01 2.82000E-01  -3.30174E-07 2.82590E-01 
3.08725E+01 2.80000E-01  -3.38007E-07 2.80612E-01 
3.09396E+01 2.78000E-01  -3.52136E-07 2.78480E-01 
3.10067E+01 2.76000E-01  -3.49372E-07 2.76502E-01 
3.10738E+01 2.74000E-01  -3.57665E-07 2.74523E-01 
3.11409E+01 2.72000E-01  -3.70566E-07 2.72392E-01 
3.12081E+01 2.70000E-01  -3.67955E-07 2.70413E-01 
3.12752E+01 2.68000E-01  -3.79166E-07 2.68434E-01 
3.13423E+01 2.66000E-01  -3.84849E-07 2.66455E-01 
3.14094E+01 2.64000E-01  -3.82238E-07 2.64476E-01 
3.14765E+01 2.62000E-01  -3.96828E-07 2.62497E-01 
3.15436E+01 2.60000E-01  -3.98210E-07 2.60366E-01 
3.16107E+01 2.58000E-01  -4.02357E-07 2.58387E-01 
3.16779E+01 2.56000E-01  -4.12954E-07 2.56408E-01 
3.17450E+01 2.54000E-01  -4.13108E-07 2.54430E-01 
3.18121E+01 2.52000E-01  -4.19251E-07 2.52451E-01 
3.18792E+01 2.50000E-01  -4.28619E-07 2.50472E-01 
3.19463E+01 2.48000E-01  -4.27391E-07 2.48341E-01 
3.20134E+01 2.46000E-01  -4.35377E-07 2.46362E-01 
3.20805E+01 2.44000E-01  -4.41059E-07 2.44535E-01 
3.21477E+01 2.42000E-01  -4.40138E-07 2.42404E-01 
3.22148E+01 2.40000E-01  -4.49506E-07 2.40425E-01 
3.22819E+01 2.38000E-01  -4.51503E-07 2.38446E-01 
3.23490E+01 2.36000E-01  -4.53499E-07 2.36467E-01 
3.24161E+01 2.34000E-01  -4.62868E-07 2.34336E-01 
3.24832E+01 2.32000E-01  -4.62407E-07 2.32358E-01 
3.25503E+01 2.30000E-01  -4.69625E-07 2.30379E-01 
3.26174E+01 2.28000E-01  -4.73772E-07 2.28400E-01 
3.26846E+01 2.26000E-01  -4.74386E-07 2.26421E-01 
3.27517E+01 2.24000E-01  -4.80836E-07 2.24442E-01 
3.28188E+01 2.22000E-01  -4.83601E-07 2.22463E-01 
3.28859E+01 2.20000E-01  -4.82833E-07 2.20332E-01 
3.29530E+01 2.18000E-01  -4.92509E-07 2.18353E-01 
3.30201E+01 2.16000E-01  -4.89898E-07 2.16374E-01 
3.30872E+01 2.14000E-01  -4.93737E-07 2.14548E-01 
3.31544E+01 2.12000E-01  -5.11553E-07 2.12417E-01 
3.32215E+01 2.10000E-01  -4.97116E-07 2.10438E-01 
3.32886E+01 2.08000E-01  -5.03566E-07 2.08459E-01 
3.33557E+01 2.06000E-01  -5.11245E-07 2.06480E-01 
3.34228E+01 2.04000E-01  -5.04795E-07 2.04501E-01 
3.34899E+01 2.02000E-01  -5.13396E-07 2.02522E-01 
3.35570E+01 2.00000E-01  -5.17081E-07 2.00391E-01 
3.36242E+01 1.98000E-01  -5.09710E-07 1.98412E-01 
3.36913E+01 1.96000E-01  -5.21075E-07 1.96433E-01 
3.37584E+01 1.94000E-01  -5.19846E-07 1.94302E-01 
3.38255E+01 1.92000E-01  -5.15238E-07 1.92323E-01 
3.38926E+01 1.90000E-01  -5.26143E-07 1.90345E-01 
3.39597E+01 1.88000E-01  -5.24300E-07 1.88366E-01 
3.40268E+01 1.86000E-01  -5.21689E-07 1.86387E-01 
3.40940E+01 1.84000E-01  -5.32286E-07 1.84408E-01 
3.41611E+01 1.82000E-01  -5.28293E-07 1.82429E-01 
3.42282E+01 1.80000E-01  -5.27525E-07 1.80298E-01 
3.42953E+01 1.78000E-01  -5.36433E-07 1.78319E-01 
3.43624E+01 1.76000E-01  -5.30904E-07 1.76340E-01 
3.44295E+01 1.74000E-01  -5.32900E-07 1.74514E-01 
3.44966E+01 1.72000E-01  -5.37354E-07 1.72382E-01 
3.45638E+01 1.70000E-01  -5.34436E-07 1.70404E-01 
3.46309E+01 1.68000E-01  -5.36740E-07 1.68273E-01 
3.46980E+01 1.66000E-01  -5.37968E-07 1.66446E-01 
3.47651E+01 1.64000E-01  -5.38276E-07 1.64467E-01 
3.48322E+01 1.62000E-01  -5.40119E-07 1.62488E-01 
3.48993E+01 1.60000E-01  -5.40733E-07 1.60357E-01 
3.49664E+01 1.58000E-01  -5.43037E-07 1.58378E-01 
3.50336E+01 1.56000E-01  -5.41961E-07 1.56399E-01 
3.51007E+01 1.54000E-01  -5.43344E-07 1.54420E-01 
3.51678E+01 1.52000E-01  -5.46262E-07 1.52289E-01 
3.52349E+01 1.50000E-01  -5.43037E-07 1.50310E-01 
3.53020E+01 1.48000E-01  -5.44265E-07 1.48332E-01 
3.53691E+01 1.46000E-01  -5.49026E-07 1.46353E-01 
3.54362E+01 1.44000E-01  -5.43344E-07 1.44374E-01 
3.55034E+01 1.42000E-01  -5.47337E-07 1.42395E-01 
3.55705E+01 1.40000E-01  -5.51483E-07 1.40264E-01 
3.56376E+01 1.38000E-01  -5.45955E-07 1.38437E-01 
3.57047E+01 1.36000E-01  -5.51023E-07 1.36611E-01 
3.57718E+01 1.34000E-01  -5.53480E-07 1.34632E-01 
3.58389E+01 1.32000E-01  -5.47644E-07 1.32501E-01 
3.59060E+01 1.30000E-01  -5.54248E-07 1.30522E-01 
3.59732E+01 1.28000E-01  -5.54862E-07 1.28543E-01 
3.60403E+01 1.26000E-01  -5.49794E-07 1.26564E-01 
3.61074E+01 1.24000E-01  -5.57473E-07 1.24585E-01 
3.61745E+01 1.22000E-01  -5.55630E-07 1.22606E-01 
3.62416E+01 1.20000E-01  -5.52098E-07 1.20475E-01 
3.63087E+01 1.18000E-01  -5.59316E-07 1.18496E-01 
3.63758E+01 1.16000E-01  -5.57166E-07 1.16517E-01 
3.64430E+01 1.14000E-01  -5.56552E-07 1.14539E-01 
3.65101E+01 1.12000E-01  -5.61773E-07 1.12560E-01 
3.65772E+01 1.10000E-01  -5.59316E-07 1.10429E-01 
3.66443E+01 1.08000E-01  -5.60391E-07 1.08602E-01 
3.67114E+01 1.06000E-01  -5.63923E-07 1.06623E-01 
3.67785E+01 1.04000E-01  -5.62081E-07 1.04492E-01 
3.68456E+01 1.02000E-01  -5.63002E-07 1.02513E-01 
3.69128E+01 1.00000E-01  -5.65306E-07 1.00382E-01 
3.69799E+01 9.80000E-02  -5.64231E-07 9.85553E-02 
3.70470E+01 9.60000E-02  -5.65766E-07 9.64242E-02 
3.71141E+01 9.40000E-02  -5.67149E-07 9.44453E-02 
3.71812E+01 9.20000E-02  -5.67456E-07 9.24665E-02 
3.72483E+01 9.00000E-02  -5.69913E-07 9.04876E-02 
3.73154E+01 8.80000E-02  -5.69606E-07 8.85087E-02 
3.73826E+01 8.60000E-02  -5.72217E-07 8.65299E-02 
3.74497E+01 8.40000E-02  -5.73753E-07 8.45510E-02 
3.75168E+01 8.20000E-02  -5.72985E-07 8.25721E-02 
3.75839E+01 8.00000E-02  -5.75135E-07 8.04410E-02 
3.76510E+01 7.80000E-02  -5.76210E-07 7.84621E-02 
3.77181E+01 7.60000E-02  -5.75903E-07 7.64833E-02 
3.77852E+01 7.40000E-02  -5.78514E-07 7.45044E-02 
3.78523E+01 7.20000E-02  -5.79128E-07 7.23733E-02 
3.79195E+01 7.00000E-02  -5.79589E-07 7.03944E-02 
3.79866E+01 6.80000E-02  -5.82046E-07 6.84156E-02 
3.80537E+01 6.60000E-02  -5.82353E-07 6.64367E-02 
3.81208E+01 6.40000E-02  -5.83735E-07 6.44578E-02 
3.81879E+01 6.20000E-02  -5.85271E-07 6.24789E-02 
3.82550E+01 6.00000E-02  -5.86807E-07 6.05001E-02 
3.83221E+01 5.80000E-02  -5.86961E-07 5.85212E-02 
3.83893E+01 5.60000E-02  -5.88343E-07 5.65423E-02 
3.84564E+01 5.40000E-02  -5.90186E-07 5.45635E-02 
3.85235E+01 5.20000E-02  -5.90800E-07 5.24324E-02 
3.85906E+01 5.00000E-02  -5.91107E-07 5.04535E-02 
3.86577E+01 4.80000E-02  -5.94179E-07 4.86268E-02 
3.87248E+01 4.60000E-02  -5.92797E-07 4.64957E-02 
3.87919E+01 4.40000E-02  -5.93718E-07 4.45169E-02 
3.88591E+01 4.20000E-02  -5.98325E-07 4.25380E-02 
3.89262E+01 4.00000E-02  -5.98018E-07 4.04069E-02 
3.89933E+01 3.80000E-02  -5.97097E-07 3.85803E-02 
3.90604E+01 3.60000E-02  -6.02319E-07 3.64492E-02 
3.91275E+01 3.40000E-02  -6.00629E-07 3.44703E-02 
3.91946E+01 3.20000E-02  -6.00629E-07 3.23392E-02 
3.92617E+01 3.00000E-02  -6.06465E-07 3.05125E-02 
3.93289E+01 2.80000E-02  -6.03854E-07 2.85337E-02 
3.93960E+01 2.60000E-02  -6.04008E-07 2.64026E-02 
3.94631E+01 2.40000E-02  -6.09383E-07 2.44237E-02 
3.95302E+01 2.20000E-02  -6.06312E-07 2.24448E-02 
3.95973E+01 2.00000E-02  -6.07847E-07 2.04660E-02 
3.96644E+01 1.80000E-02  -6.12762E-07 1.84871E-02 
3.97315E+01 1.60000E-02  -6.09998E-07 1.63560E-02 
3.97987E+01 1.40000E-02  -6.12301E-07 1.45293E-02 
3.98658E+01 1.20000E-02  -6.16294E-07 1.23982E-02 
3.99329E+01 1.00000E-02  -6.13530E-07 1.04194E-02 
4.00000E+01 8.00000E-03  -6.16294E-07 8.44050E-03 
4.00671E+01 6.00000E-03  -6.18752E-07 6.46163E-03 
4.01342E+01 4.00000E-03  -6.16602E-07 4.48276E-03 
4.02013E+01 2.00000E-03  -6.19520E-07 2.35166E-03 
4.02685E+01 4.17418E-18  -6.21516E-07 5.25010E-04 
4.03356E+01 -2.00000E-03 -6.20441E-07 -1.60608E-03
4.04027E+01 -4.00000E-03 -6.23666E-07 -3.58496E-03
4.04698E+01 -6.00000E-03 -6.23666E-07 -5.56383E-03
4.05369E+01 -8.00000E-03 -6.24741E-07 -7.69492E-03
4.06040E+01 -1.00000E-02 -6.26738E-07 -9.52157E-03
4.06711E+01 -1.20000E-02 -6.27199E-07 -1.15004E-02
4.07383E+01 -1.40000E-02 -6.27813E-07 -1.36315E-02
4.08054E+01 -1.60000E-02 -6.30885E-07 -1.56104E-02
4.08725E+01 -1.80000E-02 -6.30117E-07 -1.74371E-02
4.09396E+01 -2.00000E-02 -6.31652E-07 -1.94159E-02
4.10067E+01 -2.20000E-02 -6.32881E-07 -2.12426E-02
4.10738E+01 -2.40000E-02 -6.33495E-07 -2.33737E-02
4.11409E+01 -2.60000E-02 -6.35338E-07 -2.53526E-02
4.12081E+01 -2.80000E-02 -6.35799E-07 -2.73314E-02
4.12752E+01 -3.00000E-02 -6.37181E-07 -2.93103E-02
4.13423E+01 -3.20000E-02 -6.39024E-07 -3.12892E-02
4.14094E+01 -3.40000E-02 -6.38410E-07 -3.34203E-02
4.14765E+01 -3.60000E-02 -6.41174E-07 -3.53991E-02
4.15436E+01 -3.80000E-02 -6.41942E-07 -3.73780E-02
4.16107E+01 -4.00000E-02 -6.42249E-07 -3.93569E-02
4.16779E+01 -4.20000E-02 -6.44707E-07 -4.14880E-02
4.17450E+01 -4.40000E-02 -6.45014E-07 -4.34668E-02
4.18121E+01 -4.60000E-02 -6.45321E-07 -4.54457E-02
4.18792E+01 -4.80000E-02 -6.48239E-07 -4.74246E-02
4.19463E+01 -5.00000E-02 -6.47164E-07 -4.94035E-02
4.20134E+01 -5.20000E-02 -6.49468E-07 -5.13823E-02
4.20805E+01 -5.40000E-02 -6.52079E-07 -5.33612E-02
4.21477E+01 -5.60000E-02 -6.50543E-07 -5.54923E-02
4.22148E+01 -5.80000E-02 -6.53461E-07 -5.73190E-02
4.22819E+01 -6.00000E-02 -6.55304E-07 -5.94500E-02
4.23490E+01 -6.20000E-02 -6.53461E-07 -6.14289E-02
4.24161E+01 -6.40000E-02 -6.56993E-07 -6.34078E-02
4.24832E+01 -6.60000E-02 -6.57915E-07 -6.53867E-02
4.25503E+01 -6.80000E-02 -6.57300E-07 -6.73655E-02
4.26174E+01 -7.00000E-02 -6.60526E-07 -6.93444E-02
4.26846E+01 -7.20000E-02 -6.60833E-07 -7.13233E-02
4.27517E+01 -7.40000E-02 -6.60218E-07 -7.34544E-02
4.28188E+01 -7.60000E-02 -6.64365E-07 -7.54332E-02
4.28859E+01 -7.80000E-02 -6.64211E-07 -7.75643E-02
4.29530E+01 -8.00000E-02 -6.64672E-07 -7.95432E-02
4.30201E+01 -8.20000E-02 -6.67897E-07 -8.15221E-02
4.30872E+01 -8.40000E-02 -6.67283E-07 -8.35010E-02
4.31544E+01 -8.60000E-02 -6.68358E-07 -8.54798E-02
4.32215E+01 -8.80000E-02 -6.71276E-07 -8.74587E-02
4.32886E+01 -9.00000E-02 -6.70508E-07 -8.94376E-02
4.33557E+01 -9.20000E-02 -6.72044E-07 -9.15687E-02
4.34228E+01 -9.40000E-02 -6.73733E-07 -9.35475E-02
4.34899E+01 -9.60000E-02 -6.74041E-07 -9.55264E-02
4.35570E+01 -9.80000E-02 -6.75730E-07 -9.73531E-02
4.36242E+01 -1.00000E-01 -6.77266E-07 -9.94842E-02
4.36913E+01 -1.02000E-01 -6.78187E-07 -1.01463E-01
4.37584E+01 -1.04000E-01 -6.79262E-07 -1.03442E-01
4.38255E+01 -1.06000E-01 -6.80645E-07 -1.05421E-01
4.38926E+01 -1.08000E-01 -6.82795E-07 -1.07400E-01
4.39597E+01 -1.10000E-01 -6.83102E-07 -1.09379E-01
4.40268E+01 -1.12000E-01 -6.84023E-07 -1.11357E-01
4.40940E+01 -1.14000E-01 -6.86481E-07 -1.13488E-01
4.41611E+01 -1.16000E-01 -6.86020E-07 -1.15467E-01
4.42282E+01 -1.18000E-01 -6.87556E-07 -1.17446E-01
4.42953E+01 -1.20000E-01 -6.90320E-07 -1.19425E-01
4.43624E+01 -1.22000E-01 -6.88938E-07 -1.21556E-01
4.44295E+01 -1.24000E-01 -6.91856E-07 -1.23535E-01
4.44966E+01 -1.26000E-01 -6.94774E-07 -1.25514E-01
4.45638E+01 -1.28000E-01 -6.92317E-07 -1.27493E-01
4.46309E+01 -1.30000E-01 -6.96003E-07 -1.29472E-01
4.46980E+01 -1.32000E-01 -6.98767E-07 -1.31451E-01
4.47651E+01 -1.34000E-01 -6.96003E-07 -1.33582E-01
4.48322E+01 -1.36000E-01 -7.00764E-07 -1.35408E-01
4.48993E+01 -1.38000E-01 -7.02146E-07 -1.37539E-01
4.49664E+01 -1.40000E-01 -7.00303E-07 -1.39518E-01
4.50336E+01 -1.42000E-01 -7.04296E-07 -1.41497E-01
4.51007E+01 -1.44000E-01 -7.05064E-07 -1.43476E-01
4.51678E+01 -1.46000E-01 -7.03835E-07 -1.45455E-01
4.52349E+01 -1.48000E-01 -7.08903E-07 -1.47434E-01
4.53020E+01 -1.50000E-01 -7.08750E-07 -1.49565E-01
4.53691E+01 -1.52000E-01 -7.08750E-07 -1.51544E-01
4.54362E+01 -1.54000E-01 -7.13357E-07 -1.53523E-01
4.55034E+01 -1.56000E-01 -7.13204E-07 -1.55501E-01
4.55705E+01 -1.58000E-01 -7.13511E-07 -1.57480E-01
4.56376E+01 -1.60000E-01 -7.17811E-07 -1.59611E-01
4.57047E+01 -1.62000E-01 -7.17043E-07 -1.61590E-01
4.57718E+01 -1.64000E-01 -7.18579E-07 -1.63569E-01
4.58389E+01 -1.66000E-01 -7.21343E-07 -1.65548E-01
4.59060E+01 -1.68000E-01 -7.21497E-07 -1.67527E-01
4.59732E+01 -1.70000E-01 -7.23340E-07 -1.69506E-01
4.60403E+01 -1.72000E-01 -7.25336E-07 -1.71637E-01
4.61074E+01 -1.74000E-01 -7.25951E-07 -1.73464E-01
4.61745E+01 -1.76000E-01 -7.28869E-07 -1.75290E-01
4.62416E+01 -1.78000E-01 -7.29790E-07 -1.77269E-01
4.63087E+01 -1.80000E-01 -7.32094E-07 -1.79400E-01
4.63758E+01 -1.82000E-01 -7.33783E-07 -1.81379E-01
4.64430E+01 -1.84000E-01 -7.34705E-07 -1.83358E-01
4.65101E+01 -1.86000E-01 -7.37316E-07 -1.85337E-01
4.65772E+01 -1.88000E-01 -7.39312E-07 -1.87316E-01
4.66443E+01 -1.90000E-01 -7.39312E-07 -1.89295E-01
4.67114E+01 -1.92000E-01 -7.42998E-07 -1.91273E-01
4.67785E+01 -1.94000E-01 -7.43920E-07 -1.93404E-01
4.68456E+01 -1.96000E-01 -7.44534E-07 -1.95383E-01
4.69128E+01 -1.98000E-01 -7.48220E-07 -1.97362E-01
