time/s      E/V        I/A
0.00000E+00 -2.00000E-01 -2.97308E-07 -1.99493E-01
6.71141E-02 -1.98000E-01 -2.47548E-07 -1.97514E-01
1.34228E-01 -1.96000E-01 -2.24972E-07 -1.95536E-01
2.01342E-01 -1.94000E-01 -2.08692E-07 -1.93404E-01
2.68456E-01 -1.92000E-01 -1.91798E-07 -1.91426E-01
3.35570E-01 -1.90000E-01 -1.78130E-07 -1.89447E-01
4.02685E-01 -1.88000E-01 -1.66765E-07 -1.87468E-01
4.69799E-01 -1.86000E-01 -1.53250E-07 -1.85489E-01
5.36913E-01 -1.84000E-01 -1.42960E-07 -1.83358E-01
6.04027E-01 -1.82000E-01 -1.32977E-07 -1.81531E-01
6.71141E-01 -1.80000E-01 -1.21151E-07 -1.79552E-01
7.38255E-01 -1.78000E-01 -1.12858E-07 -1.77421E-01
8.05369E-01 -1.76000E-01 -1.03336E-07 -1.75442E-01
8.72483E-01 -1.74000E-01 -9.39675E-08 -1.73616E-01
9.39597E-01 -1.72000E-01 -8.67492E-08 -1.71789E-01
1.00671E+00 -1.70000E-01 -7.73808E-08 -1.69658E-01
1.07383E+00 -1.68000E-01 -6.98554E-08 -1.67679E-01
1.14094E+00 -1.66000E-01 -6.27907E-08 -1.65700E-01
1.20805E+00 -1.64000E-01 -5.38830E-08 -1.63721E-01
1.27517E+00 -1.62000E-01 -4.72791E-08 -1.61743E-01
1.34228E+00 -1.60000E-01 -4.05215E-08 -1.59611E-01
1.40940E+00 -1.58000E-01 -3.20746E-08 -1.57633E-01
1.47651E+00 -1.56000E-01 -2.65457E-08 -1.55654E-01
1.54362E+00 -1.54000E-01 -1.94810E-08 -1.53675E-01
1.61074E+00 -1.52000E-01 -1.19556E-08 -1.51696E-01
1.67785E+00 -1.50000E-01 -6.11953E-09 -1.49565E-01
1.74497E+00 -1.48000E-01 3.30847E-10  -1.47586E-01
1.81208E+00 -1.46000E-01 4.17036E-09  -1.45455E-01
1.87919E+00 -1.44000E-01 1.12351E-08  -1.43780E-01
1.94631E+00 -1.42000E-01 1.84533E-08  -1.41649E-01
2.01342E+00 -1.40000E-01 2.30607E-08  -1.39670E-01
2.08054E+00 -1.38000E-01 2.90504E-08  -1.37539E-01
2.14765E+00 -1.36000E-01 3.59615E-08  -1.35561E-01
2.21477E+00 -1.34000E-01 3.96474E-08  -1.33582E-01
2.28188E+00 -1.32000E-01 4.57906E-08  -1.31603E-01
2.34899E+00 -1.30000E-01 5.20874E-08  -1.29624E-01
2.41611E+00 -1.28000E-01 5.25482E-08  -1.27493E-01
2.48322E+00 -1.26000E-01 6.19166E-08  -1.25666E-01
2.55034E+00 -1.24000E-01 6.68312E-08  -1.23687E-01
2.61745E+00 -1.22000E-01 7.14386E-08  -1.21708E-01
2.68456E+00 -1.20000E-01 7.75818E-08  -1.19577E-01
2.75168E+00 -1.18000E-01 8.15749E-08  -1.17598E-01
2.81879E+00 -1.16000E-01 8.35714E-08  -1.15620E-01
2.88591E+00 -1.14000E-01 9.17112E-08  -1.13641E-01
2.95302E+00 -1.12000E-01 9.53971E-08  -1.11510E-01
3.02013E+00 -1.10000E-01 9.95438E-08  -1.09531E-01
3.08725E+00 -1.08000E-01 1.05226E-07  -1.07552E-01
3.15436E+00 -1.06000E-01 1.08451E-07  -1.05573E-01
3.22148E+00 -1.04000E-01 1.12445E-07  -1.03594E-01
3.28859E+00 -1.02000E-01 1.18281E-07  -1.01615E-01
3.35570E+00 -1.00000E-01 1.21045E-07  -9.96364E-02
3.42282E+00 -9.80000E-02 1.26267E-07  -9.75053E-02
3.48993E+00 -9.60000E-02 1.30874E-07  -9.55264E-02
3.55705E+00 -9.40000E-02 1.33639E-07  -9.35475E-02
3.62416E+00 -9.20000E-02 1.39168E-07  -9.15687E-02
3.69128E+00 -9.00000E-02 1.42700E-07  -8.95898E-02
3.75839E+00 -8.80000E-02 1.45311E-07  -8.76109E-02
3.82550E+00 -8.60000E-02 1.51147E-07  -8.56321E-02
3.89262E+00 -8.40000E-02 1.53604E-07  -8.36532E-02
3.95973E+00 -8.20000E-02 1.56983E-07  -8.16743E-02
4.02685E+00 -8.00000E-02 1.62665E-07  -7.96954E-02
4.09396E+00 -7.80000E-02 1.65276E-07  -7.75643E-02
4.16107E+00 -7.60000E-02 1.69269E-07  -7.55855E-02
4.22819E+00 -7.40000E-02 1.74030E-07  -7.36066E-02
4.29530E+00 -7.20000E-02 1.76027E-07  -7.14755E-02
4.36242E+00 -7.00000E-02 1.80481E-07  -6.94966E-02
4.42953E+00 -6.80000E-02 1.84474E-07  -6.75178E-02
4.49664E+00 -6.60000E-02 1.86777E-07  -6.56911E-02
4.56376E+00 -6.40000E-02 1.91385E-07  -6.35600E-02
4.63087E+00 -6.20000E-02 1.94764E-07  -6.15811E-02
4.69799E+00 -6.00000E-02 1.96914E-07  -5.96023E-02
4.76510E+00 -5.80000E-02 2.01828E-07  -5.74712E-02
4.83221E+00 -5.60000E-02 2.04900E-07  -5.56445E-02
4.89933E+00 -5.40000E-02 2.07204E-07  -5.35134E-02
4.96644E+00 -5.20000E-02 2.12579E-07  -5.15346E-02
5.03356E+00 -5.00000E-02 2.14729E-07  -4.95557E-02
5.10067E+00 -4.80000E-02 2.17801E-07  -4.75768E-02
5.16779E+00 -4.60000E-02 2.22562E-07  -4.55979E-02
5.23490E+00 -4.40000E-02 2.24558E-07  -4.36191E-02
5.30201E+00 -4.20000E-02 2.28244E-07  -4.16402E-02
5.36913E+00 -4.00000E-02 2.32084E-07  -3.95091E-02
5.43624E+00 -3.80000E-02 2.34387E-07  -3.76825E-02
5.50336E+00 -3.60000E-02 2.37920E-07  -3.55514E-02
5.57047E+00 -3.40000E-02 2.40838E-07  -3.35725E-02
5.63758E+00 -3.20000E-02 2.43141E-07  -3.15936E-02
5.70470E+00 -3.00000E-02 2.47749E-07  -2.94625E-02
5.77181E+00 -2.80000E-02 2.49592E-07  -2.74836E-02
5.83893E+00 -2.60000E-02 2.53892E-07  -2.56570E-02
5.90604E+00 -2.40000E-02 2.57117E-07  -2.36781E-02
5.97315E+00 -2.20000E-02 2.59267E-07  -2.15470E-02
6.04027E+00 -2.00000E-02 2.63107E-07  -1.95682E-02
6.10738E+00 -1.80000E-02 2.66332E-07  -1.75893E-02
6.17450E+00 -1.60000E-02 2.67714E-07  -1.59149E-02
6.24161E+00 -1.40000E-02 2.72475E-07  -1.37838E-02
6.30872E+00 -1.20000E-02 2.75240E-07  -1.18049E-02
6.37584E+00 -1.00000E-02 2.76776E-07  -9.82602E-03
6.44295E+00 -8.00000E-03 2.81844E-07  -7.84714E-03
6.51007E+00 -6.00000E-03 2.83379E-07  -5.86827E-03
6.57718E+00 -4.00000E-03 2.85530E-07  -3.88940E-03
6.64430E+00 -2.00000E-03 2.90598E-07  -1.91053E-03
6.71141E+00 4.16063E-18  2.91980E-07  2.20568E-04 
6.77852E+00 2.00000E-03  2.94898E-07  2.19944E-03 
6.84564E+00 4.00000E-03  2.99045E-07  4.17831E-03 
6.91275E+00 6.00000E-03  3.00580E-07  6.30941E-03 
6.97987E+00 8.00000E-03  3.03652E-07  8.28828E-03 
7.04698E+00 1.00000E-02  3.08567E-07  1.02672E-02 
7.11409E+00 1.20000E-02  3.08874E-07  1.22460E-02 
7.18121E+00 1.40000E-02  3.13328E-07  1.42249E-02 
7.24832E+00 1.60000E-02  3.16860E-07  1.62038E-02 
7.31544E+00 1.80000E-02  3.17935E-07  1.83349E-02 
7.38255E+00 2.00000E-02  3.21775E-07  2.03137E-02 
7.44966E+00 2.20000E-02  3.25153E-07  2.21404E-02 
7.51678E+00 2.40000E-02  3.26382E-07  2.42715E-02 
7.58389E+00 2.60000E-02  3.30836E-07  2.62504E-02 
7.65101E+00 2.80000E-02  3.33600E-07  2.82292E-02 
7.71812E+00 3.00000E-02  3.35597E-07  3.03603E-02 
7.78523E+00 3.20000E-02  3.39897E-07  3.21870E-02 
7.85235E+00 3.40000E-02  3.42354E-07  3.43181E-02 
7.91946E+00 3.60000E-02  3.44351E-07  3.62969E-02 
7.98658E+00 3.80000E-02  3.49112E-07  3.82758E-02 
8.05369E+00 4.00000E-02  3.50801E-07  4.02547E-02 
8.12081E+00 4.20000E-02  3.54180E-07  4.22336E-02 
8.18792E+00 4.40000E-02  3.56944E-07  4.43646E-02 
8.25503E+00 4.60000E-02  3.59709E-07  4.63435E-02 
8.32215E+00 4.80000E-02  3.62781E-07  4.83224E-02 
8.38926E+00 5.00000E-02  3.65238E-07  5.03013E-02 
8.45638E+00 5.20000E-02  3.68309E-07  5.22801E-02 
8.52349E+00 5.40000E-02  3.72149E-07  5.44112E-02 
8.59060E+00 5.60000E-02  3.74299E-07  5.63901E-02 
8.65772E+00 5.80000E-02  3.77678E-07  5.83690E-02 
8.72483E+00 6.00000E-02  3.81057E-07  6.03478E-02 
8.79195E+00 6.20000E-02  3.83360E-07  6.21745E-02 
8.85906E+00 6.40000E-02  3.87507E-07  6.43056E-02 
8.92617E+00 6.60000E-02  3.90425E-07  6.62845E-02 
8.99329E+00 6.80000E-02  3.91961E-07  6.82633E-02 
9.06040E+00 7.00000E-02  3.97336E-07  7.02422E-02 
9.12752E+00 7.20000E-02  3.99333E-07  7.22211E-02 
9.19463E+00 7.40000E-02  4.01022E-07  7.42000E-02 
9.26174E+00 7.60000E-02  4.06705E-07  7.61788E-02 
9.32886E+00 7.80000E-02  4.07780E-07  7.83099E-02 
9.39597E+00 8.00000E-02  4.10544E-07  8.02888E-02 
9.46309E+00 8.20000E-02  4.16073E-07  8.22677E-02 
9.53020E+00 8.40000E-02  4.17148E-07  8.43988E-02 
9.59732E+00 8.60000E-02  4.20988E-07  8.63776E-02 
9.66443E+00 8.80000E-02  4.25595E-07  8.83565E-02 
9.73154E+00 9.00000E-02  4.26670E-07  9.03354E-02 
9.79866E+00 9.20000E-02  4.31124E-07  9.23142E-02 
9.86577E+00 9.40000E-02  4.35117E-07  9.42931E-02 
9.93289E+00 9.60000E-02  4.35885E-07  9.62720E-02 
1.00000E+01 9.80000E-02  4.41414E-07  9.84031E-02 
1.00671E+01 1.00000E-01  4.44025E-07  1.00230E-01 
1.01342E+01 1.02000E-01  4.45714E-07  1.02209E-01 
1.02013E+01 1.04000E-01  4.50629E-07  1.04340E-01 
1.02685E+01 1.06000E-01  4.52932E-07  1.06319E-01 
1.03356E+01 1.08000E-01  4.55236E-07  1.08297E-01 
1.04027E+01 1.10000E-01  4.61686E-07  1.10276E-01 
1.04698E+01 1.12000E-01  4.61993E-07  1.12255E-01 
1.05369E+01 1.14000E-01  4.66754E-07  1.14234E-01 
1.06040E+01 1.16000E-01  4.71208E-07  1.16365E-01 
1.06711E+01 1.18000E-01  4.72130E-07  1.18344E-01 
1.07383E+01 1.20000E-01  4.77198E-07  1.20323E-01 
1.08054E+01 1.22000E-01  4.81805E-07  1.22302E-01 
1.08725E+01 1.24000E-01  4.82113E-07  1.24433E-01 
1.09396E+01 1.26000E-01  4.88102E-07  1.26412E-01 
1.10067E+01 1.28000E-01  4.90867E-07  1.28391E-01 
1.10738E+01 1.30000E-01  4.92249E-07  1.30217E-01 
1.11409E+01 1.32000E-01  4.99006E-07  1.32348E-01 
1.12081E+01 1.34000E-01  5.01464E-07  1.34327E-01 
1.12752E+01 1.36000E-01  5.03153E-07  1.36306E-01 
1.13423E+01 1.38000E-01  5.09911E-07  1.38285E-01 
1.14094E+01 1.40000E-01  5.11754E-07  1.39959E-01 
1.14765E+01 1.42000E-01  5.15132E-07  1.42091E-01 
1.15436E+01 1.44000E-01  5.20815E-07  1.44069E-01 
1.16107E+01 1.46000E-01  5.23426E-07  1.46048E-01 
1.16779E+01 1.48000E-01  5.26651E-07  1.48027E-01 
1.17450E+01 1.50000E-01  5.32794E-07  1.50006E-01 
1.18121E+01 1.52000E-01  5.33716E-07  1.52137E-01 
1.18792E+01 1.54000E-01  5.38323E-07  1.54116E-01 
1.19463E+01 1.56000E-01  5.42470E-07  1.56095E-01 
1.20134E+01 1.58000E-01  5.44773E-07  1.58074E-01 
1.20805E+01 1.60000E-01  5.49534E-07  1.60205E-01 
1.21477E+01 1.62000E-01  5.53220E-07  1.62184E-01 
1.22148E+01 1.64000E-01  5.56753E-07  1.64163E-01 
1.22819E+01 1.66000E-01  5.62742E-07  1.66141E-01 
1.23490E+01 1.68000E-01  5.64739E-07  1.68120E-01 
1.24161E+01 1.70000E-01  5.69960E-07  1.70099E-01 
1.24832E+01 1.72000E-01  5.75029E-07  1.72078E-01 
1.25503E+01 1.74000E-01  5.75950E-07  1.74209E-01 
1.26174E+01 1.76000E-01  5.83015E-07  1.76188E-01 
1.26846E+01 1.78000E-01  5.88390E-07  1.78167E-01 
1.27517E+01 1.80000E-01  5.88237E-07  1.80146E-01 
1.28188E+01 1.82000E-01  5.95455E-07  1.82125E-01 
1.28859E+01 1.84000E-01  5.99448E-07  1.84256E-01 
1.29530E+01 1.86000E-01  6.01905E-07  1.86235E-01 
1.30201E+01 1.88000E-01  6.09123E-07  1.88061E-01 
1.30872E+01 1.90000E-01  6.10966E-07  1.90040E-01 
1.31544E+01 1.92000E-01  6.15420E-07  1.92171E-01 
1.32215E+01 1.94000E-01  6.23099E-07  1.94150E-01 
1.32886E+01 1.96000E-01  6.23099E-07  1.96129E-01 
1.33557E+01 1.98000E-01  6.30778E-07  1.98108E-01 
1.34228E+01 2.00000E-01  6.37229E-07  2.00239E-01 
1.34899E+01 2.02000E-01  6.38304E-07  2.02218E-01 
1.35570E+01 2.04000E-01  6.45368E-07  2.04197E-01 
1.36242E+01 2.06000E-01  6.50283E-07  2.06328E-01 
1.36913E+01 2.08000E-01  6.50897E-07  2.08154E-01 
1.37584E+01 2.10000E-01  6.60573E-07  2.10133E-01 
1.38255E+01 2.12000E-01  6.62416E-07  2.12264E-01 
1.38926E+01 2.14000E-01  6.65180E-07  2.14243E-01 
1.39597E+01 2.16000E-01  6.74395E-07  2.16222E-01 
1.40268E+01 2.18000E-01  6.76238E-07  2.18201E-01 
1.40940E+01 2.20000E-01  6.80999E-07  2.20028E-01 
1.41611E+01 2.22000E-01  6.91903E-07  2.22159E-01 
1.42282E+01 2.24000E-01  6.90828E-07  2.24138E-01 
1.42953E+01 2.26000E-01  6.98354E-07  2.26116E-01 
1.43624E+01 2.28000E-01  7.05879E-07  2.28095E-01 
1.44295E+01 2.30000E-01  7.05726E-07  2.30074E-01 
1.44966E+01 2.32000E-01  7.14480E-07  2.32205E-01 
1.45638E+01 2.34000E-01  7.21544E-07  2.34184E-01 
1.46309E+01 2.36000E-01  7.19701E-07  2.36163E-01 
1.46980E+01 2.38000E-01  7.31373E-07  2.38142E-01 
1.47651E+01 2.40000E-01  7.34752E-07  2.40121E-01 
1.48322E+01 2.42000E-01  7.36134E-07  2.42252E-01 
1.48993E+01 2.44000E-01  7.45503E-07  2.44231E-01 
1.49664E+01 2.46000E-01  7.49957E-07  2.46210E-01 
1.50336E+01 2.48000E-01  7.51800E-07  2.48189E-01 
1.51007E+01 2.50000E-01  7.61782E-07  2.50167E-01 
1.51678E+01 2.52000E-01  7.64547E-07  2.52146E-01 
1.52349E+01 2.54000E-01  7.70383E-07  2.54277E-01 
1.53020E+01 2.56000E-01  7.78523E-07  2.56104E-01 
1.53691E+01 2.58000E-01  7.81901E-07  2.58235E-01 
1.54362E+01 2.60000E-01  7.86816E-07  2.60214E-01 
1.55034E+01 2.62000E-01  7.93727E-07  2.62193E-01 
1.55705E+01 2.64000E-01  7.96338E-07  2.64172E-01 
1.56376E+01 2.66000E-01  8.03096E-07  2.66151E-01 
1.57047E+01 2.68000E-01  8.06014E-07  2.68129E-01 
1.57718E+01 2.70000E-01  8.11389E-07  2.70108E-01 
1.58389E+01 2.72000E-01  8.19068E-07  2.72239E-01 
1.59060E+01 2.74000E-01  8.20757E-07  2.74218E-01 
1.59732E+01 2.76000E-01  8.27515E-07  2.76197E-01 
1.60403E+01 2.78000E-01  8.35040E-07  2.78176E-01 
1.61074E+01 2.80000E-01  8.35194E-07  2.80307E-01 
1.61745E+01 2.82000E-01  8.44409E-07  2.82286E-01 
1.62416E+01 2.84000E-01  8.48555E-07  2.84265E-01 
1.63087E+01 2.86000E-01  8.49323E-07  2.86244E-01 
1.63758E+01 2.88000E-01  8.60227E-07  2.88223E-01 
1.64430E+01 2.90000E-01  8.62838E-07  2.90201E-01 
1.65101E+01 2.92000E-01  8.63453E-07  2.92333E-01 
1.65772E+01 2.94000E-01  8.75893E-07  2.94159E-01 
1.66443E+01 2.96000E-01  8.73742E-07  2.96138E-01 
1.67114E+01 2.98000E-01  8.77428E-07  2.98269E-01 
1.67785E+01 3.00000E-01  8.88640E-07  3.00248E-01 
1.68456E+01 3.02000E-01  8.87411E-07  3.02379E-01 
1.69128E+01 3.04000E-01  8.90483E-07  3.04206E-01 
1.69799E+01 3.06000E-01  9.02923E-07  3.06185E-01 
1.70470E+01 3.08000E-01  8.99390E-07  3.08164E-01 
1.71141E+01 3.10000E-01  9.05841E-07  3.10295E-01 
1.71812E+01 3.12000E-01  9.15516E-07  3.12274E-01 
1.72483E+01 3.14000E-01  9.11984E-07  3.14252E-01 
1.73154E+01 3.16000E-01  9.18742E-07  3.16231E-01 
1.73826E+01 3.18000E-01  9.25960E-07  3.18362E-01 
1.74497E+01 3.20000E-01  9.21506E-07  3.20341E-01 
1.75168E+01 3.22000E-01  9.30721E-07  3.22320E-01 
1.75839E+01 3.24000E-01  9.33178E-07  3.24299E-01 
1.76510E+01 3.26000E-01  9.31949E-07  3.26278E-01 
1.77181E+01 3.28000E-01  9.41011E-07  3.28257E-01 
1.77852E+01 3.30000E-01  9.43468E-07  3.30388E-01 
1.78523E+01 3.32000E-01  9.43929E-07  3.32367E-01 
1.79195E+01 3.34000E-01  9.52683E-07  3.34346E-01 
1.79866E+01 3.36000E-01  9.53144E-07  3.36324E-01 
1.80537E+01 3.38000E-01  9.54372E-07  3.38303E-01 
1.81208E+01 3.40000E-01  9.61590E-07  3.40434E-01 
1.81879E+01 3.42000E-01  9.61744E-07  3.42413E-01 
1.82550E+01 3.44000E-01  9.64969E-07  3.44240E-01 
1.83221E+01 3.46000E-01  9.69423E-07  3.46371E-01 
1.83893E+01 3.48000E-01  9.69423E-07  3.48350E-01 
1.84564E+01 3.50000E-01  9.73263E-07  3.50329E-01 
1.85235E+01 3.52000E-01  9.74798E-07  3.52308E-01 
1.85906E+01 3.54000E-01  9.78024E-07  3.54439E-01 
1.86577E+01 3.56000E-01  9.81249E-07  3.56418E-01 
1.87248E+01 3.58000E-01  9.81402E-07  3.58396E-01 
1.87919E+01 3.60000E-01  9.85856E-07  3.60375E-01 
1.88591E+01 3.62000E-01  9.89849E-07  3.62354E-01 
1.89262E+01 3.64000E-01  9.88006E-07  3.64485E-01 
1.89933E+01 3.66000E-01  9.93535E-07  3.66312E-01 
1.90604E+01 3.68000E-01  9.96453E-07  3.68443E-01 
1.91275E+01 3.70000E-01  9.96453E-07  3.70422E-01 
1.91946E+01 3.72000E-01  1.00075E-06  3.72249E-01 
1.92617E+01 3.74000E-01  1.00229E-06  3.74380E-01 
1.93289E+01 3.76000E-01  1.00260E-06  3.76359E-01 
1.93960E+01 3.78000E-01  1.00828E-06  3.78337E-01 
1.94631E+01 3.80000E-01  1.00736E-06  3.80316E-01 
1.95302E+01 3.82000E-01  1.00889E-06  3.82295E-01 
1.95973E+01 3.84000E-01  1.01335E-06  3.84274E-01 
1.96644E+01 3.86000E-01  1.01335E-06  3.86405E-01 
1.97315E+01 3.88000E-01  1.01611E-06  3.88232E-01 
1.97987E+01 3.90000E-01  1.02041E-06  3.90363E-01 
1.98658E+01 3.92000E-01  1.01964E-06  3.92342E-01 
1.99329E+01 3.94000E-01  1.02410E-06  3.94473E-01 
2.00000E+01 3.96000E-01  1.02487E-06  3.96452E-01 
2.00671E+01 3.98000E-01  1.02563E-06  3.98431E-01 
2.01342E+01 4.00000E-01  1.03039E-06  4.00409E-01 
2.02013E+01 4.02000E-01  1.03039E-06  4.02388E-01 
2.02685E+01 4.04000E-01  1.03055E-06  4.04367E-01 
2.03356E+01 4.06000E-01  1.03669E-06  4.06346E-01 
2.04027E+01 4.08000E-01  1.03485E-06  4.08477E-01 
2.04698E+01 4.10000E-01  1.03746E-06  4.10456E-01 
2.05369E+01 4.12000E-01  1.04145E-06  4.12283E-01 
2.06040E+01 4.14000E-01  1.04099E-06  4.14262E-01 
2.06711E+01 4.16000E-01  1.04314E-06  4.16393E-01 
2.07383E+01 4.18000E-01  1.04790E-06  4.18372E-01 
2.08054E+01 4.20000E-01  1.04591E-06  4.20350E-01 
2.08725E+01 4.22000E-01  1.05005E-06  4.22329E-01 
2.09396E+01 4.24000E-01  1.05374E-06  4.24308E-01 
2.10067E+01 4.26000E-01  1.05128E-06  4.26287E-01 
2.10738E+01 4.28000E-01  1.05742E-06  4.28418E-01 
2.11409E+01 4.30000E-01  1.05865E-06  4.30397E-01 
2.12081E+01 4.32000E-01  1.05696E-06  4.32376E-01 
2.12752E+01 4.34000E-01  1.06295E-06  4.34355E-01 
2.13423E+01 4.36000E-01  1.06387E-06  4.36486E-01 
2.14094E+01 4.38000E-01  1.06311E-06  4.38465E-01 
2.14765E+01 4.40000E-01  1.06848E-06  4.40444E-01 
2.15436E+01 4.42000E-01  1.06864E-06  4.42422E-01 
2.16107E+01 4.44000E-01  1.07079E-06  4.44401E-01 
2.16779E+01 4.46000E-01  1.07570E-06  4.46380E-01 
2.17450E+01 4.48000E-01  1.07463E-06  4.48359E-01 
2.18121E+01 4.50000E-01  1.07785E-06  4.50186E-01 
2.18792E+01 4.52000E-01  1.08123E-06  4.52165E-01 
2.19463E+01 4.54000E-01  1.08046E-06  4.54143E-01 
2.20134E+01 4.56000E-01  1.08415E-06  4.56122E-01 
2.20805E+01 4.58000E-01  1.08599E-06  4.58253E-01 
2.21477E+01 4.60000E-01  1.08568E-06  4.60080E-01 
2.22148E+01 4.62000E-01  1.09014E-06  4.62059E-01 
2.22819E+01 4.64000E-01  1.08983E-06  4.64190E-01 
2.23490E+01 4.66000E-01  1.09044E-06  4.66169E-01 
2.24161E+01 4.68000E-01  1.09459E-06  4.68148E-01 
2.24832E+01 4.70000E-01  1.09567E-06  4.70279E-01 
2.25503E+01 4.72000E-01  1.09643E-06  4.72258E-01 
2.26174E+01 4.74000E-01  1.10027E-06  4.74237E-01 
2.26846E+01 4.76000E-01  1.10104E-06  4.76216E-01 
2.27517E+01 4.78000E-01  1.10442E-06  4.78194E-01 
2.28188E+01 4.80000E-01  1.10718E-06  4.80173E-01 
2.28859E+01 4.82000E-01  1.10826E-06  4.82152E-01 
2.29530E+01 4.84000E-01  1.11394E-06  4.84131E-01 
2.30201E+01 4.86000E-01  1.11471E-06  4.86262E-01 
2.30872E+01 4.88000E-01  1.11563E-06  4.88241E-01 
2.31544E+01 4.90000E-01  1.12116E-06  4.90220E-01 
2.32215E+01 4.92000E-01  1.12101E-06  4.92199E-01 
2.32886E+01 4.94000E-01  1.12331E-06  4.94178E-01 
2.33557E+01 4.96000E-01  1.12761E-06  4.96309E-01 
2.34228E+01 4.98000E-01  1.12899E-06  4.98288E-01 
2.34899E+01 5.00000E-01  1.13253E-06  5.00266E-01 
2.35570E+01 4.98000E-01  1.01534E-06  4.98288E-01 
2.36242E+01 4.96000E-01  9.58058E-07  4.96461E-01 
2.36913E+01 4.94000E-01  9.16899E-07  4.94330E-01 
2.37584E+01 4.92000E-01  8.80500E-07  4.92351E-01 
2.38255E+01 4.90000E-01  8.46405E-07  4.90372E-01 
2.38926E+01 4.88000E-01  8.19068E-07  4.88393E-01 
2.39597E+01 4.86000E-01  7.89888E-07  4.86414E-01 
2.40268E+01 4.84000E-01  7.63318E-07  4.84283E-01 
2.40940E+01 4.82000E-01  7.41971E-07  4.82304E-01 
2.41611E+01 4.80000E-01  7.16937E-07  4.80325E-01 
2.42282E+01 4.78000E-01  6.95282E-07  4.78347E-01 
2.42953E+01 4.76000E-01  6.76392E-07  4.76368E-01 
2.43624E+01 4.74000E-01  6.54123E-07  4.74389E-01 
2.44295E+01 4.72000E-01  6.34925E-07  4.72410E-01 
2.44966E+01 4.70000E-01  6.19413E-07  4.70279E-01 
2.45638E+01 4.68000E-01  5.98373E-07  4.68300E-01 
2.46309E+01 4.66000E-01  5.82247E-07  4.66321E-01 
2.46980E+01 4.64000E-01  5.67350E-07  4.64342E-01 
2.47651E+01 4.62000E-01  5.47998E-07  4.62363E-01 
2.48322E+01 4.60000E-01  5.33716E-07  4.60232E-01 
2.48993E+01 4.58000E-01  5.19740E-07  4.58406E-01 
2.49664E+01 4.56000E-01  5.01924E-07  4.56275E-01 
2.50336E+01 4.54000E-01  4.89638E-07  4.54296E-01 
2.51007E+01 4.52000E-01  4.74587E-07  4.52317E-01 
2.51678E+01 4.50000E-01  4.59229E-07  4.50338E-01 
2.52349E+01 4.48000E-01  4.47557E-07  4.48511E-01 
2.53020E+01 4.46000E-01  4.33428E-07  4.46532E-01 
2.53691E+01 4.44000E-01  4.18837E-07  4.44554E-01 
2.54362E+01 4.42000E-01  4.07780E-07  4.42575E-01 
2.55034E+01 4.40000E-01  3.93804E-07  4.40596E-01 
2.55705E+01 4.38000E-01  3.81210E-07  4.38617E-01 
2.56376E+01 4.36000E-01  3.69385E-07  4.36638E-01 
2.57047E+01 4.34000E-01  3.56330E-07  4.34507E-01 
2.57718E+01 4.32000E-01  3.44965E-07  4.32528E-01 
2.58389E+01 4.30000E-01  3.32832E-07  4.30549E-01 
2.59060E+01 4.28000E-01  3.21007E-07  4.28570E-01 
2.59732E+01 4.26000E-01  3.10256E-07  4.26439E-01 
2.60403E+01 4.24000E-01  2.97816E-07  4.24460E-01 
2.61074E+01 4.22000E-01  2.87526E-07  4.22482E-01 
2.61745E+01 4.20000E-01  2.76929E-07  4.20503E-01 
2.62416E+01 4.18000E-01  2.64028E-07  4.18524E-01 
2.63087E+01 4.16000E-01  2.55735E-07  4.16545E-01 
2.63758E+01 4.14000E-01  2.45445E-07  4.14414E-01 
2.64430E+01 4.12000E-01  2.32391E-07  4.12435E-01 
2.65101E+01 4.10000E-01  2.25326E-07  4.10608E-01 
2.65772E+01 4.08000E-01  2.12886E-07  4.08477E-01 
2.66443E+01 4.06000E-01  2.00446E-07  4.06498E-01 
2.67114E+01 4.04000E-01  1.94764E-07  4.04519E-01 
2.67785E+01 4.02000E-01  1.81709E-07  4.02541E-01 
2.68456E+01 4.00000E-01  1.70191E-07  4.00562E-01 
2.69128E+01 3.98000E-01  1.64662E-07  3.98583E-01 
2.69799E+01 3.96000E-01  1.49918E-07  3.96452E-01 
2.70470E+01 3.94000E-01  1.41625E-07  3.94473E-01 
2.71141E+01 3.92000E-01  1.36249E-07  3.92494E-01 
2.71812E+01 3.90000E-01  1.21506E-07  3.90363E-01 
2.72483E+01 3.88000E-01  1.13827E-07  3.88384E-01 
2.73154E+01 3.86000E-01  1.07376E-07  3.86405E-01 
2.73826E+01 3.84000E-01  9.21719E-08  3.84426E-01 
2.74497E+01 3.82000E-01  8.61823E-08  3.82447E-01 
2.75168E+01 3.80000E-01  7.80425E-08  3.80469E-01 
2.75839E+01 3.78000E-01  6.45274E-08  3.78490E-01 
2.76510E+01 3.76000E-01  5.91521E-08  3.76359E-01 
2.77181E+01 3.74000E-01  5.00909E-08  3.74380E-01 
2.77852E+01 3.72000E-01  3.67294E-08  3.72401E-01 
2.78523E+01 3.70000E-01  3.24291E-08  3.70574E-01 
2.79195E+01 3.68000E-01  2.12178E-08  3.68443E-01 
2.79866E+01 3.66000E-01  1.12351E-08  3.66464E-01 
2.80537E+01 3.64000E-01  5.39900E-09  3.64485E-01 
2.81208E+01 3.62000E-01  -5.96595E-09 3.62506E-01 
2.81879E+01 3.60000E-01  -1.37985E-08 3.60528E-01 
2.82550E+01 3.58000E-01  -2.17847E-08 3.58549E-01 
2.83221E+01 3.56000E-01  -3.34568E-08 3.56418E-01 
2.83893E+01 3.54000E-01  -4.06751E-08 3.54439E-01 
2.84564E+01 3.52000E-01  -4.80470E-08 3.52460E-01 
2.85235E+01 3.50000E-01  -6.04870E-08 3.50481E-01 
2.85906E+01 3.48000E-01  -6.60159E-08 3.48502E-01 
2.86577E+01 3.46000E-01  -7.53843E-08 3.46371E-01 
2.87248E+01 3.44000E-01  -8.64421E-08 3.44392E-01 
2.87919E+01 3.42000E-01  -9.16638E-08 3.42413E-01 
2.88591E+01 3.40000E-01  -1.01800E-07 3.40434E-01 
2.89262E+01 3.38000E-01  -1.11015E-07 3.38456E-01 
2.89933E+01 3.36000E-01  -1.16390E-07 3.36477E-01 
2.90604E+01 3.34000E-01  -1.26680E-07 3.34346E-01 
2.91275E+01 3.32000E-01  -1.35127E-07 3.32519E-01 
2.91946E+01 3.30000E-01  -1.40195E-07 3.30388E-01 
2.92617E+01 3.28000E-01  -1.52174E-07 3.28409E-01 
2.93289E+01 3.26000E-01  -1.59853E-07 3.26430E-01 
2.93960E+01 3.24000E-01  -1.65690E-07 3.24299E-01 
2.94631E+01 3.22000E-01  -1.76287E-07 3.22472E-01 
2.95302E+01 3.20000E-01  -1.84580E-07 3.20493E-01 
2.95973E+01 3.18000E-01  -1.91030E-07 3.18515E-01 
2.96644E+01 3.16000E-01  -1.99938E-07 3.16384E-01 
2.97315E+01 3.14000E-01  -2.06235E-07 3.14405E-01 
2.97987E+01 3.12000E-01  -2.15296E-07 3.12426E-01 
2.98658E+01 3.10000E-01  -2.20671E-07 3.10447E-01 
2.99329E+01 3.08000E-01  -2.28811E-07 3.08316E-01 
3.00000E+01 3.06000E-01  -2.37412E-07 3.06337E-01 
3.00671E+01 3.04000E-01  -2.43708E-07 3.04358E-01 
3.01342E+01 3.02000E-01  -2.51541E-07 3.02531E-01 
3.02013E+01 3.00000E-01  -2.59681E-07 3.00400E-01 
3.02685E+01 2.98000E-01  -2.63060E-07 2.98421E-01 
3.03356E+01 2.96000E-01  -2.75960E-07 2.96443E-01 
3.04027E+01 2.94000E-01  -2.83486E-07 2.94464E-01 
3.04698E+01 2.92000E-01  -2.83639E-07 2.92485E-01 
3.05369E+01 2.90000E-01  -2.96540E-07 2.90506E-01 
3.06040E+01 2.88000E-01  -3.02223E-07 2.88375E-01 
3.06711E+01 2.86000E-01  -3.03144E-07 2.86396E-01 
3.07383E+01 2.84000E-01  -3.18195E-07 2.84417E-01 
3.08054E+01 2.82000E-01  -3.18963E-07 2.82438E-01 
3.08725E+01 2.80000E-01  -3.22495E-07 2.80459E-01 
3.09396E+01 2.78000E-01  -3.35857E-07 2.78328E-01 
3.10067E+01 2.76000E-01  -3.37239E-07 2.76349E-01 
3.10738E+01 2.74000E-01  -3.44457E-07 2.74371E-01 
3.11409E+01 2.72000E-01  -3.55515E-07 2.72392E-01 
3.12081E+01 2.70000E-01  -3.55208E-07 2.70413E-01 
3.12752E+01 2.68000E-01  -3.62887E-07 2.68434E-01 
3.13423E+01 2.66000E-01  -3.72716E-07 2.66303E-01 
3.14094E+01 2.64000E-01  -3.72409E-07 2.64476E-01 
3.14765E+01 2.62000E-01  -3.81163E-07 2.62497E-01 
3.15436E+01 2.60000E-01  -3.90224E-07 2.60366E-01 
3.16107E+01 2.58000E-01  -3.87152E-07 2.58387E-01 
3.16779E+01 2.56000E-01  -3.98057E-07 2.56256E-01 
3.17450E+01 2.54000E-01  -3.99439E-07 2.54430E-01 
3.18121E+01 2.52000E-01  -4.03125E-07 2.52451E-01 
3.18792E+01 2.50000E-01  -4.14336E-07 2.50472E-01 
3.19463E+01 2.48000E-01  -4.15872E-07 2.48341E-01 
3.20134E+01 2.46000E-01  -4.16179E-07 2.46362E-01 
3.20805E+01 2.44000E-01  -4.29233E-07 2.44383E-01 
3.21477E+01 2.42000E-01  -4.27698E-07 2.42404E-01 
3.22148E+01 2.40000E-01  -4.32919E-07 2.40273E-01 
3.22819E+01 2.38000E-01  -4.41520E-07 2.38294E-01 
3.23490E+01 2.36000E-01  -4.39831E-07 2.36315E-01 
3.24161E+01 2.34000E-01  -4.46895E-07 2.34336E-01 
3.24832E+01 2.32000E-01  -4.52117E-07 2.32205E-01 
3.25503E+01 2.30000E-01  -4.50735E-07 2.30226E-01 
3.26174E+01 2.28000E-01  -4.59182E-07 2.28248E-01 
3.26846E+01 2.26000E-01  -4.60257E-07 2.26269E-01 
3.27517E+01 2.24000E-01  -4.60717E-07 2.24290E-01 
3.28188E+01 2.22000E-01  -4.67014E-07 2.22311E-01 
3.28859E+01 2.20000E-01  -4.68857E-07 2.20332E-01 
3.29530E+01 2.18000E-01  -4.70086E-07 2.18201E-01 
3.30201E+01 2.16000E-01  -4.76075E-07 2.16374E-01 
3.30872E+01 2.14000E-01  -4.76229E-07 2.14395E-01 
3.31544E+01 2.12000E-01  -4.81297E-07 2.12417E-01 
3.32215E+01 2.10000E-01  -4.84983E-07 2.10285E-01 
3.32886E+01 2.08000E-01  -4.81758E-07 2.08307E-01 
3.33557E+01 2.06000E-01  -4.88208E-07 2.06328E-01 
3.34228E+01 2.04000E-01  -4.89130E-07 2.04349E-01 
3.34899E+01 2.02000E-01  -4.87287E-07 2.02370E-01 
3.35570E+01 2.00000E-01  -4.93737E-07 2.00391E-01 
3.36242E+01 1.98000E-01  -4.92048E-07 1.98260E-01 
3.36913E+01 1.96000E-01  -4.92969E-07 1.96281E-01 
3.37584E+01 1.94000E-01  -4.98191E-07 1.94302E-01 
3.38255E+01 1.92000E-01  -4.94812E-07 1.92323E-01 
3.38926E+01 1.90000E-01  -4.97577E-07 1.90192E-01 
3.39597E+01 1.88000E-01  -5.02645E-07 1.88213E-01 
3.40268E+01 1.86000E-01  -4.97270E-07 1.86387E-01 
3.40940E+01 1.84000E-01  -5.02031E-07 1.84408E-01 
3.41611E+01 1.82000E-01  -5.05409E-07 1.82277E-01 
3.42282E+01 1.80000E-01  -4.99420E-07 1.80298E-01 
3.42953E+01 1.78000E-01  -5.05870E-07 1.78167E-01 
3.43624E+01 1.76000E-01  -5.07099E-07 1.76340E-01 
3.44295E+01 1.74000E-01  -5.00802E-07 1.74209E-01 
3.44966E+01 1.72000E-01  -5.08174E-07 1.72230E-01 
3.45638E+01 1.70000E-01  -5.06331E-07 1.70251E-01 
3.46309E+01 1.68000E-01  -5.02645E-07 1.68273E-01 
3.46980E+01 1.66000E-01  -5.09710E-07 1.66294E-01 
3.47651E+01 1.64000E-01  -5.06945E-07 1.64315E-01 
3.48322E+01 1.62000E-01  -5.04795E-07 1.62336E-01 
3.48993E+01 1.60000E-01  -5.11245E-07 1.60205E-01 
3.49664E+01 1.58000E-01  -5.06792E-07 1.58226E-01 
3.50336E+01 1.56000E-01  -5.07252E-07 1.56247E-01 
3.51007E+01 1.54000E-01  -5.11553E-07 1.54268E-01 
3.51678E+01 1.52000E-01  -5.08635E-07 1.52289E-01 
3.52349E+01 1.50000E-01  -5.08942E-07 1.50158E-01 
3.53020E+01 1.48000E-01  -5.12167E-07 1.48179E-01 
3.53691E+01 1.46000E-01  -5.08788E-07 1.46353E-01 
3.54362E+01 1.44000E-01  -5.09863E-07 1.44222E-01 
3.55034E+01 1.42000E-01  -5.11553E-07 1.42243E-01 
3.55705E+01 1.40000E-01  -5.09710E-07 1.40112E-01 
3.56376E+01 1.38000E-01  -5.10785E-07 1.38285E-01 
3.57047E+01 1.36000E-01  -5.11245E-07 1.36458E-01 
3.57718E+01 1.34000E-01  -5.10631E-07 1.34479E-01 
3.58389E+01 1.32000E-01  -5.11860E-07 1.32501E-01 
3.59060E+01 1.30000E-01  -5.11399E-07 1.30369E-01 
3.59732E+01 1.28000E-01  -5.13242E-07 1.28391E-01 
3.60403E+01 1.26000E-01  -5.12628E-07 1.26412E-01 
3.61074E+01 1.24000E-01  -5.12167E-07 1.24433E-01 
3.61745E+01 1.22000E-01  -5.14317E-07 1.22454E-01 
3.62416E+01 1.20000E-01  -5.12935E-07 1.20475E-01 
3.63087E+01 1.18000E-01  -5.13549E-07 1.18344E-01 
3.63758E+01 1.16000E-01  -5.15392E-07 1.16365E-01 
3.64430E+01 1.14000E-01  -5.12935E-07 1.14386E-01 
3.65101E+01 1.12000E-01  -5.14624E-07 1.12407E-01 
3.65772E+01 1.10000E-01  -5.16774E-07 1.10429E-01 
3.66443E+01 1.08000E-01  -5.14471E-07 1.08450E-01 
3.67114E+01 1.06000E-01  -5.16774E-07 1.06471E-01 
3.67785E+01 1.04000E-01  -5.18617E-07 1.04492E-01 
3.68456E+01 1.02000E-01  -5.15546E-07 1.02361E-01 
3.69128E+01 1.00000E-01  -5.18924E-07 1.00382E-01 
3.69799E+01 9.80000E-02  -5.20460E-07 9.84031E-02 
3.70470E+01 9.60000E-02  -5.17389E-07 9.64242E-02 
3.71141E+01 9.40000E-02  -5.21535E-07 9.44453E-02 
3.71812E+01 9.20000E-02  -5.21228E-07 9.23142E-02 
3.72483E+01 9.00000E-02  -5.19385E-07 9.03354E-02 
3.73154E+01 8.80000E-02  -5.23532E-07 8.85087E-02 
3.73826E+01 8.60000E-02  -5.22918E-07 8.63776E-02 
3.74497E+01 8.40000E-02  -5.22457E-07 8.43988E-02 
3.75168E+01 8.20000E-02  -5.25375E-07 8.24199E-02 
3.75839E+01 8.00000E-02  -5.24607E-07 8.04410E-02 
3.76510E+01 7.80000E-02  -5.25375E-07 7.83099E-02 
3.77181E+01 7.60000E-02  -5.27832E-07 7.63310E-02 
3.77852E+01 7.40000E-02  -5.26911E-07 7.43522E-02 
3.78523E+01 7.20000E-02  -5.29061E-07 7.23733E-02 
3.79195E+01 7.00000E-02  -5.30904E-07 7.03944E-02 
3.79866E+01 6.80000E-02  -5.29214E-07 6.84156E-02 
3.80537E+01 6.60000E-02  -5.31825E-07 6.64367E-02 
3.81208E+01 6.40000E-02  -5.32286E-07 6.43056E-02 
3.81879E+01 6.20000E-02  -5.31364E-07 6.23267E-02 
3.82550E+01 6.00000E-02  -5.34897E-07 6.03478E-02 
3.83221E+01 5.80000E-02  -5.34436E-07 5.83690E-02 
3.83893E+01 5.60000E-02  -5.34282E-07 5.63901E-02 
3.84564E+01 5.40000E-02  -5.37815E-07 5.44112E-02 
3.85235E+01 5.20000E-02  -5.37200E-07 5.24324E-02 
3.85906E+01 5.00000E-02  -5.37815E-07 5.04535E-02 
3.86577E+01 4.80000E-02  -5.41347E-07 4.84746E-02 
3.87248E+01 4.60000E-02  -5.39351E-07 4.63435E-02 
3.87919E+01 4.40000E-02  -5.41347E-07 4.43646E-02 
3.88591E+01 4.20000E-02  -5.44572E-07 4.23858E-02 
3.89262E+01 4.00000E-02  -5.42269E-07 4.04069E-02 
3.89933E+01 3.80000E-02  -5.44572E-07 3.84280E-02 
3.90604E+01 3.60000E-02  -5.46876E-07 3.62969E-02 
3.91275E+01 3.40000E-02  -5.45033E-07 3.43181E-02 
3.91946E+01 3.20000E-02  -5.47644E-07 3.23392E-02 
3.92617E+01 3.00000E-02  -5.49026E-07 3.03603E-02 
3.93289E+01 2.80000E-02  -5.48412E-07 2.83814E-02 
3.93960E+01 2.60000E-02  -5.50562E-07 2.64026E-02 
3.94631E+01 2.40000E-02  -5.51791E-07 2.42715E-02 
3.95302E+01 2.20000E-02  -5.51637E-07 2.22926E-02 
3.95973E+01 2.00000E-02  -5.53787E-07 2.03137E-02 
3.96644E+01 1.80000E-02  -5.54862E-07 1.83349E-02 
3.97315E+01 1.60000E-02  -5.55323E-07 1.63560E-02 
3.97987E+01 1.40000E-02  -5.56859E-07 1.43771E-02 
3.98658E+01 1.20000E-02  -5.57627E-07 1.22460E-02 
3.99329E+01 1.00000E-02  -5.58548E-07 1.04194E-02 
4.00000E+01 8.00000E-03  -5.59470E-07 8.44050E-03 
4.00671E+01 6.00000E-03  -5.60391E-07 6.30941E-03 
4.01342E+01 4.00000E-03  -5.62388E-07 4.33053E-03 
4.02013E+01 2.00000E-03  -5.61927E-07 2.35166E-03 
4.02685E+01 4.17418E-18  -5.62848E-07 2.20568E-04 
4.03356E+01 -2.00000E-03 -5.64999E-07 -1.75830E-03
4.04027E+01 -4.00000E-03 -5.65152E-07 -3.73718E-03
4.04698E+01 -6.00000E-03 -5.66534E-07 -5.71605E-03
4.05369E+01 -8.00000E-03 -5.68531E-07 -7.69492E-03
4.06040E+01 -1.00000E-02 -5.68531E-07 -9.67379E-03
4.06711E+01 -1.20000E-02 -5.70374E-07 -1.16527E-02
4.07383E+01 -1.40000E-02 -5.71756E-07 -1.37838E-02
4.08054E+01 -1.60000E-02 -5.71602E-07 -1.57626E-02
4.08725E+01 -1.80000E-02 -5.73753E-07 -1.75893E-02
4.09396E+01 -2.00000E-02 -5.74828E-07 -1.94159E-02
4.10067E+01 -2.20000E-02 -5.74828E-07 -2.15470E-02
4.10738E+01 -2.40000E-02 -5.77285E-07 -2.35259E-02
4.11409E+01 -2.60000E-02 -5.77285E-07 -2.55048E-02
4.12081E+01 -2.80000E-02 -5.78360E-07 -2.73314E-02
4.12752E+01 -3.00000E-02 -5.80510E-07 -2.94625E-02
4.13423E+01 -3.20000E-02 -5.80203E-07 -3.14414E-02
4.14094E+01 -3.40000E-02 -5.82046E-07 -3.34203E-02
4.14765E+01 -3.60000E-02 -5.84350E-07 -3.53991E-02
4.15436E+01 -3.80000E-02 -5.83428E-07 -3.75302E-02
4.16107E+01 -4.00000E-02 -5.85885E-07 -3.95091E-02
4.16779E+01 -4.20000E-02 -5.87575E-07 -4.14880E-02
4.17450E+01 -4.40000E-02 -5.86807E-07 -4.34668E-02
4.18121E+01 -4.60000E-02 -5.89725E-07 -4.55979E-02
4.18792E+01 -4.80000E-02 -5.90800E-07 -4.74246E-02
4.19463E+01 -5.00000E-02 -5.90493E-07 -4.95557E-02
4.20134E+01 -5.20000E-02 -5.93411E-07 -5.15346E-02
4.20805E+01 -5.40000E-02 -5.93564E-07 -5.35134E-02
4.21477E+01 -5.60000E-02 -5.93564E-07 -5.54923E-02
4.22148E+01 -5.80000E-02 -5.96943E-07 -5.74712E-02
4.22819E+01 -6.00000E-02 -5.96483E-07 -5.94500E-02
4.23490E+01 -6.20000E-02 -5.97404E-07 -6.15811E-02
4.24161E+01 -6.40000E-02 -6.00629E-07 -6.35600E-02
4.24832E+01 -6.60000E-02 -6.00168E-07 -6.55389E-02
4.25503E+01 -6.80000E-02 -6.01551E-07 -6.75178E-02
4.26174E+01 -7.00000E-02 -6.04162E-07 -6.94966E-02
4.26846E+01 -7.20000E-02 -6.03701E-07 -7.14755E-02
4.27517E+01 -7.40000E-02 -6.05544E-07 -7.34544E-02
4.28188E+01 -7.60000E-02 -6.07233E-07 -7.55855E-02
4.28859E+01 -7.80000E-02 -6.07233E-07 -7.75643E-02
4.29530E+01 -8.00000E-02 -6.09230E-07 -7.95432E-02
4.30201E+01 -8.20000E-02 -6.10151E-07 -8.16743E-02
4.30872E+01 -8.40000E-02 -6.11073E-07 -8.36532E-02
4.31544E+01 -8.60000E-02 -6.12455E-07 -8.56321E-02
4.32215E+01 -8.80000E-02 -6.13837E-07 -8.76109E-02
4.32886E+01 -9.00000E-02 -6.15066E-07 -8.95898E-02
4.33557E+01 -9.20000E-02 -6.16294E-07 -9.15687E-02
4.34228E+01 -9.40000E-02 -6.17523E-07 -9.35475E-02
4.34899E+01 -9.60000E-02 -6.19059E-07 -9.55264E-02
4.35570E+01 -9.80000E-02 -6.20134E-07 -9.75053E-02
4.36242E+01 -1.00000E-01 -6.21055E-07 -9.94842E-02
4.36913E+01 -1.02000E-01 -6.23513E-07 -1.01463E-01
4.37584E+01 -1.04000E-01 -6.23666E-07 -1.03594E-01
4.38255E+01 -1.06000E-01 -6.24741E-07 -1.05421E-01
4.38926E+01 -1.08000E-01 -6.27352E-07 -1.07400E-01
4.39597E+01 -1.10000E-01 -6.26738E-07 -1.09531E-01
4.40268E+01 -1.12000E-01 -6.28888E-07 -1.11510E-01
4.40940E+01 -1.14000E-01 -6.31192E-07 -1.13488E-01
4.41611E+01 -1.16000E-01 -6.30117E-07 -1.15467E-01
4.42282E+01 -1.18000E-01 -6.33188E-07 -1.17598E-01
4.42953E+01 -1.20000E-01 -6.35338E-07 -1.19577E-01
4.43624E+01 -1.22000E-01 -6.34110E-07 -1.21556E-01
4.44295E+01 -1.24000E-01 -6.37949E-07 -1.23535E-01
4.44966E+01 -1.26000E-01 -6.39331E-07 -1.25514E-01
4.45638E+01 -1.28000E-01 -6.38410E-07 -1.27493E-01
4.46309E+01 -1.30000E-01 -6.41789E-07 -1.29624E-01
4.46980E+01 -1.32000E-01 -6.43171E-07 -1.31603E-01
4.47651E+01 -1.34000E-01 -6.42096E-07 -1.33582E-01
4.48322E+01 -1.36000E-01 -6.46396E-07 -1.35561E-01
4.48993E+01 -1.38000E-01 -6.46243E-07 -1.37539E-01
4.49664E+01 -1.40000E-01 -6.46243E-07 -1.39670E-01
4.50336E+01 -1.42000E-01 -6.50696E-07 -1.41497E-01
4.51007E+01 -1.44000E-01 -6.50389E-07 -1.43628E-01
4.51678E+01 -1.46000E-01 -6.50850E-07 -1.45455E-01
4.52349E+01 -1.48000E-01 -6.55150E-07 -1.47586E-01
4.53020E+01 -1.50000E-01 -6.54536E-07 -1.49565E-01
4.53691E+01 -1.52000E-01 -6.56225E-07 -1.51544E-01
4.54362E+01 -1.54000E-01 -6.59143E-07 -1.53675E-01
4.55034E+01 -1.56000E-01 -6.59297E-07 -1.55654E-01
4.55705E+01 -1.58000E-01 -6.60986E-07 -1.57633E-01
4.56376E+01 -1.60000E-01 -6.63136E-07 -1.59611E-01
4.57047E+01 -1.62000E-01 -6.63290E-07 -1.61743E-01
4.57718E+01 -1.64000E-01 -6.65594E-07 -1.63569E-01
4.58389E+01 -1.66000E-01 -6.67283E-07 -1.65548E-01
4.59060E+01 -1.68000E-01 -6.68051E-07 -1.67679E-01
4.59732E+01 -1.70000E-01 -6.70355E-07 -1.69658E-01
4.60403E+01 -1.72000E-01 -6.71890E-07 -1.71637E-01
4.61074E+01 -1.74000E-01 -6.73426E-07 -1.73616E-01
4.61745E+01 -1.76000E-01 -6.75423E-07 -1.75442E-01
4.62416E+01 -1.78000E-01 -6.76498E-07 -1.77421E-01
4.63087E+01 -1.80000E-01 -6.79109E-07 -1.79400E-01
4.63758E+01 -1.82000E-01 -6.80184E-07 -1.81531E-01
4.64430E+01 -1.84000E-01 -6.81259E-07 -1.83358E-01
4.65101E+01 -1.86000E-01 -6.84484E-07 -1.85337E-01
4.65772E+01 -1.88000E-01 -6.85252E-07 -1.87316E-01
4.66443E+01 -1.90000E-01 -6.86327E-07 -1.89447E-01
4.67114E+01 -1.92000E-01 -6.89552E-07 -1.91426E-01
4.67785E+01 -1.94000E-01 -6.89859E-07 -1.93404E-01
4.68456E+01 -1.96000E-01 -6.92010E-07 -1.95383E-01
4.69128E+01 -1.98000E-01 -6.94928E-07 -1.97514E-01
