time/s      E/V        I/A
0.00000E+00 -2.00000E-01 -9.02816E-08 -1.99493E-01
6.71141E-02 -1.98000E-01 -5.01971E-08 -1.97514E-01
1.34228E-01 -1.96000E-01 -2.94637E-08 -1.95536E-01
2.01342E-01 -1.94000E-01 -1.48736E-08 -1.93557E-01
2.68456E-01 -1.92000E-01 -5.50521E-09 -1.91578E-01
3.35570E-01 -1.90000E-01 5.39900E-09  -1.89447E-01
4.02685E-01 -1.88000E-01 1.47674E-08  -1.87468E-01
4.69799E-01 -1.86000E-01 2.13714E-08  -1.85489E-01
5.36913E-01 -1.84000E-01 3.21220E-08  -1.83510E-01
6.04027E-01 -1.82000E-01 3.65758E-08  -1.81531E-01
6.71141E-01 -1.80000E-01 4.24119E-08  -1.79552E-01
7.38255E-01 -1.78000E-01 5.13195E-08  -1.77421E-01
8.05369E-01 -1.76000E-01 5.56198E-08  -1.75442E-01
8.72483E-01 -1.74000E-01 6.09951E-08  -1.73616E-01
9.39597E-01 -1.72000E-01 6.77526E-08  -1.71789E-01
1.00671E+00 -1.70000E-01 7.15921E-08  -1.69810E-01
1.07383E+00 -1.68000E-01 7.68139E-08  -1.67679E-01
1.14094E+00 -1.66000E-01 8.20356E-08  -1.65700E-01
1.20805E+00 -1.64000E-01 8.55680E-08  -1.63721E-01
1.27517E+00 -1.62000E-01 9.07897E-08  -1.61743E-01
1.34228E+00 -1.60000E-01 9.47828E-08  -1.59764E-01
1.40940E+00 -1.58000E-01 9.77008E-08  -1.57785E-01
1.47651E+00 -1.56000E-01 1.02769E-07  -1.55806E-01
1.54362E+00 -1.54000E-01 1.05994E-07  -1.53675E-01
1.61074E+00 -1.52000E-01 1.09373E-07  -1.51696E-01
1.67785E+00 -1.50000E-01 1.14441E-07  -1.49717E-01
1.74497E+00 -1.48000E-01 1.16898E-07  -1.47738E-01
1.81208E+00 -1.46000E-01 1.20124E-07  -1.45607E-01
1.87919E+00 -1.44000E-01 1.25038E-07  -1.43780E-01
1.94631E+00 -1.42000E-01 1.26728E-07  -1.41649E-01
2.01342E+00 -1.40000E-01 1.30721E-07  -1.39670E-01
2.08054E+00 -1.38000E-01 1.34407E-07  -1.37692E-01
2.14765E+00 -1.36000E-01 1.35942E-07  -1.35713E-01
2.21477E+00 -1.34000E-01 1.41010E-07  -1.33734E-01
2.28188E+00 -1.32000E-01 1.42853E-07  -1.31755E-01
2.34899E+00 -1.30000E-01 1.43929E-07  -1.29624E-01
2.41611E+00 -1.28000E-01 1.49304E-07  -1.27645E-01
2.48322E+00 -1.26000E-01 1.50532E-07  -1.25666E-01
2.55034E+00 -1.24000E-01 1.52683E-07  -1.23840E-01
2.61745E+00 -1.22000E-01 1.57290E-07  -1.21708E-01
2.68456E+00 -1.20000E-01 1.58211E-07  -1.19730E-01
2.75168E+00 -1.18000E-01 1.60362E-07  -1.17751E-01
2.81879E+00 -1.16000E-01 1.65430E-07  -1.15620E-01
2.88591E+00 -1.14000E-01 1.65430E-07  -1.13641E-01
2.95302E+00 -1.12000E-01 1.68041E-07  -1.11662E-01
3.02013E+00 -1.10000E-01 1.72955E-07  -1.09683E-01
3.08725E+00 -1.08000E-01 1.72648E-07  -1.07552E-01
3.15436E+00 -1.06000E-01 1.75873E-07  -1.05573E-01
3.22148E+00 -1.04000E-01 1.79866E-07  -1.03594E-01
3.28859E+00 -1.02000E-01 1.78484E-07  -1.01615E-01
3.35570E+00 -1.00000E-01 1.83245E-07  -9.96364E-02
3.42282E+00 -9.80000E-02 1.85856E-07  -9.76575E-02
3.48993E+00 -9.60000E-02 1.85856E-07  -9.56786E-02
3.55705E+00 -9.40000E-02 1.89542E-07  -9.36998E-02
3.62416E+00 -9.20000E-02 1.91692E-07  -9.17209E-02
3.69128E+00 -9.00000E-02 1.92153E-07  -8.97420E-02
3.75839E+00 -8.80000E-02 1.96299E-07  -8.76109E-02
3.82550E+00 -8.60000E-02 1.98142E-07  -8.56321E-02
3.89262E+00 -8.40000E-02 1.98603E-07  -8.38054E-02
3.95973E+00 -8.20000E-02 2.02596E-07  -8.16743E-02
4.02685E+00 -8.00000E-02 2.04439E-07  -7.96954E-02
4.09396E+00 -7.80000E-02 2.04900E-07  -7.77166E-02
4.16107E+00 -7.60000E-02 2.08893E-07  -7.57377E-02
4.22819E+00 -7.40000E-02 2.10275E-07  -7.36066E-02
4.29530E+00 -7.20000E-02 2.12118E-07  -7.16277E-02
4.36242E+00 -7.00000E-02 2.14422E-07  -6.96489E-02
4.42953E+00 -6.80000E-02 2.15497E-07  -6.75178E-02
4.49664E+00 -6.60000E-02 2.18108E-07  -6.56911E-02
4.56376E+00 -6.40000E-02 2.19644E-07  -6.37122E-02
4.63087E+00 -6.20000E-02 2.20872E-07  -6.17334E-02
4.69799E+00 -6.00000E-02 2.23483E-07  -5.96023E-02
4.76510E+00 -5.80000E-02 2.24865E-07  -5.76234E-02
4.83221E+00 -5.60000E-02 2.27169E-07  -5.56445E-02
4.89933E+00 -5.40000E-02 2.30087E-07  -5.36657E-02
4.96644E+00 -5.20000E-02 2.30548E-07  -5.16868E-02
5.03356E+00 -5.00000E-02 2.33619E-07  -4.95557E-02
5.10067E+00 -4.80000E-02 2.35923E-07  -4.75768E-02
5.16779E+00 -4.60000E-02 2.36077E-07  -4.55979E-02
5.23490E+00 -4.40000E-02 2.39609E-07  -4.36191E-02
5.30201E+00 -4.20000E-02 2.41759E-07  -4.16402E-02
5.36913E+00 -4.00000E-02 2.41759E-07  -3.96613E-02
5.43624E+00 -3.80000E-02 2.46059E-07  -3.75302E-02
5.50336E+00 -3.60000E-02 2.46981E-07  -3.55514E-02
5.57047E+00 -3.40000E-02 2.47442E-07  -3.35725E-02
5.63758E+00 -3.20000E-02 2.51742E-07  -3.15936E-02
5.70470E+00 -3.00000E-02 2.51588E-07  -2.94625E-02
5.77181E+00 -2.80000E-02 2.53124E-07  -2.76359E-02
5.83893E+00 -2.60000E-02 2.57578E-07  -2.56570E-02
5.90604E+00 -2.40000E-02 2.57271E-07  -2.36781E-02
5.97315E+00 -2.20000E-02 2.59267E-07  -2.15470E-02
6.04027E+00 -2.00000E-02 2.59728E-07  -1.95682E-02
6.10738E+00 -1.80000E-02 2.63260E-07  -1.75893E-02
6.17450E+00 -1.60000E-02 2.62185E-07  -1.59149E-02
6.24161E+00 -1.40000E-02 2.69864E-07  -1.37838E-02
6.30872E+00 -1.20000E-02 2.69097E-07  -1.18049E-02
6.37584E+00 -1.00000E-02 2.72168E-07  -9.82602E-03
6.44295E+00 -8.00000E-03 2.74318E-07  -7.84714E-03
6.51007E+00 -6.00000E-03 2.74933E-07  -5.86827E-03
6.57718E+00 -4.00000E-03 2.78004E-07  -3.88940E-03
6.64430E+00 -2.00000E-03 2.79540E-07  -1.91053E-03
6.71141E+00 4.16063E-18  2.80001E-07  2.20568E-04 
6.77852E+00 2.00000E-03  2.84301E-07  2.19944E-03 
6.84564E+00 4.00000E-03  2.84147E-07  4.17831E-03 
6.91275E+00 6.00000E-03  2.86144E-07  6.15719E-03 
6.97987E+00 8.00000E-03  2.90291E-07  8.28828E-03 
7.04698E+00 1.00000E-02  2.90137E-07  1.02672E-02 
7.11409E+00 1.20000E-02  2.92901E-07  1.20938E-02 
7.18121E+00 1.40000E-02  2.96741E-07  1.42249E-02 
7.24832E+00 1.60000E-02  2.95820E-07  1.62038E-02 
7.31544E+00 1.80000E-02  2.99352E-07  1.81826E-02 
7.38255E+00 2.00000E-02  3.03345E-07  2.03137E-02 
7.44966E+00 2.20000E-02  3.01963E-07  2.21404E-02 
7.51678E+00 2.40000E-02  3.05956E-07  2.41193E-02 
7.58389E+00 2.60000E-02  3.08874E-07  2.62504E-02 
7.65101E+00 2.80000E-02  3.08260E-07  2.82292E-02 
7.71812E+00 3.00000E-02  3.12406E-07  3.02081E-02 
7.78523E+00 3.20000E-02  3.13942E-07  3.21870E-02 
7.85235E+00 3.40000E-02  3.14249E-07  3.41658E-02 
7.91946E+00 3.60000E-02  3.19010E-07  3.61447E-02 
7.98658E+00 3.80000E-02  3.19778E-07  3.82758E-02 
8.05369E+00 4.00000E-02  3.21160E-07  4.02547E-02 
8.12081E+00 4.20000E-02  3.26536E-07  4.22336E-02 
8.18792E+00 4.40000E-02  3.26228E-07  4.42124E-02 
8.25503E+00 4.60000E-02  3.28379E-07  4.63435E-02 
8.32215E+00 4.80000E-02  3.32832E-07  4.83224E-02 
8.38926E+00 5.00000E-02  3.33293E-07  5.03013E-02 
8.45638E+00 5.20000E-02  3.35904E-07  5.21279E-02 
8.52349E+00 5.40000E-02  3.39436E-07  5.42590E-02 
8.59060E+00 5.60000E-02  3.39590E-07  5.62379E-02 
8.65772E+00 5.80000E-02  3.43429E-07  5.82168E-02 
8.72483E+00 6.00000E-02  3.45733E-07  6.01956E-02 
8.79195E+00 6.20000E-02  3.46808E-07  6.21745E-02 
8.85906E+00 6.40000E-02  3.50648E-07  6.41534E-02 
8.92617E+00 6.60000E-02  3.52798E-07  6.62845E-02 
8.99329E+00 6.80000E-02  3.54180E-07  6.82633E-02 
9.06040E+00 7.00000E-02  3.58634E-07  7.02422E-02 
9.12752E+00 7.20000E-02  3.60323E-07  7.22211E-02 
9.19463E+00 7.40000E-02  3.62627E-07  7.42000E-02 
9.26174E+00 7.60000E-02  3.67081E-07  7.61788E-02 
9.32886E+00 7.80000E-02  3.68002E-07  7.83099E-02 
9.39597E+00 8.00000E-02  3.71381E-07  8.02888E-02 
9.46309E+00 8.20000E-02  3.75221E-07  8.22677E-02 
9.53020E+00 8.40000E-02  3.75681E-07  8.42465E-02 
9.59732E+00 8.60000E-02  3.80442E-07  8.62254E-02 
9.66443E+00 8.80000E-02  3.83207E-07  8.83565E-02 
9.73154E+00 9.00000E-02  3.84435E-07  9.01832E-02 
9.79866E+00 9.20000E-02  3.88889E-07  9.23142E-02 
9.86577E+00 9.40000E-02  3.91193E-07  9.42931E-02 
9.93289E+00 9.60000E-02  3.93497E-07  9.62720E-02 
1.00000E+01 9.80000E-02  3.98718E-07  9.82509E-02 
1.00671E+01 1.00000E-01  3.99793E-07  1.00230E-01 
1.01342E+01 1.02000E-01  4.03633E-07  1.02209E-01 
1.02013E+01 1.04000E-01  4.08855E-07  1.04187E-01 
1.02685E+01 1.06000E-01  4.09776E-07  1.06319E-01 
1.03356E+01 1.08000E-01  4.14844E-07  1.08297E-01 
1.04027E+01 1.10000E-01  4.19298E-07  1.10124E-01 
1.04698E+01 1.12000E-01  4.20066E-07  1.12255E-01 
1.05369E+01 1.14000E-01  4.27284E-07  1.14234E-01 
1.06040E+01 1.16000E-01  4.30049E-07  1.16213E-01 
1.06711E+01 1.18000E-01  4.31738E-07  1.18344E-01 
1.07383E+01 1.20000E-01  4.38342E-07  1.20323E-01 
1.08054E+01 1.22000E-01  4.41107E-07  1.22302E-01 
1.08725E+01 1.24000E-01  4.42642E-07  1.24281E-01 
1.09396E+01 1.26000E-01  4.50936E-07  1.26412E-01 
1.10067E+01 1.28000E-01  4.52164E-07  1.28391E-01 
1.10738E+01 1.30000E-01  4.55850E-07  1.30369E-01 
1.11409E+01 1.32000E-01  4.63836E-07  1.32348E-01 
1.12081E+01 1.34000E-01  4.65987E-07  1.34327E-01 
1.12752E+01 1.36000E-01  4.70440E-07  1.36306E-01 
1.13423E+01 1.38000E-01  4.79809E-07  1.38285E-01 
1.14094E+01 1.40000E-01  4.77505E-07  1.39959E-01 
1.14765E+01 1.42000E-01  4.84877E-07  1.42091E-01 
1.15436E+01 1.44000E-01  4.93785E-07  1.44069E-01 
1.16107E+01 1.46000E-01  4.92095E-07  1.46048E-01 
1.16779E+01 1.48000E-01  5.00849E-07  1.48027E-01 
1.17450E+01 1.50000E-01  5.08682E-07  1.50006E-01 
1.18121E+01 1.52000E-01  5.07914E-07  1.52137E-01 
1.18792E+01 1.54000E-01  5.16822E-07  1.54116E-01 
1.19463E+01 1.56000E-01  5.23118E-07  1.56095E-01 
1.20134E+01 1.58000E-01  5.23272E-07  1.58074E-01 
1.20805E+01 1.60000E-01  5.32948E-07  1.60205E-01 
1.21477E+01 1.62000E-01  5.38323E-07  1.62184E-01 
1.22148E+01 1.64000E-01  5.41087E-07  1.64163E-01 
1.22819E+01 1.66000E-01  5.51224E-07  1.66141E-01 
1.23490E+01 1.68000E-01  5.54756E-07  1.68120E-01 
1.24161E+01 1.70000E-01  5.59210E-07  1.70099E-01 
1.24832E+01 1.72000E-01  5.69193E-07  1.72078E-01 
1.25503E+01 1.74000E-01  5.72879E-07  1.74209E-01 
1.26174E+01 1.76000E-01  5.78407E-07  1.76188E-01 
1.26846E+01 1.78000E-01  5.87161E-07  1.78167E-01 
1.27517E+01 1.80000E-01  5.91615E-07  1.80146E-01 
1.28188E+01 1.82000E-01  5.98373E-07  1.82125E-01 
1.28859E+01 1.84000E-01  6.05438E-07  1.84256E-01 
1.29530E+01 1.86000E-01  6.11581E-07  1.86235E-01 
1.30201E+01 1.88000E-01  6.18799E-07  1.88061E-01 
1.30872E+01 1.90000E-01  6.24328E-07  1.90040E-01 
1.31544E+01 1.92000E-01  6.30318E-07  1.92171E-01 
1.32215E+01 1.94000E-01  6.39686E-07  1.94150E-01 
1.32886E+01 1.96000E-01  6.42911E-07  1.96129E-01 
1.33557E+01 1.98000E-01  6.54123E-07  1.98108E-01 
1.34228E+01 2.00000E-01  6.60266E-07  2.00239E-01 
1.34899E+01 2.02000E-01  6.62723E-07  2.02218E-01 
1.35570E+01 2.04000E-01  6.87910E-07  2.04197E-01 
1.36242E+01 2.06000E-01  6.85607E-07  2.06328E-01 
1.36913E+01 2.08000E-01  6.85914E-07  2.08154E-01 
1.37584E+01 2.10000E-01  7.02193E-07  2.10133E-01 
1.38255E+01 2.12000E-01  6.99122E-07  2.12264E-01 
1.38926E+01 2.14000E-01  7.19394E-07  2.14243E-01 
1.39597E+01 2.16000E-01  7.28302E-07  2.16222E-01 
1.40268E+01 2.18000E-01  7.29223E-07  2.18049E-01 
1.40940E+01 2.20000E-01  7.33831E-07  2.20180E-01 
1.41611E+01 2.22000E-01  7.51646E-07  2.22159E-01 
1.42282E+01 2.24000E-01  7.51800E-07  2.24290E-01 
1.42953E+01 2.26000E-01  7.58864E-07  2.26116E-01 
1.43624E+01 2.28000E-01  7.76987E-07  2.28095E-01 
1.44295E+01 2.30000E-01  7.76833E-07  2.30074E-01 
1.44966E+01 2.32000E-01  7.86355E-07  2.32205E-01 
1.45638E+01 2.34000E-01  8.06781E-07  2.34184E-01 
1.46309E+01 2.36000E-01  8.03556E-07  2.36163E-01 
1.46980E+01 2.38000E-01  8.15843E-07  2.38142E-01 
1.47651E+01 2.40000E-01  8.35808E-07  2.40121E-01 
1.48322E+01 2.42000E-01  8.31508E-07  2.42252E-01 
1.48993E+01 2.44000E-01  8.49016E-07  2.44231E-01 
1.49664E+01 2.46000E-01  8.61610E-07  2.46210E-01 
1.50336E+01 2.48000E-01  8.59767E-07  2.48189E-01 
1.51007E+01 2.50000E-01  8.79271E-07  2.50167E-01 
1.51678E+01 2.52000E-01  8.89868E-07  2.52298E-01 
1.52349E+01 2.54000E-01  8.91404E-07  2.54277E-01 
1.53020E+01 2.56000E-01  9.13059E-07  2.56104E-01 
1.53691E+01 2.58000E-01  9.19663E-07  2.58083E-01 
1.54362E+01 2.60000E-01  9.25653E-07  2.60214E-01 
1.55034E+01 2.62000E-01  9.46540E-07  2.62193E-01 
1.55705E+01 2.64000E-01  9.51454E-07  2.64324E-01 
1.56376E+01 2.66000E-01  9.67580E-07  2.66151E-01 
1.57047E+01 2.68000E-01  9.80788E-07  2.68129E-01 
1.57718E+01 2.70000E-01  9.83860E-07  2.70261E-01 
1.58389E+01 2.72000E-01  1.00137E-06  2.72239E-01 
1.59060E+01 2.74000E-01  1.01765E-06  2.74218E-01 
1.59732E+01 2.76000E-01  1.01934E-06  2.76197E-01 
1.60403E+01 2.78000E-01  1.04007E-06  2.78328E-01 
1.61074E+01 2.80000E-01  1.05297E-06  2.80307E-01 
1.61745E+01 2.82000E-01  1.05251E-06  2.82286E-01 
1.62416E+01 2.84000E-01  1.07847E-06  2.84265E-01 
1.63087E+01 2.86000E-01  1.08707E-06  2.86244E-01 
1.63758E+01 2.88000E-01  1.08968E-06  2.88223E-01 
1.64430E+01 2.90000E-01  1.11471E-06  2.90354E-01 
1.65101E+01 2.92000E-01  1.12239E-06  2.92333E-01 
1.65772E+01 2.94000E-01  1.12838E-06  2.94159E-01 
1.66443E+01 2.96000E-01  1.15372E-06  2.96138E-01 
1.67114E+01 2.98000E-01  1.16017E-06  2.98269E-01 
1.67785E+01 3.00000E-01  1.17031E-06  3.00248E-01 
1.68456E+01 3.02000E-01  1.19089E-06  3.02227E-01 
1.69128E+01 3.04000E-01  1.19718E-06  3.04206E-01 
1.69799E+01 3.06000E-01  1.21147E-06  3.06185E-01 
1.70470E+01 3.08000E-01  1.22759E-06  3.08164E-01 
1.71141E+01 3.10000E-01  1.23327E-06  3.10142E-01 
1.71812E+01 3.12000E-01  1.24971E-06  3.12121E-01 
1.72483E+01 3.14000E-01  1.26460E-06  3.14252E-01 
1.73154E+01 3.16000E-01  1.26921E-06  3.16231E-01 
1.73826E+01 3.18000E-01  1.28472E-06  3.18210E-01 
1.74497E+01 3.20000E-01  1.29686E-06  3.20189E-01 
1.75168E+01 3.22000E-01  1.30346E-06  3.22320E-01 
1.75839E+01 3.24000E-01  1.31882E-06  3.24147E-01 
1.76510E+01 3.26000E-01  1.32696E-06  3.26126E-01 
1.77181E+01 3.28000E-01  1.33740E-06  3.28257E-01 
1.77852E+01 3.30000E-01  1.35153E-06  3.30236E-01 
1.78523E+01 3.32000E-01  1.35860E-06  3.32214E-01 
1.79195E+01 3.34000E-01  1.37104E-06  3.34193E-01 
1.79866E+01 3.36000E-01  1.38332E-06  3.36172E-01 
1.80537E+01 3.38000E-01  1.38732E-06  3.38151E-01 
1.81208E+01 3.40000E-01  1.40375E-06  3.40282E-01 
1.81879E+01 3.42000E-01  1.41173E-06  3.42261E-01 
1.82550E+01 3.44000E-01  1.41496E-06  3.44088E-01 
1.83221E+01 3.46000E-01  1.43216E-06  3.46219E-01 
1.83893E+01 3.48000E-01  1.43784E-06  3.48198E-01 
1.84564E+01 3.50000E-01  1.44260E-06  3.50177E-01 
1.85235E+01 3.52000E-01  1.45581E-06  3.52155E-01 
1.85906E+01 3.54000E-01  1.46027E-06  3.54287E-01 
1.86577E+01 3.56000E-01  1.46902E-06  3.56265E-01 
1.87248E+01 3.58000E-01  1.48177E-06  3.58244E-01 
1.87919E+01 3.60000E-01  1.48438E-06  3.60375E-01 
1.88591E+01 3.62000E-01  1.49574E-06  3.62202E-01 
1.89262E+01 3.64000E-01  1.50910E-06  3.64181E-01 
1.89933E+01 3.66000E-01  1.51064E-06  3.66160E-01 
1.90604E+01 3.68000E-01  1.52247E-06  3.68291E-01 
1.91275E+01 3.70000E-01  1.53675E-06  3.70270E-01 
1.91946E+01 3.72000E-01  1.53613E-06  3.72249E-01 
1.92617E+01 3.74000E-01  1.54765E-06  3.74227E-01 
1.93289E+01 3.76000E-01  1.55149E-06  3.76206E-01 
1.93960E+01 3.78000E-01  1.55287E-06  3.78185E-01 
1.94631E+01 3.80000E-01  1.56731E-06  3.80164E-01 
1.95302E+01 3.82000E-01  1.57345E-06  3.82143E-01 
1.95973E+01 3.84000E-01  1.58221E-06  3.84122E-01 
1.96644E+01 3.86000E-01  1.59511E-06  3.86101E-01 
1.97315E+01 3.88000E-01  1.59665E-06  3.88232E-01 
1.97987E+01 3.90000E-01  1.60095E-06  3.90211E-01 
1.98658E+01 3.92000E-01  1.61446E-06  3.92190E-01 
1.99329E+01 3.94000E-01  1.61292E-06  3.94321E-01 
2.00000E+01 3.96000E-01  1.62168E-06  3.96300E-01 
2.00671E+01 3.98000E-01  1.63274E-06  3.98278E-01 
2.01342E+01 4.00000E-01  1.63182E-06  4.00409E-01 
2.02013E+01 4.02000E-01  1.64226E-06  4.02236E-01 
2.02685E+01 4.04000E-01  1.65178E-06  4.04215E-01 
2.03356E+01 4.06000E-01  1.65408E-06  4.06194E-01 
2.04027E+01 4.08000E-01  1.66560E-06  4.08325E-01 
2.04698E+01 4.10000E-01  1.67175E-06  4.10304E-01 
2.05369E+01 4.12000E-01  1.67681E-06  4.12283E-01 
2.06040E+01 4.14000E-01  1.68480E-06  4.14262E-01 
2.06711E+01 4.16000E-01  1.68987E-06  4.16240E-01 
2.07383E+01 4.18000E-01  1.69309E-06  4.18219E-01 
2.08054E+01 4.20000E-01  1.70738E-06  4.20350E-01 
2.08725E+01 4.22000E-01  1.71398E-06  4.22177E-01 
2.09396E+01 4.24000E-01  1.71951E-06  4.24156E-01 
2.10067E+01 4.26000E-01  1.73103E-06  4.26287E-01 
2.10738E+01 4.28000E-01  1.73656E-06  4.28266E-01 
2.11409E+01 4.30000E-01  1.74147E-06  4.30245E-01 
2.12081E+01 4.32000E-01  1.75268E-06  4.32376E-01 
2.12752E+01 4.34000E-01  1.76098E-06  4.34355E-01 
2.13423E+01 4.36000E-01  1.76804E-06  4.36334E-01 
2.14094E+01 4.38000E-01  1.77434E-06  4.38312E-01 
2.14765E+01 4.40000E-01  1.78063E-06  4.40291E-01 
2.15436E+01 4.42000E-01  1.78847E-06  4.42270E-01 
2.16107E+01 4.44000E-01  1.80490E-06  4.44249E-01 
2.16779E+01 4.46000E-01  1.80920E-06  4.46380E-01 
2.17450E+01 4.48000E-01  1.81642E-06  4.48359E-01 
2.18121E+01 4.50000E-01  1.81903E-06  4.50186E-01 
2.18792E+01 4.52000E-01  1.82671E-06  4.52012E-01 
2.19463E+01 4.54000E-01  1.83546E-06  4.54143E-01 
2.20134E+01 4.56000E-01  1.83915E-06  4.56122E-01 
2.20805E+01 4.58000E-01  1.84944E-06  4.58101E-01 
2.21477E+01 4.60000E-01  1.85589E-06  4.60080E-01 
2.22148E+01 4.62000E-01  1.85835E-06  4.62059E-01 
2.22819E+01 4.64000E-01  1.87063E-06  4.64038E-01 
2.23490E+01 4.66000E-01  1.87616E-06  4.66169E-01 
2.24161E+01 4.68000E-01  1.88553E-06  4.68148E-01 
2.24832E+01 4.70000E-01  1.90181E-06  4.70127E-01 
2.25503E+01 4.72000E-01  1.90196E-06  4.72106E-01 
2.26174E+01 4.74000E-01  1.90642E-06  4.74237E-01 
2.26846E+01 4.76000E-01  1.92270E-06  4.76216E-01 
2.27517E+01 4.78000E-01  1.92224E-06  4.78194E-01 
2.28188E+01 4.80000E-01  1.92899E-06  4.80021E-01 
2.28859E+01 4.82000E-01  1.94297E-06  4.82152E-01 
2.29530E+01 4.84000E-01  1.94466E-06  4.84131E-01 
2.30201E+01 4.86000E-01  1.95479E-06  4.86110E-01 
2.30872E+01 4.88000E-01  1.96723E-06  4.88241E-01 
2.31544E+01 4.90000E-01  1.96800E-06  4.90068E-01 
2.32215E+01 4.92000E-01  1.97906E-06  4.92046E-01 
2.32886E+01 4.94000E-01  1.98950E-06  4.94178E-01 
2.33557E+01 4.96000E-01  1.99288E-06  4.96156E-01 
2.34228E+01 4.98000E-01  1.99979E-06  4.98135E-01 
2.34899E+01 5.00000E-01  2.00609E-06  5.00114E-01 
2.35570E+01 4.98000E-01  1.79753E-06  4.98288E-01 
2.36242E+01 4.96000E-01  1.68695E-06  4.96309E-01 
2.36913E+01 4.94000E-01  1.59373E-06  4.94330E-01 
2.37584E+01 4.92000E-01  1.51110E-06  4.92351E-01 
2.38255E+01 4.90000E-01  1.44491E-06  4.90220E-01 
2.38926E+01 4.88000E-01  1.38086E-06  4.88241E-01 
2.39597E+01 4.86000E-01  1.32143E-06  4.86262E-01 
2.40268E+01 4.84000E-01  1.26998E-06  4.84283E-01 
2.40940E+01 4.82000E-01  1.21868E-06  4.82304E-01 
2.41611E+01 4.80000E-01  1.17138E-06  4.80325E-01 
2.42282E+01 4.78000E-01  1.12853E-06  4.78499E-01 
2.42953E+01 4.76000E-01  1.08445E-06  4.76368E-01 
2.43624E+01 4.74000E-01  1.04606E-06  4.74389E-01 
2.44295E+01 4.72000E-01  1.00966E-06  4.72410E-01 
2.44966E+01 4.70000E-01  9.69884E-07  4.70431E-01 
2.45638E+01 4.68000E-01  9.38707E-07  4.68300E-01 
2.46309E+01 4.66000E-01  9.06302E-07  4.66321E-01 
2.46980E+01 4.64000E-01  8.72821E-07  4.64342E-01 
2.47651E+01 4.62000E-01  8.46559E-07  4.62211E-01 
2.48322E+01 4.60000E-01  8.15536E-07  4.60232E-01 
2.48993E+01 4.58000E-01  7.87891E-07  4.58406E-01 
2.49664E+01 4.56000E-01  7.63779E-07  4.56275E-01 
2.50336E+01 4.54000E-01  7.34599E-07  4.54296E-01 
2.51007E+01 4.52000E-01  7.11408E-07  4.52317E-01 
2.51678E+01 4.50000E-01  6.90060E-07  4.50338E-01 
2.52349E+01 4.48000E-01  6.63337E-07  4.48664E-01 
2.53020E+01 4.46000E-01  6.42604E-07  4.46532E-01 
2.53691E+01 4.44000E-01  6.21256E-07  4.44554E-01 
2.54362E+01 4.42000E-01  5.97759E-07  4.42575E-01 
2.55034E+01 4.40000E-01  5.77793E-07  4.40596E-01 
2.55705E+01 4.38000E-01  5.59363E-07  4.38617E-01 
2.56376E+01 4.36000E-01  5.36480E-07  4.36638E-01 
2.57047E+01 4.34000E-01  5.18050E-07  4.34507E-01 
2.57718E+01 4.32000E-01  4.99621E-07  4.32528E-01 
2.58389E+01 4.30000E-01  4.81652E-07  4.30549E-01 
2.59060E+01 4.28000E-01  4.63990E-07  4.28570E-01 
2.59732E+01 4.26000E-01  4.46175E-07  4.26439E-01 
2.60403E+01 4.24000E-01  4.33581E-07  4.24460E-01 
2.61074E+01 4.22000E-01  4.14076E-07  4.22482E-01 
2.61745E+01 4.20000E-01  3.95032E-07  4.20503E-01 
2.62416E+01 4.18000E-01  3.83821E-07  4.18524E-01 
2.63087E+01 4.16000E-01  3.64163E-07  4.16545E-01 
2.63758E+01 4.14000E-01  3.47576E-07  4.14566E-01 
2.64430E+01 4.12000E-01  3.36825E-07  4.12435E-01 
2.65101E+01 4.10000E-01  3.17628E-07  4.10608E-01 
2.65772E+01 4.08000E-01  3.00888E-07  4.08477E-01 
2.66443E+01 4.06000E-01  2.92134E-07  4.06498E-01 
2.67114E+01 4.04000E-01  2.71554E-07  4.04519E-01 
2.67785E+01 4.02000E-01  2.60035E-07  4.02388E-01 
2.68456E+01 4.00000E-01  2.49438E-07  4.00562E-01 
2.69128E+01 3.98000E-01  2.28858E-07  3.98583E-01 
2.69799E+01 3.96000E-01  2.19644E-07  3.96452E-01 
2.70470E+01 3.94000E-01  2.09507E-07  3.94473E-01 
2.71141E+01 3.92000E-01  1.88774E-07  3.92494E-01 
2.71812E+01 3.90000E-01  1.82170E-07  3.90515E-01 
2.72483E+01 3.88000E-01  1.68655E-07  3.88384E-01 
2.73154E+01 3.86000E-01  1.49150E-07  3.86405E-01 
2.73826E+01 3.84000E-01  1.43007E-07  3.84426E-01 
2.74497E+01 3.82000E-01  1.29185E-07  3.82447E-01 
2.75168E+01 3.80000E-01  1.10294E-07  3.80469E-01 
2.75839E+01 3.78000E-01  1.06608E-07  3.78490E-01 
2.76510E+01 3.76000E-01  8.87931E-08  3.76359E-01 
2.77181E+01 3.74000E-01  7.66603E-08  3.74380E-01 
2.77852E+01 3.72000E-01  7.08242E-08  3.72401E-01 
2.78523E+01 3.70000E-01  5.23946E-08  3.70574E-01 
2.79195E+01 3.68000E-01  4.34869E-08  3.68443E-01 
2.79866E+01 3.66000E-01  3.58079E-08  3.66464E-01 
2.80537E+01 3.64000E-01  1.67639E-08  3.64485E-01 
2.81208E+01 3.62000E-01  9.85283E-09  3.62506E-01 
2.81879E+01 3.60000E-01  -4.37055E-10 3.60528E-01 
2.82550E+01 3.58000E-01  -1.73309E-08 3.58549E-01 
2.83221E+01 3.56000E-01  -2.40884E-08 3.56570E-01 
2.83893E+01 3.54000E-01  -3.72963E-08 3.54439E-01 
2.84564E+01 3.52000E-01  -5.34223E-08 3.52460E-01 
2.85235E+01 3.50000E-01  -5.52653E-08 3.50481E-01 
2.85906E+01 3.48000E-01  -7.24663E-08 3.48502E-01 
2.86577E+01 3.46000E-01  -8.35240E-08 3.46371E-01 
2.87248E+01 3.44000E-01  -8.90529E-08 3.44392E-01 
2.87919E+01 3.42000E-01  -1.05332E-07 3.42566E-01 
2.88591E+01 3.40000E-01  -1.13011E-07 3.40434E-01 
2.89262E+01 3.38000E-01  -1.20537E-07 3.38456E-01 
2.89933E+01 3.36000E-01  -1.37124E-07 3.36477E-01 
2.90604E+01 3.34000E-01  -1.42960E-07 3.34346E-01 
2.91275E+01 3.32000E-01  -1.55400E-07 3.32519E-01 
2.91946E+01 3.30000E-01  -1.67993E-07 3.30540E-01 
2.92617E+01 3.28000E-01  -1.71833E-07 3.28409E-01 
2.93289E+01 3.26000E-01  -1.89955E-07 3.26430E-01 
2.93960E+01 3.24000E-01  -1.99016E-07 3.24451E-01 
2.94631E+01 3.22000E-01  -2.01167E-07 3.22472E-01 
2.95302E+01 3.20000E-01  -2.18982E-07 3.20493E-01 
2.95973E+01 3.18000E-01  -2.24357E-07 3.18515E-01 
2.96644E+01 3.16000E-01  -2.31729E-07 3.16384E-01 
2.97315E+01 3.14000E-01  -2.47394E-07 3.14405E-01 
2.97987E+01 3.12000E-01  -2.48777E-07 3.12426E-01 
2.98658E+01 3.10000E-01  -2.60141E-07 3.10447E-01 
2.99329E+01 3.08000E-01  -2.77496E-07 3.08316E-01 
3.00000E+01 3.06000E-01  -2.74117E-07 3.06337E-01 
3.00671E+01 3.04000E-01  -2.90243E-07 3.04358E-01 
3.01342E+01 3.02000E-01  -3.03912E-07 3.02379E-01 
3.02013E+01 3.00000E-01  -2.97462E-07 3.00400E-01 
3.02685E+01 2.98000E-01  -3.20806E-07 2.98421E-01 
3.03356E+01 2.96000E-01  -3.26181E-07 2.96290E-01 
3.04027E+01 2.94000E-01  -3.19577E-07 2.94311E-01 
3.04698E+01 2.92000E-01  -3.45686E-07 2.92485E-01 
3.05369E+01 2.90000E-01  -3.45379E-07 2.90506E-01 
3.06040E+01 2.88000E-01  -3.43689E-07 2.88375E-01 
3.06711E+01 2.86000E-01  -3.68723E-07 2.86396E-01 
3.07383E+01 2.84000E-01  -3.66726E-07 2.84417E-01 
3.08054E+01 2.82000E-01  -3.68569E-07 2.82438E-01 
3.08725E+01 2.80000E-01  -3.95907E-07 2.80459E-01 
3.09396E+01 2.78000E-01  -3.88074E-07 2.78480E-01 
3.10067E+01 2.76000E-01  -3.96214E-07 2.76349E-01 
3.10738E+01 2.74000E-01  -4.11265E-07 2.74371E-01 
3.11409E+01 2.72000E-01  -4.06964E-07 2.72392E-01 
3.12081E+01 2.70000E-01  -4.16947E-07 2.70261E-01 
3.12752E+01 2.68000E-01  -4.27698E-07 2.68282E-01 
3.13423E+01 2.66000E-01  -4.24933E-07 2.66303E-01 
3.14094E+01 2.64000E-01  -4.36605E-07 2.64324E-01 
3.14765E+01 2.62000E-01  -4.40138E-07 2.62345E-01 
3.15436E+01 2.60000E-01  -4.36605E-07 2.60366E-01 
3.16107E+01 2.58000E-01  -4.48277E-07 2.58387E-01 
3.16779E+01 2.56000E-01  -4.51503E-07 2.56408E-01 
3.17450E+01 2.54000E-01  -4.58721E-07 2.54430E-01 
3.18121E+01 2.52000E-01  -4.62253E-07 2.52298E-01 
3.18792E+01 2.50000E-01  -4.61332E-07 2.50320E-01 
3.19463E+01 2.48000E-01  -4.74233E-07 2.48341E-01 
3.20134E+01 2.46000E-01  -4.65939E-07 2.46362E-01 
3.20805E+01 2.44000E-01  -4.68704E-07 2.44383E-01 
3.21477E+01 2.42000E-01  -4.79608E-07 2.42404E-01 
3.22148E+01 2.40000E-01  -4.68704E-07 2.40425E-01 
3.22819E+01 2.38000E-01  -4.74386E-07 2.38294E-01 
3.23490E+01 2.36000E-01  -4.95734E-07 2.36315E-01 
3.24161E+01 2.34000E-01  -4.67168E-07 2.34336E-01 
3.24832E+01 2.32000E-01  -4.84830E-07 2.32205E-01 
3.25503E+01 2.30000E-01  -4.90051E-07 2.30226E-01 
3.26174E+01 2.28000E-01  -4.70854E-07 2.28248E-01 
3.26846E+01 2.26000E-01  -4.87748E-07 2.26269E-01 
3.27517E+01 2.24000E-01  -4.87901E-07 2.24290E-01 
3.28188E+01 2.22000E-01  -4.69625E-07 2.22311E-01 
3.28859E+01 2.20000E-01  -4.88823E-07 2.20332E-01 
3.29530E+01 2.18000E-01  -4.81297E-07 2.18201E-01 
3.30201E+01 2.16000E-01  -4.68243E-07 2.16374E-01 
3.30872E+01 2.14000E-01  -4.83755E-07 2.14395E-01 
3.31544E+01 2.12000E-01  -4.71468E-07 2.12417E-01 
3.32215E+01 2.10000E-01  -4.68089E-07 2.10285E-01 
3.32886E+01 2.08000E-01  -4.81451E-07 2.08307E-01 
3.33557E+01 2.06000E-01  -4.64711E-07 2.06328E-01 
3.34228E+01 2.04000E-01  -4.66400E-07 2.04349E-01 
3.34899E+01 2.02000E-01  -4.73618E-07 2.02370E-01 
3.35570E+01 2.00000E-01  -4.60564E-07 2.00391E-01 
3.36242E+01 1.98000E-01  -4.64711E-07 1.98260E-01 
3.36913E+01 1.96000E-01  -4.64557E-07 1.96281E-01 
3.37584E+01 1.94000E-01  -4.54728E-07 1.94302E-01 
3.38255E+01 1.92000E-01  -4.55956E-07 1.92323E-01 
3.38926E+01 1.90000E-01  -4.52885E-07 1.90192E-01 
3.39597E+01 1.88000E-01  -4.47970E-07 1.88213E-01 
3.40268E+01 1.86000E-01  -4.54574E-07 1.86387E-01 
3.40940E+01 1.84000E-01  -4.45974E-07 1.84408E-01 
3.41611E+01 1.82000E-01  -4.45206E-07 1.82277E-01 
3.42282E+01 1.80000E-01  -4.48892E-07 1.80298E-01 
3.42953E+01 1.78000E-01  -4.38295E-07 1.78319E-01 
3.43624E+01 1.76000E-01  -4.41366E-07 1.76340E-01 
3.44295E+01 1.74000E-01  -4.39523E-07 1.74361E-01 
3.44966E+01 1.72000E-01  -4.29694E-07 1.72230E-01 
3.45638E+01 1.70000E-01  -4.33073E-07 1.70251E-01 
3.46309E+01 1.68000E-01  -4.30769E-07 1.68273E-01 
3.46980E+01 1.66000E-01  -4.23858E-07 1.66294E-01 
3.47651E+01 1.64000E-01  -4.28005E-07 1.64315E-01 
3.48322E+01 1.62000E-01  -4.24319E-07 1.62336E-01 
3.48993E+01 1.60000E-01  -4.18944E-07 1.60205E-01 
3.49664E+01 1.58000E-01  -4.20940E-07 1.58226E-01 
3.50336E+01 1.56000E-01  -4.18176E-07 1.56247E-01 
3.51007E+01 1.54000E-01  -4.16793E-07 1.54268E-01 
3.51678E+01 1.52000E-01  -4.15411E-07 1.52289E-01 
3.52349E+01 1.50000E-01  -4.12800E-07 1.50158E-01 
3.53020E+01 1.48000E-01  -4.12186E-07 1.48179E-01 
3.53691E+01 1.46000E-01  -4.06964E-07 1.46353E-01 
3.54362E+01 1.44000E-01  -4.06657E-07 1.44222E-01 
3.55034E+01 1.42000E-01  -4.07425E-07 1.42243E-01 
3.55705E+01 1.40000E-01  -4.00668E-07 1.40264E-01 
3.56376E+01 1.38000E-01  -4.02664E-07 1.38285E-01 
3.57047E+01 1.36000E-01  -4.02510E-07 1.36458E-01 
3.57718E+01 1.34000E-01  -3.95753E-07 1.34479E-01 
3.58389E+01 1.32000E-01  -4.00668E-07 1.32501E-01 
3.59060E+01 1.30000E-01  -3.99439E-07 1.30369E-01 
3.59732E+01 1.28000E-01  -3.92681E-07 1.28543E-01 
3.60403E+01 1.26000E-01  -3.97750E-07 1.26564E-01 
3.61074E+01 1.24000E-01  -3.93296E-07 1.24433E-01 
3.61745E+01 1.22000E-01  -3.88228E-07 1.22454E-01 
3.62416E+01 1.20000E-01  -3.94678E-07 1.20475E-01 
3.63087E+01 1.18000E-01  -3.88074E-07 1.18496E-01 
3.63758E+01 1.16000E-01  -3.87460E-07 1.16365E-01 
3.64430E+01 1.14000E-01  -3.92528E-07 1.14386E-01 
3.65101E+01 1.12000E-01  -3.85770E-07 1.12407E-01 
3.65772E+01 1.10000E-01  -3.87460E-07 1.10276E-01 
3.66443E+01 1.08000E-01  -3.89917E-07 1.08450E-01 
3.67114E+01 1.06000E-01  -3.83774E-07 1.06471E-01 
3.67785E+01 1.04000E-01  -3.86385E-07 1.04492E-01 
3.68456E+01 1.02000E-01  -3.86077E-07 1.02361E-01 
3.69128E+01 1.00000E-01  -3.82084E-07 1.00382E-01 
3.69799E+01 9.80000E-02  -3.85156E-07 9.84031E-02 
3.70470E+01 9.60000E-02  -3.83467E-07 9.64242E-02 
3.71141E+01 9.40000E-02  -3.81777E-07 9.44453E-02 
3.71812E+01 9.20000E-02  -3.84234E-07 9.23142E-02 
3.72483E+01 9.00000E-02  -3.80702E-07 9.03354E-02 
3.73154E+01 8.80000E-02  -3.82084E-07 8.85087E-02 
3.73826E+01 8.60000E-02  -3.84081E-07 8.63776E-02 
3.74497E+01 8.40000E-02  -3.80395E-07 8.43988E-02 
3.75168E+01 8.20000E-02  -3.81777E-07 8.24199E-02 
3.75839E+01 8.00000E-02  -3.82852E-07 8.04410E-02 
3.76510E+01 7.80000E-02  -3.79627E-07 7.83099E-02 
3.77181E+01 7.60000E-02  -3.81777E-07 7.63310E-02 
3.77852E+01 7.40000E-02  -3.81470E-07 7.43522E-02 
3.78523E+01 7.20000E-02  -3.80088E-07 7.23733E-02 
3.79195E+01 7.00000E-02  -3.82238E-07 7.03944E-02 
3.79866E+01 6.80000E-02  -3.80856E-07 6.84156E-02 
3.80537E+01 6.60000E-02  -3.80856E-07 6.64367E-02 
3.81208E+01 6.40000E-02  -3.82852E-07 6.43056E-02 
3.81879E+01 6.20000E-02  -3.81009E-07 6.23267E-02 
3.82550E+01 6.00000E-02  -3.83313E-07 6.03478E-02 
3.83221E+01 5.80000E-02  -3.82852E-07 5.83690E-02 
3.83893E+01 5.60000E-02  -3.81470E-07 5.63901E-02 
3.84564E+01 5.40000E-02  -3.83774E-07 5.44112E-02 
3.85235E+01 5.20000E-02  -3.82699E-07 5.24324E-02 
3.85906E+01 5.00000E-02  -3.82238E-07 5.04535E-02 
3.86577E+01 4.80000E-02  -3.85617E-07 4.84746E-02 
3.87248E+01 4.60000E-02  -3.83313E-07 4.64957E-02 
3.87919E+01 4.40000E-02  -3.84234E-07 4.43646E-02 
3.88591E+01 4.20000E-02  -3.86999E-07 4.23858E-02 
3.89262E+01 4.00000E-02  -3.84849E-07 4.04069E-02 
3.89933E+01 3.80000E-02  -3.87152E-07 3.84280E-02 
3.90604E+01 3.60000E-02  -3.88228E-07 3.62969E-02 
3.91275E+01 3.40000E-02  -3.85463E-07 3.43181E-02 
3.91946E+01 3.20000E-02  -3.89303E-07 3.23392E-02 
3.92617E+01 3.00000E-02  -3.88995E-07 3.03603E-02 
3.93289E+01 2.80000E-02  -3.87613E-07 2.83814E-02 
3.93960E+01 2.60000E-02  -3.91299E-07 2.64026E-02 
3.94631E+01 2.40000E-02  -3.89917E-07 2.42715E-02 
3.95302E+01 2.20000E-02  -3.88842E-07 2.22926E-02 
3.95973E+01 2.00000E-02  -3.93449E-07 2.03137E-02 
3.96644E+01 1.80000E-02  -3.92221E-07 1.83349E-02 
3.97315E+01 1.60000E-02  -3.91760E-07 1.63560E-02 
3.97987E+01 1.40000E-02  -3.95599E-07 1.43771E-02 
3.98658E+01 1.20000E-02  -3.94064E-07 1.23982E-02 
3.99329E+01 1.00000E-02  -3.94371E-07 1.04194E-02 
4.00000E+01 8.00000E-03  -3.97135E-07 8.44050E-03 
4.00671E+01 6.00000E-03  -3.95599E-07 6.30941E-03 
4.01342E+01 4.00000E-03  -3.97135E-07 4.33053E-03 
4.02013E+01 2.00000E-03  -3.98057E-07 2.35166E-03 
4.02685E+01 4.17418E-18  -3.97903E-07 3.72789E-04 
4.03356E+01 -2.00000E-03 -3.99592E-07 -1.75830E-03
4.04027E+01 -4.00000E-03 -4.00053E-07 -3.73718E-03
4.04698E+01 -6.00000E-03 -4.01589E-07 -5.71605E-03
4.05369E+01 -8.00000E-03 -4.02664E-07 -7.69492E-03
4.06040E+01 -1.00000E-02 -4.02510E-07 -9.67379E-03
4.06711E+01 -1.20000E-02 -4.05275E-07 -1.16527E-02
4.07383E+01 -1.40000E-02 -4.04661E-07 -1.37838E-02
4.08054E+01 -1.60000E-02 -4.05429E-07 -1.57626E-02
4.08725E+01 -1.80000E-02 -4.07425E-07 -1.75893E-02
4.09396E+01 -2.00000E-02 -4.06350E-07 -1.94159E-02
4.10067E+01 -2.20000E-02 -4.08039E-07 -2.13948E-02
4.10738E+01 -2.40000E-02 -4.10650E-07 -2.35259E-02
4.11409E+01 -2.60000E-02 -4.08193E-07 -2.55048E-02
4.12081E+01 -2.80000E-02 -4.11418E-07 -2.74836E-02
4.12752E+01 -3.00000E-02 -4.13415E-07 -2.94625E-02
4.13423E+01 -3.20000E-02 -4.11111E-07 -3.14414E-02
4.14094E+01 -3.40000E-02 -4.14951E-07 -3.34203E-02
4.14765E+01 -3.60000E-02 -4.17561E-07 -3.53991E-02
4.15436E+01 -3.80000E-02 -4.14336E-07 -3.75302E-02
4.16107E+01 -4.00000E-02 -4.18636E-07 -3.95091E-02
4.16779E+01 -4.20000E-02 -4.18329E-07 -4.14880E-02
4.17450E+01 -4.40000E-02 -4.16486E-07 -4.34668E-02
4.18121E+01 -4.60000E-02 -4.21247E-07 -4.55979E-02
4.18792E+01 -4.80000E-02 -4.20633E-07 -4.74246E-02
4.19463E+01 -5.00000E-02 -4.20479E-07 -4.94035E-02
4.20134E+01 -5.20000E-02 -4.24933E-07 -5.15346E-02
4.20805E+01 -5.40000E-02 -4.23397E-07 -5.35134E-02
4.21477E+01 -5.60000E-02 -4.23858E-07 -5.54923E-02
4.22148E+01 -5.80000E-02 -4.27544E-07 -5.74712E-02
4.22819E+01 -6.00000E-02 -4.26623E-07 -5.94500E-02
4.23490E+01 -6.20000E-02 -4.28005E-07 -6.15811E-02
4.24161E+01 -6.40000E-02 -4.30769E-07 -6.35600E-02
4.24832E+01 -6.60000E-02 -4.29694E-07 -6.55389E-02
4.25503E+01 -6.80000E-02 -4.31691E-07 -6.73655E-02
4.26174E+01 -7.00000E-02 -4.32766E-07 -6.94966E-02
4.26846E+01 -7.20000E-02 -4.33227E-07 -7.14755E-02
4.27517E+01 -7.40000E-02 -4.35530E-07 -7.34544E-02
4.28188E+01 -7.60000E-02 -4.36452E-07 -7.55855E-02
4.28859E+01 -7.80000E-02 -4.37527E-07 -7.75643E-02
4.29530E+01 -8.00000E-02 -4.39523E-07 -7.95432E-02
4.30201E+01 -8.20000E-02 -4.38755E-07 -8.15221E-02
4.30872E+01 -8.40000E-02 -4.41981E-07 -8.36532E-02
4.31544E+01 -8.60000E-02 -4.42595E-07 -8.56321E-02
4.32215E+01 -8.80000E-02 -4.42902E-07 -8.74587E-02
4.32886E+01 -9.00000E-02 -4.45052E-07 -8.95898E-02
4.33557E+01 -9.20000E-02 -4.46127E-07 -9.15687E-02
4.34228E+01 -9.40000E-02 -4.46281E-07 -9.35475E-02
4.34899E+01 -9.60000E-02 -4.49045E-07 -9.55264E-02
4.35570E+01 -9.80000E-02 -4.49199E-07 -9.75053E-02
4.36242E+01 -1.00000E-01 -4.50428E-07 -9.94842E-02
4.36913E+01 -1.02000E-01 -4.52424E-07 -1.01463E-01
4.37584E+01 -1.04000E-01 -4.53346E-07 -1.03594E-01
4.38255E+01 -1.06000E-01 -4.54881E-07 -1.05421E-01
4.38926E+01 -1.08000E-01 -4.56264E-07 -1.07400E-01
4.39597E+01 -1.10000E-01 -4.56878E-07 -1.09531E-01
4.40268E+01 -1.12000E-01 -4.59028E-07 -1.11510E-01
4.40940E+01 -1.14000E-01 -4.58721E-07 -1.13488E-01
4.41611E+01 -1.16000E-01 -4.61025E-07 -1.15467E-01
4.42282E+01 -1.18000E-01 -4.62407E-07 -1.17598E-01
4.42953E+01 -1.20000E-01 -4.62560E-07 -1.19577E-01
4.43624E+01 -1.22000E-01 -4.66093E-07 -1.21556E-01
4.44295E+01 -1.24000E-01 -4.67014E-07 -1.23535E-01
4.44966E+01 -1.26000E-01 -4.65478E-07 -1.25514E-01
4.45638E+01 -1.28000E-01 -4.70854E-07 -1.27493E-01
4.46309E+01 -1.30000E-01 -4.70393E-07 -1.29624E-01
4.46980E+01 -1.32000E-01 -4.69779E-07 -1.31603E-01
4.47651E+01 -1.34000E-01 -4.74386E-07 -1.33582E-01
4.48322E+01 -1.36000E-01 -4.73618E-07 -1.35561E-01
4.48993E+01 -1.38000E-01 -4.73004E-07 -1.37539E-01
4.49664E+01 -1.40000E-01 -4.78533E-07 -1.39518E-01
4.50336E+01 -1.42000E-01 -4.76229E-07 -1.41649E-01
4.51007E+01 -1.44000E-01 -4.78072E-07 -1.43628E-01
4.51678E+01 -1.46000E-01 -4.82219E-07 -1.45455E-01
4.52349E+01 -1.48000E-01 -4.80836E-07 -1.47586E-01
4.53020E+01 -1.50000E-01 -4.82526E-07 -1.49565E-01
4.53691E+01 -1.52000E-01 -4.86058E-07 -1.51544E-01
4.54362E+01 -1.54000E-01 -4.83601E-07 -1.53523E-01
4.55034E+01 -1.56000E-01 -4.86980E-07 -1.55654E-01
4.55705E+01 -1.58000E-01 -4.89130E-07 -1.57633E-01
4.56376E+01 -1.60000E-01 -4.87594E-07 -1.59611E-01
4.57047E+01 -1.62000E-01 -4.91280E-07 -1.61743E-01
4.57718E+01 -1.64000E-01 -4.92662E-07 -1.63569E-01
4.58389E+01 -1.66000E-01 -4.91741E-07 -1.65548E-01
4.59060E+01 -1.68000E-01 -4.95734E-07 -1.67527E-01
4.59732E+01 -1.70000E-01 -4.95734E-07 -1.69658E-01
4.60403E+01 -1.72000E-01 -4.97577E-07 -1.71637E-01
4.61074E+01 -1.74000E-01 -5.00188E-07 -1.73616E-01
4.61745E+01 -1.76000E-01 -5.00188E-07 -1.75290E-01
4.62416E+01 -1.78000E-01 -5.02491E-07 -1.77421E-01
4.63087E+01 -1.80000E-01 -5.03413E-07 -1.79400E-01
4.63758E+01 -1.82000E-01 -5.03566E-07 -1.81379E-01
4.64430E+01 -1.84000E-01 -5.07099E-07 -1.83358E-01
4.65101E+01 -1.86000E-01 -5.07406E-07 -1.85337E-01
4.65772E+01 -1.88000E-01 -5.08174E-07 -1.87316E-01
4.66443E+01 -1.90000E-01 -5.10938E-07 -1.89447E-01
4.67114E+01 -1.92000E-01 -5.11860E-07 -1.91426E-01
4.67785E+01 -1.94000E-01 -5.13396E-07 -1.93404E-01
4.68456E+01 -1.96000E-01 -5.15853E-07 -1.95383E-01
4.69128E+01 -1.98000E-01 -5.16160E-07 -1.97362E-01
