time/s      E/V        I/A
0.00000E+00 -2.00000E-01 -7.56053E-07 -1.99341E-01
6.71141E-02 -1.98000E-01 -6.63290E-07 -1.97514E-01
1.34228E-01 -1.96000E-01 -6.11073E-07 -1.95536E-01
2.01342E-01 -1.94000E-01 -5.77746E-07 -1.93404E-01
2.68456E-01 -1.92000E-01 -5.53787E-07 -1.91426E-01
3.35570E-01 -1.90000E-01 -5.22303E-07 -1.89447E-01
4.02685E-01 -1.88000E-01 -5.00341E-07 -1.87468E-01
4.69799E-01 -1.86000E-01 -4.82679E-07 -1.85337E-01
5.36913E-01 -1.84000E-01 -4.58107E-07 -1.83358E-01
6.04027E-01 -1.82000E-01 -4.40291E-07 -1.81379E-01
6.71141E-01 -1.80000E-01 -4.26315E-07 -1.79400E-01
7.38255E-01 -1.78000E-01 -4.04353E-07 -1.77421E-01
8.05369E-01 -1.76000E-01 -3.90531E-07 -1.75442E-01
8.72483E-01 -1.74000E-01 -3.77938E-07 -1.73616E-01
9.39597E-01 -1.72000E-01 -3.59047E-07 -1.71637E-01
1.00671E+00 -1.70000E-01 -3.46914E-07 -1.69658E-01
1.07383E+00 -1.68000E-01 -3.36010E-07 -1.67679E-01
1.14094E+00 -1.66000E-01 -3.19270E-07 -1.65700E-01
1.20805E+00 -1.64000E-01 -3.08366E-07 -1.63721E-01
1.27517E+00 -1.62000E-01 -2.97154E-07 -1.61743E-01
1.34228E+00 -1.60000E-01 -2.84561E-07 -1.59764E-01
1.40940E+00 -1.58000E-01 -2.71506E-07 -1.57785E-01
1.47651E+00 -1.56000E-01 -2.62445E-07 -1.55654E-01
1.54362E+00 -1.54000E-01 -2.50159E-07 -1.53675E-01
1.61074E+00 -1.52000E-01 -2.39408E-07 -1.51696E-01
1.67785E+00 -1.50000E-01 -2.30961E-07 -1.49717E-01
1.74497E+00 -1.48000E-01 -2.20211E-07 -1.47586E-01
1.81208E+00 -1.46000E-01 -2.09153E-07 -1.45607E-01
1.87919E+00 -1.44000E-01 -2.02088E-07 -1.43628E-01
1.94631E+00 -1.42000E-01 -1.91337E-07 -1.41649E-01
2.01342E+00 -1.40000E-01 -1.82276E-07 -1.39670E-01
2.08054E+00 -1.38000E-01 -1.74904E-07 -1.37692E-01
2.14765E+00 -1.36000E-01 -1.64000E-07 -1.35561E-01
2.21477E+00 -1.34000E-01 -1.55246E-07 -1.33734E-01
2.28188E+00 -1.32000E-01 -1.49564E-07 -1.31603E-01
2.34899E+00 -1.30000E-01 -1.38967E-07 -1.29624E-01
2.41611E+00 -1.28000E-01 -1.30980E-07 -1.27645E-01
2.48322E+00 -1.26000E-01 -1.25605E-07 -1.25514E-01
2.55034E+00 -1.24000E-01 -1.15162E-07 -1.23687E-01
2.61745E+00 -1.22000E-01 -1.08404E-07 -1.21708E-01
2.68456E+00 -1.20000E-01 -1.02875E-07 -1.19577E-01
2.75168E+00 -1.18000E-01 -9.25853E-08 -1.17598E-01
2.81879E+00 -1.16000E-01 -8.73636E-08 -1.15620E-01
2.88591E+00 -1.14000E-01 -8.09132E-08 -1.13641E-01
2.95302E+00 -1.12000E-01 -7.13912E-08 -1.11510E-01
3.02013E+00 -1.10000E-01 -6.69374E-08 -1.09531E-01
3.08725E+00 -1.08000E-01 -5.98727E-08 -1.07552E-01
3.15436E+00 -1.06000E-01 -5.09650E-08 -1.05573E-01
3.22148E+00 -1.04000E-01 -4.71255E-08 -1.03594E-01
3.28859E+00 -1.02000E-01 -3.97536E-08 -1.01615E-01
3.35570E+00 -1.00000E-01 -3.25354E-08 -9.94842E-02
3.42282E+00 -9.80000E-02 -2.82351E-08 -9.75053E-02
3.48993E+00 -9.60000E-02 -2.10168E-08 -9.56786E-02
3.55705E+00 -9.40000E-02 -1.48736E-08 -9.36998E-02
3.62416E+00 -9.20000E-02 -1.08805E-08 -9.17209E-02
3.69128E+00 -9.00000E-02 -2.74076E-09 -8.95898E-02
3.75839E+00 -8.80000E-02 2.78813E-09  -8.76109E-02
3.82550E+00 -8.60000E-02 7.24196E-09  -8.56321E-02
3.89262E+00 -8.40000E-02 1.43067E-08  -8.36532E-02
3.95973E+00 -8.20000E-02 1.95284E-08  -8.16743E-02
4.02685E+00 -8.00000E-02 2.47501E-08  -7.96954E-02
4.09396E+00 -7.80000E-02 3.04326E-08  -7.75643E-02
4.16107E+00 -7.60000E-02 3.58079E-08  -7.55855E-02
4.22819E+00 -7.40000E-02 4.08761E-08  -7.36066E-02
4.29530E+00 -7.20000E-02 4.56371E-08  -7.16277E-02
4.36242E+00 -7.00000E-02 5.17803E-08  -6.94966E-02
4.42953E+00 -6.80000E-02 5.65413E-08  -6.75178E-02
4.49664E+00 -6.60000E-02 6.05344E-08  -6.55389E-02
4.56376E+00 -6.40000E-02 6.74455E-08  -6.35600E-02
4.63087E+00 -6.20000E-02 7.18993E-08  -6.15811E-02
4.69799E+00 -6.00000E-02 7.57388E-08  -5.94500E-02
4.76510E+00 -5.80000E-02 8.31107E-08  -5.74712E-02
4.83221E+00 -5.60000E-02 8.64894E-08  -5.54923E-02
4.89933E+00 -5.40000E-02 8.92539E-08  -5.35134E-02
4.96644E+00 -5.20000E-02 9.72401E-08  -5.15346E-02
5.03356E+00 -5.00000E-02 1.00312E-07  -4.95557E-02
5.10067E+00 -4.80000E-02 1.03690E-07  -4.74246E-02
5.16779E+00 -4.60000E-02 1.11677E-07  -4.55979E-02
5.23490E+00 -4.40000E-02 1.13520E-07  -4.36191E-02
5.30201E+00 -4.20000E-02 1.18741E-07  -4.14880E-02
5.36913E+00 -4.00000E-02 1.25806E-07  -3.95091E-02
5.43624E+00 -3.80000E-02 1.26728E-07  -3.75302E-02
5.50336E+00 -3.60000E-02 1.32103E-07  -3.55514E-02
5.57047E+00 -3.40000E-02 1.39321E-07  -3.35725E-02
5.63758E+00 -3.20000E-02 1.39782E-07  -3.14414E-02
5.70470E+00 -3.00000E-02 1.45464E-07  -2.94625E-02
5.77181E+00 -2.80000E-02 1.51761E-07  -2.74836E-02
5.83893E+00 -2.60000E-02 1.52529E-07  -2.55048E-02
5.90604E+00 -2.40000E-02 1.58365E-07  -2.35259E-02
5.97315E+00 -2.20000E-02 1.63894E-07  -2.15470E-02
6.04027E+00 -2.00000E-02 1.65276E-07  -1.94159E-02
6.10738E+00 -1.80000E-02 1.70959E-07  -1.75893E-02
6.17450E+00 -1.60000E-02 1.76027E-07  -1.57626E-02
6.24161E+00 -1.40000E-02 1.78484E-07  -1.37838E-02
6.30872E+00 -1.20000E-02 1.83706E-07  -1.18049E-02
6.37584E+00 -1.00000E-02 1.88774E-07  -9.67379E-03
6.44295E+00 -8.00000E-03 1.91385E-07  -7.69492E-03
6.51007E+00 -6.00000E-03 1.95992E-07  -5.71605E-03
6.57718E+00 -4.00000E-03 2.00293E-07  -3.73718E-03
6.64430E+00 -2.00000E-03 2.03211E-07  -1.75830E-03
6.71141E+00 4.16063E-18  2.07050E-07  2.20568E-04 
6.77852E+00 2.00000E-03  2.11965E-07  2.35166E-03 
6.84564E+00 4.00000E-03  2.15343E-07  4.33053E-03 
6.91275E+00 6.00000E-03  2.18722E-07  6.30941E-03 
6.97987E+00 8.00000E-03  2.24712E-07  8.44050E-03 
7.04698E+00 1.00000E-02  2.27783E-07  1.02672E-02 
7.11409E+00 1.20000E-02  2.30241E-07  1.22460E-02 
7.18121E+00 1.40000E-02  2.36691E-07  1.43771E-02 
7.24832E+00 1.60000E-02  2.38995E-07  1.63560E-02 
7.31544E+00 1.80000E-02  2.42527E-07  1.83349E-02 
7.38255E+00 2.00000E-02  2.48363E-07  2.03137E-02 
7.44966E+00 2.20000E-02  2.49899E-07  2.22926E-02 
7.51678E+00 2.40000E-02  2.52971E-07  2.42715E-02 
7.58389E+00 2.60000E-02  2.59575E-07  2.62504E-02 
7.65101E+00 2.80000E-02  2.60650E-07  2.83814E-02 
7.71812E+00 3.00000E-02  2.64950E-07  3.03603E-02 
7.78523E+00 3.20000E-02  2.70786E-07  3.23392E-02 
7.85235E+00 3.40000E-02  2.72015E-07  3.43181E-02 
7.91946E+00 3.60000E-02  2.76315E-07  3.62969E-02 
7.98658E+00 3.80000E-02  2.81690E-07  3.82758E-02 
8.05369E+00 4.00000E-02  2.83226E-07  4.04069E-02 
8.12081E+00 4.20000E-02  2.88294E-07  4.23858E-02 
8.18792E+00 4.40000E-02  2.91826E-07  4.43646E-02 
8.25503E+00 4.60000E-02  2.94284E-07  4.64957E-02 
8.32215E+00 4.80000E-02  2.99813E-07  4.84746E-02 
8.38926E+00 5.00000E-02  3.01656E-07  5.04535E-02 
8.45638E+00 5.20000E-02  3.05495E-07  5.24324E-02 
8.52349E+00 5.40000E-02  3.11485E-07  5.44112E-02 
8.59060E+00 5.60000E-02  3.11638E-07  5.63901E-02 
8.65772E+00 5.80000E-02  3.17628E-07  5.83690E-02 
8.72483E+00 6.00000E-02  3.22389E-07  6.03478E-02 
8.79195E+00 6.20000E-02  3.21621E-07  6.23267E-02 
8.85906E+00 6.40000E-02  3.29300E-07  6.43056E-02 
8.92617E+00 6.60000E-02  3.32986E-07  6.62845E-02 
8.99329E+00 6.80000E-02  3.31604E-07  6.84156E-02 
9.06040E+00 7.00000E-02  3.40972E-07  7.03944E-02 
9.12752E+00 7.20000E-02  3.43429E-07  7.22211E-02 
9.19463E+00 7.40000E-02  3.42354E-07  7.43522E-02 
9.26174E+00 7.60000E-02  3.51569E-07  7.63310E-02 
9.32886E+00 7.80000E-02  3.54180E-07  7.83099E-02 
9.39597E+00 8.00000E-02  3.53719E-07  8.02888E-02 
9.46309E+00 8.20000E-02  3.63088E-07  8.24199E-02 
9.53020E+00 8.40000E-02  3.64931E-07  8.43988E-02 
9.59732E+00 8.60000E-02  3.65545E-07  8.63776E-02 
9.66443E+00 8.80000E-02  3.74145E-07  8.85087E-02 
9.73154E+00 9.00000E-02  3.75528E-07  9.03354E-02 
9.79866E+00 9.20000E-02  3.76756E-07  9.23142E-02 
9.86577E+00 9.40000E-02  3.84435E-07  9.42931E-02 
9.93289E+00 9.60000E-02  3.86893E-07  9.64242E-02 
1.00000E+01 9.80000E-02  3.88121E-07  9.84031E-02 
1.00671E+01 1.00000E-01  3.95340E-07  1.00382E-01 
1.01342E+01 1.02000E-01  3.99179E-07  1.02361E-01 
1.02013E+01 1.04000E-01  3.99486E-07  1.04340E-01 
1.02685E+01 1.06000E-01  4.06858E-07  1.06471E-01 
1.03356E+01 1.08000E-01  4.11466E-07  1.08450E-01 
1.04027E+01 1.10000E-01  4.11005E-07  1.10429E-01 
1.04698E+01 1.12000E-01  4.17455E-07  1.12407E-01 
1.05369E+01 1.14000E-01  4.23598E-07  1.14386E-01 
1.06040E+01 1.16000E-01  4.22063E-07  1.16517E-01 
1.06711E+01 1.18000E-01  4.28974E-07  1.18496E-01 
1.07383E+01 1.20000E-01  4.34810E-07  1.20475E-01 
1.08054E+01 1.22000E-01  4.33120E-07  1.22454E-01 
1.08725E+01 1.24000E-01  4.40799E-07  1.24433E-01 
1.09396E+01 1.26000E-01  4.47557E-07  1.26412E-01 
1.10067E+01 1.28000E-01  4.44792E-07  1.28391E-01 
1.10738E+01 1.30000E-01  4.54007E-07  1.30369E-01 
1.11409E+01 1.32000E-01  4.58308E-07  1.32348E-01 
1.12081E+01 1.34000E-01  4.56772E-07  1.34479E-01 
1.12752E+01 1.36000E-01  4.66908E-07  1.36458E-01 
1.13423E+01 1.38000E-01  4.69672E-07  1.38285E-01 
1.14094E+01 1.40000E-01  4.68290E-07  1.40112E-01 
1.14765E+01 1.42000E-01  4.78887E-07  1.42243E-01 
1.15436E+01 1.44000E-01  4.79194E-07  1.44222E-01 
1.16107E+01 1.46000E-01  4.81191E-07  1.46200E-01 
1.16779E+01 1.48000E-01  4.91327E-07  1.48179E-01 
1.17450E+01 1.50000E-01  4.91020E-07  1.50158E-01 
1.18121E+01 1.52000E-01  4.95167E-07  1.52137E-01 
1.18792E+01 1.54000E-01  5.04228E-07  1.54268E-01 
1.19463E+01 1.56000E-01  5.02692E-07  1.56247E-01 
1.20134E+01 1.58000E-01  5.08835E-07  1.58226E-01 
1.20805E+01 1.60000E-01  5.14825E-07  1.60357E-01 
1.21477E+01 1.62000E-01  5.14518E-07  1.62336E-01 
1.22148E+01 1.64000E-01  5.21276E-07  1.64315E-01 
1.22819E+01 1.66000E-01  5.27879E-07  1.66294E-01 
1.23490E+01 1.68000E-01  5.26036E-07  1.68273E-01 
1.24161E+01 1.70000E-01  5.34176E-07  1.70251E-01 
1.24832E+01 1.72000E-01  5.37709E-07  1.72230E-01 
1.25503E+01 1.74000E-01  5.39552E-07  1.74361E-01 
1.26174E+01 1.76000E-01  5.46156E-07  1.76340E-01 
1.26846E+01 1.78000E-01  5.49995E-07  1.78167E-01 
1.27517E+01 1.80000E-01  5.55217E-07  1.80298E-01 
1.28188E+01 1.82000E-01  5.60438E-07  1.82277E-01 
1.28859E+01 1.84000E-01  5.62435E-07  1.84408E-01 
1.29530E+01 1.86000E-01  5.68425E-07  1.86387E-01 
1.30201E+01 1.88000E-01  5.70882E-07  1.88213E-01 
1.30872E+01 1.90000E-01  5.75182E-07  1.90192E-01 
1.31544E+01 1.92000E-01  5.81325E-07  1.92171E-01 
1.32215E+01 1.94000E-01  5.82247E-07  1.94302E-01 
1.32886E+01 1.96000E-01  5.88851E-07  1.96281E-01 
1.33557E+01 1.98000E-01  5.93919E-07  1.98260E-01 
1.34228E+01 2.00000E-01  5.94994E-07  2.00391E-01 
1.34899E+01 2.02000E-01  6.05438E-07  2.02370E-01 
1.35570E+01 2.04000E-01  6.08048E-07  2.04349E-01 
1.36242E+01 2.06000E-01  6.08356E-07  2.06328E-01 
1.36913E+01 2.08000E-01  6.20796E-07  2.08154E-01 
1.37584E+01 2.10000E-01  6.20335E-07  2.10285E-01 
1.38255E+01 2.12000E-01  6.21717E-07  2.12417E-01 
1.38926E+01 2.14000E-01  6.35693E-07  2.14395E-01 
1.39597E+01 2.16000E-01  6.31853E-07  2.16374E-01 
1.40268E+01 2.18000E-01  6.34157E-07  2.18353E-01 
1.40940E+01 2.20000E-01  6.49822E-07  2.20180E-01 
1.41611E+01 2.22000E-01  6.44293E-07  2.22311E-01 
1.42282E+01 2.24000E-01  6.50283E-07  2.24290E-01 
1.42953E+01 2.26000E-01  6.64412E-07  2.26269E-01 
1.43624E+01 2.28000E-01  6.57348E-07  2.28248E-01 
1.44295E+01 2.30000E-01  6.65487E-07  2.30226E-01 
1.44966E+01 2.32000E-01  6.76238E-07  2.32205E-01 
1.45638E+01 2.34000E-01  6.71631E-07  2.34336E-01 
1.46309E+01 2.36000E-01  6.80078E-07  2.36315E-01 
1.46980E+01 2.38000E-01  6.89139E-07  2.38294E-01 
1.47651E+01 2.40000E-01  6.84839E-07  2.40273E-01 
1.48322E+01 2.42000E-01  6.94207E-07  2.42404E-01 
1.48993E+01 2.44000E-01  7.01118E-07  2.44383E-01 
1.49664E+01 2.46000E-01  6.98814E-07  2.46210E-01 
1.50336E+01 2.48000E-01  7.09104E-07  2.48341E-01 
1.51007E+01 2.50000E-01  7.14787E-07  2.50320E-01 
1.51678E+01 2.52000E-01  7.13097E-07  2.52298E-01 
1.52349E+01 2.54000E-01  7.22005E-07  2.54430E-01 
1.53020E+01 2.56000E-01  7.27380E-07  2.56256E-01 
1.53691E+01 2.58000E-01  7.29070E-07  2.58387E-01 
1.54362E+01 2.60000E-01  7.32756E-07  2.60366E-01 
1.55034E+01 2.62000E-01  7.41510E-07  2.62345E-01 
1.55705E+01 2.64000E-01  7.41663E-07  2.64324E-01 
1.56376E+01 2.66000E-01  7.43967E-07  2.66303E-01 
1.57047E+01 2.68000E-01  7.53796E-07  2.68282E-01 
1.57718E+01 2.70000E-01  7.56407E-07  2.70261E-01 
1.58389E+01 2.72000E-01  7.54411E-07  2.72392E-01 
1.59060E+01 2.74000E-01  7.68079E-07  2.74371E-01 
1.59732E+01 2.76000E-01  7.66851E-07  2.76349E-01 
1.60403E+01 2.78000E-01  7.67311E-07  2.78328E-01 
1.61074E+01 2.80000E-01  7.81748E-07  2.80459E-01 
1.61745E+01 2.82000E-01  7.76833E-07  2.82438E-01 
1.62416E+01 2.84000E-01  7.77140E-07  2.84417E-01 
1.63087E+01 2.86000E-01  7.92806E-07  2.86396E-01 
1.63758E+01 2.88000E-01  7.86970E-07  2.88375E-01 
1.64430E+01 2.90000E-01  7.88813E-07  2.90354E-01 
1.65101E+01 2.92000E-01  8.04017E-07  2.92485E-01 
1.65772E+01 2.94000E-01  7.96952E-07  2.94311E-01 
1.66443E+01 2.96000E-01  8.01099E-07  2.96290E-01 
1.67114E+01 2.98000E-01  8.13846E-07  2.98269E-01 
1.67785E+01 3.00000E-01  8.06628E-07  3.00400E-01 
1.68456E+01 3.02000E-01  8.14000E-07  3.02379E-01 
1.69128E+01 3.04000E-01  8.21986E-07  3.04358E-01 
1.69799E+01 3.06000E-01  8.14307E-07  3.06337E-01 
1.70470E+01 3.08000E-01  8.23368E-07  3.08316E-01 
1.71141E+01 3.10000E-01  8.27668E-07  3.10295E-01 
1.71812E+01 3.12000E-01  8.24136E-07  3.12426E-01 
1.72483E+01 3.14000E-01  8.32122E-07  3.14405E-01 
1.73154E+01 3.16000E-01  8.33658E-07  3.16384E-01 
1.73826E+01 3.18000E-01  8.33658E-07  3.18362E-01 
1.74497E+01 3.20000E-01  8.41183E-07  3.20493E-01 
1.75168E+01 3.22000E-01  8.39187E-07  3.22472E-01 
1.75839E+01 3.24000E-01  8.43948E-07  3.24451E-01 
1.76510E+01 3.26000E-01  8.49784E-07  3.26430E-01 
1.77181E+01 3.28000E-01  8.45484E-07  3.28409E-01 
1.77852E+01 3.30000E-01  8.53623E-07  3.30388E-01 
1.78523E+01 3.32000E-01  8.55927E-07  3.32367E-01 
1.79195E+01 3.34000E-01  8.51320E-07  3.34346E-01 
1.79866E+01 3.36000E-01  8.60535E-07  3.36477E-01 
1.80537E+01 3.38000E-01  8.61610E-07  3.38456E-01 
1.81208E+01 3.40000E-01  8.54699E-07  3.40434E-01 
1.81879E+01 3.42000E-01  8.69749E-07  3.42413E-01 
1.82550E+01 3.44000E-01  8.67599E-07  3.44392E-01 
1.83221E+01 3.46000E-01  8.62685E-07  3.46371E-01 
1.83893E+01 3.48000E-01  8.76353E-07  3.48350E-01 
1.84564E+01 3.50000E-01  8.73742E-07  3.50481E-01 
1.85235E+01 3.52000E-01  8.68521E-07  3.52460E-01 
1.85906E+01 3.54000E-01  8.81575E-07  3.54439E-01 
1.86577E+01 3.56000E-01  8.79886E-07  3.56418E-01 
1.87248E+01 3.58000E-01  8.75739E-07  3.58549E-01 
1.87919E+01 3.60000E-01  8.85107E-07  3.60528E-01 
1.88591E+01 3.62000E-01  8.84800E-07  3.62506E-01 
1.89262E+01 3.64000E-01  8.81729E-07  3.64485E-01 
1.89933E+01 3.66000E-01  8.90483E-07  3.66464E-01 
1.90604E+01 3.68000E-01  8.91404E-07  3.68443E-01 
1.91275E+01 3.70000E-01  8.88025E-07  3.70574E-01 
1.91946E+01 3.72000E-01  8.94783E-07  3.72401E-01 
1.92617E+01 3.74000E-01  8.97701E-07  3.74380E-01 
1.93289E+01 3.76000E-01  8.92786E-07  3.76359E-01 
1.93960E+01 3.78000E-01  9.01387E-07  3.78490E-01 
1.94631E+01 3.80000E-01  9.04151E-07  3.80469E-01 
1.95302E+01 3.82000E-01  8.97855E-07  3.82295E-01 
1.95973E+01 3.84000E-01  9.05534E-07  3.84426E-01 
1.96644E+01 3.86000E-01  9.09373E-07  3.86405E-01 
1.97315E+01 3.88000E-01  9.03076E-07  3.88384E-01 
1.97987E+01 3.90000E-01  9.10141E-07  3.90515E-01 
1.98658E+01 3.92000E-01  9.14748E-07  3.92494E-01 
1.99329E+01 3.94000E-01  9.08452E-07  3.94473E-01 
2.00000E+01 3.96000E-01  9.17206E-07  3.96604E-01 
2.00671E+01 3.98000E-01  9.19049E-07  3.98583E-01 
2.01342E+01 4.00000E-01  9.14441E-07  4.00562E-01 
2.02013E+01 4.02000E-01  9.23656E-07  4.02388E-01 
2.02685E+01 4.04000E-01  9.25345E-07  4.04519E-01 
2.03356E+01 4.06000E-01  9.19663E-07  4.06498E-01 
2.04027E+01 4.08000E-01  9.29339E-07  4.08477E-01 
2.04698E+01 4.10000E-01  9.29492E-07  4.10608E-01 
2.05369E+01 4.12000E-01  9.26881E-07  4.12435E-01 
2.06040E+01 4.14000E-01  9.34100E-07  4.14566E-01 
2.06711E+01 4.16000E-01  9.34100E-07  4.16545E-01 
2.07383E+01 4.18000E-01  9.33025E-07  4.18524E-01 
2.08054E+01 4.20000E-01  9.40396E-07  4.20503E-01 
2.08725E+01 4.22000E-01  9.38400E-07  4.22482E-01 
2.09396E+01 4.24000E-01  9.40550E-07  4.24460E-01 
2.10067E+01 4.26000E-01  9.45004E-07  4.26439E-01 
2.10738E+01 4.28000E-01  9.44236E-07  4.28570E-01 
2.11409E+01 4.30000E-01  9.47768E-07  4.30549E-01 
2.12081E+01 4.32000E-01  9.51454E-07  4.32528E-01 
2.12752E+01 4.34000E-01  9.49458E-07  4.34507E-01 
2.13423E+01 4.36000E-01  9.53144E-07  4.36638E-01 
2.14094E+01 4.38000E-01  9.55601E-07  4.38617E-01 
2.14765E+01 4.40000E-01  9.55294E-07  4.40596E-01 
2.15436E+01 4.42000E-01  9.53911E-07  4.42575E-01 
2.16107E+01 4.44000E-01  9.62973E-07  4.44554E-01 
2.16779E+01 4.46000E-01  9.61898E-07  4.46532E-01 
2.17450E+01 4.48000E-01  9.65430E-07  4.48511E-01 
2.18121E+01 4.50000E-01  9.67273E-07  4.50338E-01 
2.18792E+01 4.52000E-01  9.64508E-07  4.52317E-01 
2.19463E+01 4.54000E-01  9.74491E-07  4.54296E-01 
2.20134E+01 4.56000E-01  9.73723E-07  4.56427E-01 
2.20805E+01 4.58000E-01  9.75720E-07  4.58253E-01 
2.21477E+01 4.60000E-01  9.76795E-07  4.60232E-01 
2.22148E+01 4.62000E-01  9.78945E-07  4.62211E-01 
2.22819E+01 4.64000E-01  9.82631E-07  4.64342E-01 
2.23490E+01 4.66000E-01  9.83092E-07  4.66321E-01 
2.24161E+01 4.68000E-01  9.87085E-07  4.68300E-01 
2.24832E+01 4.70000E-01  9.90156E-07  4.70431E-01 
2.25503E+01 4.72000E-01  9.90771E-07  4.72258E-01 
2.26174E+01 4.74000E-01  9.95839E-07  4.74389E-01 
2.26846E+01 4.76000E-01  9.97989E-07  4.76368E-01 
2.27517E+01 4.78000E-01  9.98143E-07  4.78347E-01 
2.28188E+01 4.80000E-01  1.00536E-06  4.80325E-01 
2.28859E+01 4.82000E-01  1.00490E-06  4.82304E-01 
2.29530E+01 4.84000E-01  1.00613E-06  4.84435E-01 
2.30201E+01 4.86000E-01  1.01396E-06  4.86414E-01 
2.30872E+01 4.88000E-01  1.01289E-06  4.88393E-01 
2.31544E+01 4.90000E-01  1.01519E-06  4.90220E-01 
2.32215E+01 4.92000E-01  1.02225E-06  4.92351E-01 
2.32886E+01 4.94000E-01  1.02210E-06  4.94330E-01 
2.33557E+01 4.96000E-01  1.02548E-06  4.96309E-01 
2.34228E+01 4.98000E-01  1.03270E-06  4.98440E-01 
2.34899E+01 5.00000E-01  1.03116E-06  5.00266E-01 
2.35570E+01 4.98000E-01  9.24731E-07  4.98592E-01 
2.36242E+01 4.96000E-01  8.79425E-07  4.96461E-01 
2.36913E+01 4.94000E-01  8.36115E-07  4.94482E-01 
2.37584E+01 4.92000E-01  8.05399E-07  4.92503E-01 
2.38255E+01 4.90000E-01  7.78830E-07  4.90524E-01 
2.38926E+01 4.88000E-01  7.47499E-07  4.88393E-01 
2.39597E+01 4.86000E-01  7.25077E-07  4.86414E-01 
2.40268E+01 4.84000E-01  7.03422E-07  4.84435E-01 
2.40940E+01 4.82000E-01  6.79924E-07  4.82457E-01 
2.41611E+01 4.80000E-01  6.60112E-07  4.80478E-01 
2.42282E+01 4.78000E-01  6.41068E-07  4.78499E-01 
2.42953E+01 4.76000E-01  6.20949E-07  4.76520E-01 
2.43624E+01 4.74000E-01  6.04055E-07  4.74541E-01 
2.44295E+01 4.72000E-01  5.87161E-07  4.72562E-01 
2.44966E+01 4.70000E-01  5.69653E-07  4.70431E-01 
2.45638E+01 4.68000E-01  5.52913E-07  4.68452E-01 
2.46309E+01 4.66000E-01  5.38477E-07  4.66473E-01 
2.46980E+01 4.64000E-01  5.21890E-07  4.64494E-01 
2.47651E+01 4.62000E-01  5.05610E-07  4.62363E-01 
2.48322E+01 4.60000E-01  4.93631E-07  4.60385E-01 
2.48993E+01 4.58000E-01  4.78119E-07  4.58558E-01 
2.49664E+01 4.56000E-01  4.62301E-07  4.56427E-01 
2.50336E+01 4.54000E-01  4.52625E-07  4.54448E-01 
2.51007E+01 4.52000E-01  4.37574E-07  4.52469E-01 
2.51678E+01 4.50000E-01  4.22063E-07  4.50490E-01 
2.52349E+01 4.48000E-01  4.14076E-07  4.48664E-01 
2.53020E+01 4.46000E-01  3.97797E-07  4.46685E-01 
2.53691E+01 4.44000E-01  3.84435E-07  4.44706E-01 
2.54362E+01 4.42000E-01  3.77064E-07  4.42575E-01 
2.55034E+01 4.40000E-01  3.60477E-07  4.40748E-01 
2.55705E+01 4.38000E-01  3.47576E-07  4.38769E-01 
2.56376E+01 4.36000E-01  3.42201E-07  4.36638E-01 
2.57047E+01 4.34000E-01  3.24385E-07  4.34659E-01 
2.57718E+01 4.32000E-01  3.13788E-07  4.32680E-01 
2.58389E+01 4.30000E-01  3.07184E-07  4.30701E-01 
2.59060E+01 4.28000E-01  2.91519E-07  4.28723E-01 
2.59732E+01 4.26000E-01  2.81997E-07  4.26591E-01 
2.60403E+01 4.24000E-01  2.74318E-07  4.24613E-01 
2.61074E+01 4.22000E-01  2.58807E-07  4.22634E-01 
2.61745E+01 4.20000E-01  2.50820E-07  4.20655E-01 
2.62416E+01 4.18000E-01  2.40991E-07  4.18676E-01 
2.63087E+01 4.16000E-01  2.26708E-07  4.16697E-01 
2.63758E+01 4.14000E-01  2.20258E-07  4.14566E-01 
2.64430E+01 4.12000E-01  2.07818E-07  4.12587E-01 
2.65101E+01 4.10000E-01  1.96607E-07  4.10608E-01 
2.65772E+01 4.08000E-01  1.89695E-07  4.08629E-01 
2.66443E+01 4.06000E-01  1.77102E-07  4.06498E-01 
2.67114E+01 4.04000E-01  1.68194E-07  4.04672E-01 
2.67785E+01 4.02000E-01  1.60208E-07  4.02541E-01 
2.68456E+01 4.00000E-01  1.46539E-07  4.00714E-01 
2.69128E+01 3.98000E-01  1.40550E-07  3.98583E-01 
2.69799E+01 3.96000E-01  1.30413E-07  3.96604E-01 
2.70470E+01 3.94000E-01  1.16438E-07  3.94625E-01 
2.71141E+01 3.92000E-01  1.11984E-07  3.92646E-01 
2.71812E+01 3.90000E-01  1.01080E-07  3.90667E-01 
2.72483E+01 3.88000E-01  8.75645E-08  3.88536E-01 
2.73154E+01 3.86000E-01  8.40322E-08  3.86557E-01 
2.73826E+01 3.84000E-01  7.25136E-08  3.84578E-01 
2.74497E+01 3.82000E-01  5.85378E-08  3.82447E-01 
2.75168E+01 3.80000E-01  5.74627E-08  3.80621E-01 
2.75839E+01 3.78000E-01  4.51763E-08  3.78642E-01 
2.76510E+01 3.76000E-01  3.15077E-08  3.76511E-01 
2.77181E+01 3.74000E-01  3.04326E-08  3.74532E-01 
2.77852E+01 3.72000E-01  1.73783E-08  3.72553E-01 
2.78523E+01 3.70000E-01  4.78468E-09  3.70726E-01 
2.79195E+01 3.68000E-01  1.25233E-09  3.68595E-01 
2.79866E+01 3.66000E-01  -9.65188E-09 3.66616E-01 
2.80537E+01 3.64000E-01  -2.30134E-08 3.64638E-01 
2.81208E+01 3.62000E-01  -2.57778E-08 3.62659E-01 
2.81879E+01 3.60000E-01  -3.43783E-08 3.60680E-01 
2.82550E+01 3.58000E-01  -4.85077E-08 3.58701E-01 
2.83221E+01 3.56000E-01  -5.17329E-08 3.56722E-01 
2.83893E+01 3.54000E-01  -5.80297E-08 3.54591E-01 
2.84564E+01 3.52000E-01  -7.50771E-08 3.52612E-01 
2.85235E+01 3.50000E-01  -7.73808E-08 3.50633E-01 
2.85906E+01 3.48000E-01  -8.33705E-08 3.48502E-01 
2.86577E+01 3.46000E-01  -1.00725E-07 3.46523E-01 
2.87248E+01 3.44000E-01  -1.01800E-07 3.44544E-01 
2.87919E+01 3.42000E-01  -1.07329E-07 3.42566E-01 
2.88591E+01 3.40000E-01  -1.26834E-07 3.40587E-01 
2.89262E+01 3.38000E-01  -1.25759E-07 3.38608E-01 
2.89933E+01 3.36000E-01  -1.31595E-07 3.36477E-01 
2.90604E+01 3.34000E-01  -1.50946E-07 3.34498E-01 
2.91275E+01 3.32000E-01  -1.49410E-07 3.32519E-01 
2.91946E+01 3.30000E-01  -1.54785E-07 3.30540E-01 
2.92617E+01 3.28000E-01  -1.75365E-07 3.28561E-01 
2.93289E+01 3.26000E-01  -1.71372E-07 3.26582E-01 
2.93960E+01 3.24000E-01  -1.79819E-07 3.24451E-01 
2.94631E+01 3.22000E-01  -1.98709E-07 3.22625E-01 
2.95302E+01 3.20000E-01  -1.93948E-07 3.20646E-01 
2.95973E+01 3.18000E-01  -2.06081E-07 3.18667E-01 
2.96644E+01 3.16000E-01  -2.20825E-07 3.16536E-01 
2.97315E+01 3.14000E-01  -2.16985E-07 3.14557E-01 
2.97987E+01 3.12000E-01  -2.29118E-07 3.12578E-01 
2.98658E+01 3.10000E-01  -2.41865E-07 3.10447E-01 
2.99329E+01 3.08000E-01  -2.38333E-07 3.08468E-01 
3.00000E+01 3.06000E-01  -2.52309E-07 3.06489E-01 
3.00671E+01 3.04000E-01  -2.60449E-07 3.04358E-01 
3.01342E+01 3.02000E-01  -2.60909E-07 3.02531E-01 
3.02013E+01 3.00000E-01  -2.75039E-07 3.00400E-01 
3.02685E+01 2.98000E-01  -2.79800E-07 2.98574E-01 
3.03356E+01 2.96000E-01  -2.84868E-07 2.96443E-01 
3.04027E+01 2.94000E-01  -2.98229E-07 2.94464E-01 
3.04698E+01 2.92000E-01  -3.00533E-07 2.92637E-01 
3.05369E+01 2.90000E-01  -3.06676E-07 2.90506E-01 
3.06040E+01 2.88000E-01  -3.18502E-07 2.88527E-01 
3.06711E+01 2.86000E-01  -3.20652E-07 2.86548E-01 
3.07383E+01 2.84000E-01  -3.29867E-07 2.84569E-01 
3.08054E+01 2.82000E-01  -3.35242E-07 2.82590E-01 
3.08725E+01 2.80000E-01  -3.38467E-07 2.80459E-01 
3.09396E+01 2.78000E-01  -3.47682E-07 2.78633E-01 
3.10067E+01 2.76000E-01  -3.52136E-07 2.76502E-01 
3.10738E+01 2.74000E-01  -3.59662E-07 2.74523E-01 
3.11409E+01 2.72000E-01  -3.65805E-07 2.72544E-01 
3.12081E+01 2.70000E-01  -3.70719E-07 2.70413E-01 
3.12752E+01 2.68000E-01  -3.81009E-07 2.68434E-01 
3.13423E+01 2.66000E-01  -3.83006E-07 2.66455E-01 
3.14094E+01 2.64000E-01  -3.88688E-07 2.64476E-01 
3.14765E+01 2.62000E-01  -3.98978E-07 2.62497E-01 
3.15436E+01 2.60000E-01  -3.99285E-07 2.60366E-01 
3.16107E+01 2.58000E-01  -4.05121E-07 2.58387E-01 
3.16779E+01 2.56000E-01  -4.16640E-07 2.56408E-01 
3.17450E+01 2.54000E-01  -4.13415E-07 2.54582E-01 
3.18121E+01 2.52000E-01  -4.20633E-07 2.52451E-01 
3.18792E+01 2.50000E-01  -4.31844E-07 2.50472E-01 
3.19463E+01 2.48000E-01  -4.27698E-07 2.48493E-01 
3.20134E+01 2.46000E-01  -4.38448E-07 2.46362E-01 
3.20805E+01 2.44000E-01  -4.48277E-07 2.44535E-01 
3.21477E+01 2.42000E-01  -4.40752E-07 2.42556E-01 
3.22148E+01 2.40000E-01  -4.56571E-07 2.40425E-01 
3.22819E+01 2.38000E-01  -4.59950E-07 2.38446E-01 
3.23490E+01 2.36000E-01  -4.52578E-07 2.36467E-01 
3.24161E+01 2.34000E-01  -4.69779E-07 2.34489E-01 
3.24832E+01 2.32000E-01  -4.70086E-07 2.32358E-01 
3.25503E+01 2.30000E-01  -4.66400E-07 2.30379E-01 
3.26174E+01 2.28000E-01  -4.82679E-07 2.28400E-01 
3.26846E+01 2.26000E-01  -4.80529E-07 2.26421E-01 
3.27517E+01 2.24000E-01  -4.79301E-07 2.24442E-01 
3.28188E+01 2.22000E-01  -4.94505E-07 2.22463E-01 
3.28859E+01 2.20000E-01  -4.91894E-07 2.20484E-01 
3.29530E+01 2.18000E-01  -4.91587E-07 2.18353E-01 
3.30201E+01 2.16000E-01  -5.02645E-07 2.16374E-01 
3.30872E+01 2.14000E-01  -5.00188E-07 2.14548E-01 
3.31544E+01 2.12000E-01  -5.01877E-07 2.12417E-01 
3.32215E+01 2.10000E-01  -5.09556E-07 2.10438E-01 
3.32886E+01 2.08000E-01  -5.09402E-07 2.08459E-01 
3.33557E+01 2.06000E-01  -5.10785E-07 2.06480E-01 
3.34228E+01 2.04000E-01  -5.18310E-07 2.04501E-01 
3.34899E+01 2.02000E-01  -5.19539E-07 2.02522E-01 
3.35570E+01 2.00000E-01  -5.19385E-07 2.00543E-01 
3.36242E+01 1.98000E-01  -5.23378E-07 1.98564E-01 
3.36913E+01 1.96000E-01  -5.30597E-07 1.96433E-01 
3.37584E+01 1.94000E-01  -5.25221E-07 1.94455E-01 
3.38255E+01 1.92000E-01  -5.29982E-07 1.92476E-01 
3.38926E+01 1.90000E-01  -5.35972E-07 1.90345E-01 
3.39597E+01 1.88000E-01  -5.29061E-07 1.88366E-01 
3.40268E+01 1.86000E-01  -5.35818E-07 1.86387E-01 
3.40940E+01 1.84000E-01  -5.41347E-07 1.84408E-01 
3.41611E+01 1.82000E-01  -5.31672E-07 1.82429E-01 
3.42282E+01 1.80000E-01  -5.48719E-07 1.80450E-01 
3.42953E+01 1.78000E-01  -5.46876E-07 1.78319E-01 
3.43624E+01 1.76000E-01  -5.37200E-07 1.76492E-01 
3.44295E+01 1.74000E-01  -5.48873E-07 1.74361E-01 
3.44966E+01 1.72000E-01  -5.51944E-07 1.72382E-01 
3.45638E+01 1.70000E-01  -5.41654E-07 1.70404E-01 
3.46309E+01 1.68000E-01  -5.53326E-07 1.68425E-01 
3.46980E+01 1.66000E-01  -5.53019E-07 1.66446E-01 
3.47651E+01 1.64000E-01  -5.45647E-07 1.64467E-01 
3.48322E+01 1.62000E-01  -5.56552E-07 1.62488E-01 
3.48993E+01 1.60000E-01  -5.55169E-07 1.60357E-01 
3.49664E+01 1.58000E-01  -5.50101E-07 1.58378E-01 
3.50336E+01 1.56000E-01  -5.60084E-07 1.56399E-01 
3.51007E+01 1.54000E-01  -5.57473E-07 1.54420E-01 
3.51678E+01 1.52000E-01  -5.55937E-07 1.52289E-01 
3.52349E+01 1.50000E-01  -5.64077E-07 1.50310E-01 
3.53020E+01 1.48000E-01  -5.60545E-07 1.48332E-01 
3.53691E+01 1.46000E-01  -5.60238E-07 1.46505E-01 
3.54362E+01 1.44000E-01  -5.65306E-07 1.44374E-01 
3.55034E+01 1.42000E-01  -5.62541E-07 1.42395E-01 
3.55705E+01 1.40000E-01  -5.64538E-07 1.40416E-01 
3.56376E+01 1.38000E-01  -5.66688E-07 1.38437E-01 
3.57047E+01 1.36000E-01  -5.65152E-07 1.36611E-01 
3.57718E+01 1.34000E-01  -5.66381E-07 1.34632E-01 
3.58389E+01 1.32000E-01  -5.69299E-07 1.32653E-01 
3.59060E+01 1.30000E-01  -5.69913E-07 1.30522E-01 
3.59732E+01 1.28000E-01  -5.73292E-07 1.28543E-01 
3.60403E+01 1.26000E-01  -5.70527E-07 1.26564E-01 
3.61074E+01 1.24000E-01  -5.73753E-07 1.24585E-01 
3.61745E+01 1.22000E-01  -5.76363E-07 1.22606E-01 
3.62416E+01 1.20000E-01  -5.73599E-07 1.20475E-01 
3.63087E+01 1.18000E-01  -5.76363E-07 1.18496E-01 
3.63758E+01 1.16000E-01  -5.78667E-07 1.16517E-01 
3.64430E+01 1.14000E-01  -5.75442E-07 1.14386E-01 
3.65101E+01 1.12000E-01  -5.79282E-07 1.12560E-01 
3.65772E+01 1.10000E-01  -5.81585E-07 1.10429E-01 
3.66443E+01 1.08000E-01  -5.79742E-07 1.08602E-01 
3.67114E+01 1.06000E-01  -5.82353E-07 1.06623E-01 
3.67785E+01 1.04000E-01  -5.84964E-07 1.04492E-01 
3.68456E+01 1.02000E-01  -5.83735E-07 1.02513E-01 
3.69128E+01 1.00000E-01  -5.85118E-07 1.00382E-01 
3.69799E+01 9.80000E-02  -5.88189E-07 9.85553E-02 
3.70470E+01 9.60000E-02  -5.86500E-07 9.65764E-02 
3.71141E+01 9.40000E-02  -5.87882E-07 9.44453E-02 
3.71812E+01 9.20000E-02  -5.92336E-07 9.24665E-02 
3.72483E+01 9.00000E-02  -5.89571E-07 9.04876E-02 
3.73154E+01 8.80000E-02  -5.89418E-07 8.85087E-02 
3.73826E+01 8.60000E-02  -5.96329E-07 8.65299E-02 
3.74497E+01 8.40000E-02  -5.93411E-07 8.45510E-02 
3.75168E+01 8.20000E-02  -5.92950E-07 8.24199E-02 
3.75839E+01 8.00000E-02  -6.00629E-07 8.04410E-02 
3.76510E+01 7.80000E-02  -5.96636E-07 7.84621E-02 
3.77181E+01 7.60000E-02  -5.95715E-07 7.64833E-02 
3.77852E+01 7.40000E-02  -6.04162E-07 7.45044E-02 
3.78523E+01 7.20000E-02  -5.99247E-07 7.23733E-02 
3.79195E+01 7.00000E-02  -5.98940E-07 7.05467E-02 
3.79866E+01 6.80000E-02  -6.07233E-07 6.85678E-02 
3.80537E+01 6.60000E-02  -6.01704E-07 6.64367E-02 
3.81208E+01 6.40000E-02  -6.02933E-07 6.44578E-02 
3.81879E+01 6.20000E-02  -6.09844E-07 6.24789E-02 
3.82550E+01 6.00000E-02  -6.04469E-07 6.03478E-02 
3.83221E+01 5.80000E-02  -6.07387E-07 5.85212E-02 
3.83893E+01 5.60000E-02  -6.13223E-07 5.65423E-02 
3.84564E+01 5.40000E-02  -6.07694E-07 5.44112E-02 
3.85235E+01 5.20000E-02  -6.11073E-07 5.25846E-02 
3.85906E+01 5.00000E-02  -6.15987E-07 5.06057E-02 
3.86577E+01 4.80000E-02  -6.11073E-07 4.86268E-02 
3.87248E+01 4.60000E-02  -6.14759E-07 4.64957E-02 
3.87919E+01 4.40000E-02  -6.17984E-07 4.45169E-02 
3.88591E+01 4.20000E-02  -6.14605E-07 4.25380E-02 
3.89262E+01 4.00000E-02  -6.18752E-07 4.04069E-02 
3.89933E+01 3.80000E-02  -6.20287E-07 3.84280E-02 
3.90604E+01 3.60000E-02  -6.18752E-07 3.64492E-02 
3.91275E+01 3.40000E-02  -6.22130E-07 3.44703E-02 
3.91946E+01 3.20000E-02  -6.23666E-07 3.24914E-02 
3.92617E+01 3.00000E-02  -6.23206E-07 3.05125E-02 
3.93289E+01 2.80000E-02  -6.25816E-07 2.85337E-02 
3.93960E+01 2.60000E-02  -6.26277E-07 2.64026E-02 
3.94631E+01 2.40000E-02  -6.27045E-07 2.44237E-02 
3.95302E+01 2.20000E-02  -6.28120E-07 2.24448E-02 
3.95973E+01 2.00000E-02  -6.29195E-07 2.04660E-02 
3.96644E+01 1.80000E-02  -6.30270E-07 1.84871E-02 
3.97315E+01 1.60000E-02  -6.31192E-07 1.65082E-02 
3.97987E+01 1.40000E-02  -6.32881E-07 1.43771E-02 
3.98658E+01 1.20000E-02  -6.34417E-07 1.23982E-02 
3.99329E+01 1.00000E-02  -6.34878E-07 1.05716E-02 
4.00000E+01 8.00000E-03  -6.36874E-07 8.44050E-03 
4.00671E+01 6.00000E-03  -6.37335E-07 6.46163E-03 
4.01342E+01 4.00000E-03  -6.37949E-07 4.48276E-03 
4.02013E+01 2.00000E-03  -6.41328E-07 2.50388E-03 
4.02685E+01 4.17418E-18  -6.39946E-07 5.25010E-04 
4.03356E+01 -2.00000E-03 -6.41021E-07 -1.60608E-03
4.04027E+01 -4.00000E-03 -6.43939E-07 -3.58496E-03
4.04698E+01 -6.00000E-03 -6.41942E-07 -5.56383E-03
4.05369E+01 -8.00000E-03 -6.44400E-07 -7.54270E-03
4.06040E+01 -1.00000E-02 -6.47625E-07 -9.52157E-03
4.06711E+01 -1.20000E-02 -6.45628E-07 -1.15004E-02
4.07383E+01 -1.40000E-02 -6.48853E-07 -1.36315E-02
4.08054E+01 -1.60000E-02 -6.51004E-07 -1.56104E-02
4.08725E+01 -1.80000E-02 -6.48853E-07 -1.74371E-02
4.09396E+01 -2.00000E-02 -6.52847E-07 -1.92637E-02
4.10067E+01 -2.20000E-02 -6.53768E-07 -2.13948E-02
4.10738E+01 -2.40000E-02 -6.51771E-07 -2.33737E-02
4.11409E+01 -2.60000E-02 -6.55918E-07 -2.53526E-02
4.12081E+01 -2.80000E-02 -6.56379E-07 -2.73314E-02
4.12752E+01 -3.00000E-02 -6.54997E-07 -2.93103E-02
4.13423E+01 -3.20000E-02 -6.59450E-07 -3.12892E-02
4.14094E+01 -3.40000E-02 -6.58990E-07 -3.32680E-02
4.14765E+01 -3.60000E-02 -6.58990E-07 -3.53991E-02
4.15436E+01 -3.80000E-02 -6.63136E-07 -3.73780E-02
4.16107E+01 -4.00000E-02 -6.62522E-07 -3.93569E-02
4.16779E+01 -4.20000E-02 -6.62522E-07 -4.13358E-02
4.17450E+01 -4.40000E-02 -6.66669E-07 -4.33146E-02
4.18121E+01 -4.60000E-02 -6.65594E-07 -4.54457E-02
4.18792E+01 -4.80000E-02 -6.65901E-07 -4.74246E-02
4.19463E+01 -5.00000E-02 -6.68819E-07 -4.94035E-02
4.20134E+01 -5.20000E-02 -6.68358E-07 -5.13823E-02
4.20805E+01 -5.40000E-02 -6.68819E-07 -5.33612E-02
4.21477E+01 -5.60000E-02 -6.71276E-07 -5.53401E-02
4.22148E+01 -5.80000E-02 -6.72044E-07 -5.73190E-02
4.22819E+01 -6.00000E-02 -6.72198E-07 -5.94500E-02
4.23490E+01 -6.20000E-02 -6.73733E-07 -6.14289E-02
4.24161E+01 -6.40000E-02 -6.76037E-07 -6.34078E-02
4.24832E+01 -6.60000E-02 -6.75116E-07 -6.53867E-02
4.25503E+01 -6.80000E-02 -6.77112E-07 -6.73655E-02
4.26174E+01 -7.00000E-02 -6.79416E-07 -6.93444E-02
4.26846E+01 -7.20000E-02 -6.77266E-07 -7.14755E-02
4.27517E+01 -7.40000E-02 -6.80184E-07 -7.34544E-02
4.28188E+01 -7.60000E-02 -6.82795E-07 -7.54332E-02
4.28859E+01 -7.80000E-02 -6.80798E-07 -7.74121E-02
4.29530E+01 -8.00000E-02 -6.84023E-07 -7.93910E-02
4.30201E+01 -8.20000E-02 -6.85866E-07 -8.13699E-02
4.30872E+01 -8.40000E-02 -6.83563E-07 -8.35010E-02
4.31544E+01 -8.60000E-02 -6.87249E-07 -8.54798E-02
4.32215E+01 -8.80000E-02 -6.89552E-07 -8.74587E-02
4.32886E+01 -9.00000E-02 -6.86941E-07 -8.94376E-02
4.33557E+01 -9.20000E-02 -6.91395E-07 -9.14165E-02
4.34228E+01 -9.40000E-02 -6.92317E-07 -9.33953E-02
4.34899E+01 -9.60000E-02 -6.89552E-07 -9.53742E-02
4.35570E+01 -9.80000E-02 -6.94928E-07 -9.73531E-02
4.36242E+01 -1.00000E-01 -6.95081E-07 -9.93319E-02
4.36913E+01 -1.02000E-01 -6.92317E-07 -1.01463E-01
4.37584E+01 -1.04000E-01 -6.98153E-07 -1.03442E-01
4.38255E+01 -1.06000E-01 -6.97846E-07 -1.05421E-01
4.38926E+01 -1.08000E-01 -6.96771E-07 -1.07247E-01
4.39597E+01 -1.10000E-01 -7.01685E-07 -1.09379E-01
4.40268E+01 -1.12000E-01 -7.01224E-07 -1.11357E-01
4.40940E+01 -1.14000E-01 -7.01071E-07 -1.13336E-01
4.41611E+01 -1.16000E-01 -7.04910E-07 -1.15467E-01
4.42282E+01 -1.18000E-01 -7.04450E-07 -1.17446E-01
4.42953E+01 -1.20000E-01 -7.05217E-07 -1.19425E-01
4.43624E+01 -1.22000E-01 -7.07982E-07 -1.21404E-01
4.44295E+01 -1.24000E-01 -7.07828E-07 -1.23535E-01
4.44966E+01 -1.26000E-01 -7.08903E-07 -1.25362E-01
4.45638E+01 -1.28000E-01 -7.11053E-07 -1.27341E-01
4.46309E+01 -1.30000E-01 -7.11514E-07 -1.29472E-01
4.46980E+01 -1.32000E-01 -7.13204E-07 -1.31451E-01
4.47651E+01 -1.34000E-01 -7.14125E-07 -1.33429E-01
4.48322E+01 -1.36000E-01 -7.15507E-07 -1.35408E-01
4.48993E+01 -1.38000E-01 -7.17350E-07 -1.37387E-01
4.49664E+01 -1.40000E-01 -7.17657E-07 -1.39366E-01
4.50336E+01 -1.42000E-01 -7.19654E-07 -1.41345E-01
4.51007E+01 -1.44000E-01 -7.22265E-07 -1.43476E-01
4.51678E+01 -1.46000E-01 -7.20883E-07 -1.45303E-01
4.52349E+01 -1.48000E-01 -7.23647E-07 -1.47434E-01
4.53020E+01 -1.50000E-01 -7.25644E-07 -1.49413E-01
4.53691E+01 -1.52000E-01 -7.25029E-07 -1.51544E-01
4.54362E+01 -1.54000E-01 -7.27333E-07 -1.53523E-01
4.55034E+01 -1.56000E-01 -7.29790E-07 -1.55501E-01
4.55705E+01 -1.58000E-01 -7.29176E-07 -1.57480E-01
4.56376E+01 -1.60000E-01 -7.32248E-07 -1.59459E-01
4.57047E+01 -1.62000E-01 -7.33783E-07 -1.61590E-01
4.57718E+01 -1.64000E-01 -7.34091E-07 -1.63569E-01
4.58389E+01 -1.66000E-01 -7.35934E-07 -1.65396E-01
4.59060E+01 -1.68000E-01 -7.36548E-07 -1.67527E-01
4.59732E+01 -1.70000E-01 -7.38852E-07 -1.69506E-01
4.60403E+01 -1.72000E-01 -7.40080E-07 -1.71485E-01
4.61074E+01 -1.74000E-01 -7.43459E-07 -1.73464E-01
4.61745E+01 -1.76000E-01 -7.43152E-07 -1.75290E-01
4.62416E+01 -1.78000E-01 -7.43305E-07 -1.77269E-01
4.63087E+01 -1.80000E-01 -7.48988E-07 -1.79248E-01
4.63758E+01 -1.82000E-01 -7.47452E-07 -1.81227E-01
4.64430E+01 -1.84000E-01 -7.48220E-07 -1.83206E-01
4.65101E+01 -1.86000E-01 -7.54824E-07 -1.85337E-01
4.65772E+01 -1.88000E-01 -7.52520E-07 -1.87163E-01
4.66443E+01 -1.90000E-01 -7.52367E-07 -1.89295E-01
4.67114E+01 -1.92000E-01 -7.60506E-07 -1.91273E-01
4.67785E+01 -1.94000E-01 -7.56513E-07 -1.93252E-01
4.68456E+01 -1.96000E-01 -7.57435E-07 -1.95383E-01
4.69128E+01 -1.98000E-01 -7.65728E-07 -1.97362E-01
